insertId,"jsonPayload.""logging.googleapis.com/sourceLocation"".file","jsonPayload.""logging.googleapis.com/sourceLocation"".method",jsonPayload.message,"labels.""goog-managed-by""",labels.instanceId,logName,receiveLocation,receiveTimestamp,resource.labels.configuration_name,resource.labels.location,resource.labels.project_id,resource.labels.revision_name,resource.labels.service_name,resource.type,severity,sourceLocation.file,timestamp
65e0e95100072685d1e4666b,functions/Logic.java,service,cpu:=5600000000  rt:=5783690167,cloudfunctions,00d087f5e04921ffa2ae878763f0217abb165fe4fe9a2e8a027ba11aed30e41dbddf4fc8615626ade2ce81a05b33cc0543a90b189fc41ef2749e7ddb07fe1c9b9eae6c,projects/modellearning/logs/run.googleapis.com%2Fstdout,,2024-02-29T20:30:09.724649126Z,sscartquery,northamerica-northeast1,modellearning,sscartquery-00011-jzl,sscartquery,cloud_run_revision,INFO,functions/Logic.java,2024-02-29T20:30:09.468613Z
65e0e94d000109ade5091994,functions/Logic.java,service,cpu:=220000000  rt:=228493573,cloudfunctions,00d087f5e0fb53247b367efd3d5bd3eb6ec2079ea1f90edc419a49866437bf458cfeca444aeaa3b7daf5636b05c06cb47d5f161f950d27b45213cc036890ef6262ebf3,projects/modellearning/logs/run.googleapis.com%2Fstdout,,2024-02-29T20:30:05.396156425Z,sscartquery,northamerica-northeast1,modellearning,sscartquery-00011-jzl,sscartquery,cloud_run_revision,INFO,functions/Logic.java,2024-02-29T20:30:05.068013Z
65e0e94b000d2d8d7dd9c601,functions/Logic.java,service,cpu:=940000000  rt:=962064442,cloudfunctions,00d087f5e0fb53247b367efd3d5bd3eb6ec2079ea1f90edc419a49866437bf458cfeca444aeaa3b7daf5636b05c06cb47d5f161f950d27b45213cc036890ef6262ebf3,projects/modellearning/logs/run.googleapis.com%2Fstdout,,2024-02-29T20:30:04.063982801Z,sscartquery,northamerica-northeast1,modellearning,sscartquery-00011-jzl,sscartquery,cloud_run_revision,INFO,functions/Logic.java,2024-02-29T20:30:03.863629Z
65e0e94b000b34282a4a9445,functions/Logic.java,service,cpu:=740000000  rt:=786877885,cloudfunctions,00d087f5e0508b90f669d2e778e5edb119d2cf95bbdf1d474990a4029916e734b09cb9a2fbea2793facea51d590b84a7b32d827e55698dd1314956e833b1573e692dea,projects/modellearning/logs/run.googleapis.com%2Fstdout,,2024-02-29T20:30:04.063982801Z,sscartquery,northamerica-northeast1,modellearning,sscartquery-00011-jzl,sscartquery,cloud_run_revision,INFO,functions/Logic.java,2024-02-29T20:30:03.734248Z
65e0e94a0003aabcdb3d8c6d,functions/Logic.java,service,cpu:=1370000000  rt:=1604404854,cloudfunctions,00d087f5e0fb53247b367efd3d5bd3eb6ec2079ea1f90edc419a49866437bf458cfeca444aeaa3b7daf5636b05c06cb47d5f161f950d27b45213cc036890ef6262ebf3,projects/modellearning/logs/run.googleapis.com%2Fstdout,,2024-02-29T20:30:02.398563122Z,sscartquery,northamerica-northeast1,modellearning,sscartquery-00011-jzl,sscartquery,cloud_run_revision,INFO,functions/Logic.java,2024-02-29T20:30:02.240316Z
65e0e94900020cd2c03c1909,functions/Logic.java,service,cpu:=37690000000  rt:=498268296,cloudfunctions,00d087f5e0fb53247b367efd3d5bd3eb6ec2079ea1f90edc419a49866437bf458cfeca444aeaa3b7daf5636b05c06cb47d5f161f950d27b45213cc036890ef6262ebf3,projects/modellearning/logs/run.googleapis.com%2Fstdout,,2024-02-29T20:30:01.399686031Z,sscartquery,northamerica-northeast1,modellearning,sscartquery-00011-jzl,sscartquery,cloud_run_revision,INFO,functions/Logic.java,2024-02-29T20:30:01.134354Z
65e0e94800095747bdc0d8e3,functions/Logic.java,service,cpu:=330000000  rt:=347905945,cloudfunctions,00d087f5e0c28364f40a88ea65440fad99d864800ea3cc4f8b70fe4c04ce8ea9bd6aa21cc40c9f2508c1dde8fc79b324f27e029f2d84aed35c039754a5d33a775a009f,projects/modellearning/logs/run.googleapis.com%2Fstdout,,2024-02-29T20:30:00.734266850Z,sscartquery,northamerica-northeast1,modellearning,sscartquery-00011-jzl,sscartquery,cloud_run_revision,INFO,functions/Logic.java,2024-02-29T20:30:00.612167Z
65e0e9480004eab6d397c416,functions/Logic.java,service,cpu:=360000000  rt:=370701675,cloudfunctions,00d087f5e0d4d81528cf22cb133c2e4dd9a2c4ce3eab40a6348fdb235a3535110a2312ab0cf8d4076c1e91472dbd37c7a81eb9097195cd3f6758925e661bb3dd5e03a2,projects/modellearning/logs/run.googleapis.com%2Fstdout,,2024-02-29T20:30:00.655446681Z,sscartquery,northamerica-northeast1,modellearning,sscartquery-00011-jzl,sscartquery,cloud_run_revision,INFO,functions/Logic.java,2024-02-29T20:30:00.322230Z
65e0e948000424d37fd8729a,functions/Logic.java,service,cpu:=2980000000  rt:=3084780198,cloudfunctions,00d087f5e04921ffa2ae878763f0217abb165fe4fe9a2e8a027ba11aed30e41dbddf4fc8615626ade2ce81a05b33cc0543a90b189fc41ef2749e7ddb07fe1c9b9eae6c,projects/modellearning/logs/run.googleapis.com%2Fstdout,,2024-02-29T20:30:00.400362562Z,sscartquery,northamerica-northeast1,modellearning,sscartquery-00011-jzl,sscartquery,cloud_run_revision,INFO,functions/Logic.java,2024-02-29T20:30:00.271571Z
65e0e947000d3e2bea24a1b0,functions/Logic.java,service,cpu:=1470000000  rt:=1508966538,cloudfunctions,00d087f5e0d4d81528cf22cb133c2e4dd9a2c4ce3eab40a6348fdb235a3535110a2312ab0cf8d4076c1e91472dbd37c7a81eb9097195cd3f6758925e661bb3dd5e03a2,projects/modellearning/logs/run.googleapis.com%2Fstdout,,2024-02-29T20:29:59.989082740Z,sscartquery,northamerica-northeast1,modellearning,sscartquery-00011-jzl,sscartquery,cloud_run_revision,INFO,functions/Logic.java,2024-02-29T20:29:59.867883Z
65e0e946000cda0e839fdd3a,functions/Logic.java,service,cpu:=750000000  rt:=789257942,cloudfunctions,00d087f5e0508b90f669d2e778e5edb119d2cf95bbdf1d474990a4029916e734b09cb9a2fbea2793facea51d590b84a7b32d827e55698dd1314956e833b1573e692dea,projects/modellearning/logs/run.googleapis.com%2Fstdout,,2024-02-29T20:29:59.068138992Z,sscartquery,northamerica-northeast1,modellearning,sscartquery-00011-jzl,sscartquery,cloud_run_revision,INFO,functions/Logic.java,2024-02-29T20:29:58.842254Z
65e0e946000948400636d030,functions/Logic.java,service,cpu:=190000000  rt:=184706499,cloudfunctions,00d087f5e0fb53247b367efd3d5bd3eb6ec2079ea1f90edc419a49866437bf458cfeca444aeaa3b7daf5636b05c06cb47d5f161f950d27b45213cc036890ef6262ebf3,projects/modellearning/logs/run.googleapis.com%2Fstdout,,2024-02-29T20:29:58.735512427Z,sscartquery,northamerica-northeast1,modellearning,sscartquery-00011-jzl,sscartquery,cloud_run_revision,INFO,functions/Logic.java,2024-02-29T20:29:58.608320Z
65e0e94600056011a49e625c,functions/Logic.java,service,cpu:=-23350000000  rt:=2817077998,cloudfunctions,00d087f5e0fb53247b367efd3d5bd3eb6ec2079ea1f90edc419a49866437bf458cfeca444aeaa3b7daf5636b05c06cb47d5f161f950d27b45213cc036890ef6262ebf3,projects/modellearning/logs/run.googleapis.com%2Fstdout,,2024-02-29T20:29:58.401502907Z,sscartquery,northamerica-northeast1,modellearning,sscartquery-00011-jzl,sscartquery,cloud_run_revision,INFO,functions/Logic.java,2024-02-29T20:29:58.352273Z
65e0e9460001cb9c9d7e966b,functions/Logic.java,service,cpu:=190000000  rt:=186693149,cloudfunctions,00d087f5e0d4d81528cf22cb133c2e4dd9a2c4ce3eab40a6348fdb235a3535110a2312ab0cf8d4076c1e91472dbd37c7a81eb9097195cd3f6758925e661bb3dd5e03a2,projects/modellearning/logs/run.googleapis.com%2Fstdout,,2024-02-29T20:29:58.324403909Z,sscartquery,northamerica-northeast1,modellearning,sscartquery-00011-jzl,sscartquery,cloud_run_revision,INFO,functions/Logic.java,2024-02-29T20:29:58.117660Z
65e0e94400051ae14dad2f93,functions/Logic.java,service,cpu:=280000000  rt:=286448819,cloudfunctions,00d087f5e0c28364f40a88ea65440fad99d864800ea3cc4f8b70fe4c04ce8ea9bd6aa21cc40c9f2508c1dde8fc79b324f27e029f2d84aed35c039754a5d33a775a009f,projects/modellearning/logs/run.googleapis.com%2Fstdout,,2024-02-29T20:29:56.403596886Z,sscartquery,northamerica-northeast1,modellearning,sscartquery-00011-jzl,sscartquery,cloud_run_revision,INFO,functions/Logic.java,2024-02-29T20:29:56.334561Z
65e0e9440002ab2b31a769dc,functions/Logic.java,service,cpu:=340000000  rt:=638627623,cloudfunctions,00d087f5e0fb53247b367efd3d5bd3eb6ec2079ea1f90edc419a49866437bf458cfeca444aeaa3b7daf5636b05c06cb47d5f161f950d27b45213cc036890ef6262ebf3,projects/modellearning/logs/run.googleapis.com%2Fstdout,,2024-02-29T20:29:56.403596886Z,sscartquery,northamerica-northeast1,modellearning,sscartquery-00011-jzl,sscartquery,cloud_run_revision,INFO,functions/Logic.java,2024-02-29T20:29:56.174891Z
65e0e9430006cbe5d54f872e,functions/Logic.java,service,cpu:=-10750000000  rt:=288949126,cloudfunctions,00d087f5e0fb53247b367efd3d5bd3eb6ec2079ea1f90edc419a49866437bf458cfeca444aeaa3b7daf5636b05c06cb47d5f161f950d27b45213cc036890ef6262ebf3,projects/modellearning/logs/run.googleapis.com%2Fstdout,,2024-02-29T20:29:55.731327473Z,sscartquery,northamerica-northeast1,modellearning,sscartquery-00011-jzl,sscartquery,cloud_run_revision,INFO,functions/Logic.java,2024-02-29T20:29:55.445413Z
65e0e941000a259c05f5b4ca,functions/Logic.java,service,cpu:=1080000000  rt:=1107239079,cloudfunctions,00d087f5e0fb53247b367efd3d5bd3eb6ec2079ea1f90edc419a49866437bf458cfeca444aeaa3b7daf5636b05c06cb47d5f161f950d27b45213cc036890ef6262ebf3,projects/modellearning/logs/run.googleapis.com%2Fstdout,,2024-02-29T20:29:53.733232297Z,sscartquery,northamerica-northeast1,modellearning,sscartquery-00011-jzl,sscartquery,cloud_run_revision,INFO,functions/Logic.java,2024-02-29T20:29:53.664988Z
65e0e9410007992a7b60839d,functions/Logic.java,service,cpu:=1220000000  rt:=1244880239,cloudfunctions,00d087f5e0d4d81528cf22cb133c2e4dd9a2c4ce3eab40a6348fdb235a3535110a2312ab0cf8d4076c1e91472dbd37c7a81eb9097195cd3f6758925e661bb3dd5e03a2,projects/modellearning/logs/run.googleapis.com%2Fstdout,,2024-02-29T20:29:53.656727940Z,sscartquery,northamerica-northeast1,modellearning,sscartquery-00011-jzl,sscartquery,cloud_run_revision,INFO,functions/Logic.java,2024-02-29T20:29:53.497962Z
65e0e9400008c64588ddeb41,functions/Logic.java,service,cpu:=670000000  rt:=695338623,cloudfunctions,00d087f5e0508b90f669d2e778e5edb119d2cf95bbdf1d474990a4029916e734b09cb9a2fbea2793facea51d590b84a7b32d827e55698dd1314956e833b1573e692dea,projects/modellearning/logs/run.googleapis.com%2Fstdout,,2024-02-29T20:29:52.733415898Z,sscartquery,northamerica-northeast1,modellearning,sscartquery-00011-jzl,sscartquery,cloud_run_revision,INFO,functions/Logic.java,2024-02-29T20:29:52.575045Z
65e0e940000796ede1a870b8,functions/Logic.java,service,cpu:=46410000000  rt:=4289613163,cloudfunctions,00d087f5e0fb53247b367efd3d5bd3eb6ec2079ea1f90edc419a49866437bf458cfeca444aeaa3b7daf5636b05c06cb47d5f161f950d27b45213cc036890ef6262ebf3,projects/modellearning/logs/run.googleapis.com%2Fstdout,,2024-02-29T20:29:52.733415898Z,sscartquery,northamerica-northeast1,modellearning,sscartquery-00011-jzl,sscartquery,cloud_run_revision,INFO,functions/Logic.java,2024-02-29T20:29:52.497389Z
65e0e94000002db6450bf4b1,functions/Logic.java,service,cpu:=1890000000  rt:=1951424839,cloudfunctions,00d087f5e04921ffa2ae878763f0217abb165fe4fe9a2e8a027ba11aed30e41dbddf4fc8615626ade2ce81a05b33cc0543a90b189fc41ef2749e7ddb07fe1c9b9eae6c,projects/modellearning/logs/run.googleapis.com%2Fstdout,,2024-02-29T20:29:52.067969126Z,sscartquery,northamerica-northeast1,modellearning,sscartquery-00011-jzl,sscartquery,cloud_run_revision,INFO,functions/Logic.java,2024-02-29T20:29:52.011702Z
65e0e93f000e906c03d7ee9f,functions/Logic.java,service,cpu:=400000000  rt:=402444066,cloudfunctions,00d087f5e0c28364f40a88ea65440fad99d864800ea3cc4f8b70fe4c04ce8ea9bd6aa21cc40c9f2508c1dde8fc79b324f27e029f2d84aed35c039754a5d33a775a009f,projects/modellearning/logs/run.googleapis.com%2Fstdout,,2024-02-29T20:29:52.067969126Z,sscartquery,northamerica-northeast1,modellearning,sscartquery-00011-jzl,sscartquery,cloud_run_revision,INFO,functions/Logic.java,2024-02-29T20:29:51.954476Z
65e0e93e000a39705bc2c59c,functions/Logic.java,service,cpu:=40000000  rt:=40048086,cloudfunctions,00d087f5e0508b90f669d2e778e5edb119d2cf95bbdf1d474990a4029916e734b09cb9a2fbea2793facea51d590b84a7b32d827e55698dd1314956e833b1573e692dea,projects/modellearning/logs/run.googleapis.com%2Fstdout,,2024-02-29T20:29:50.736113515Z,sscartquery,northamerica-northeast1,modellearning,sscartquery-00011-jzl,sscartquery,cloud_run_revision,INFO,functions/Logic.java,2024-02-29T20:29:50.670064Z
65e0e93d000d4d2775adf743,functions/Logic.java,service,cpu:=1250000000  rt:=1293787084,cloudfunctions,00d087f5e0b82d4393d4a7bbb7f14727933f8b96724a91b37d40394984760349848f0c657a1b55ad143d87d15617c08a8ba76acddb65a7eb3b550a40e4aceccdfb8d33,projects/modellearning/logs/run.googleapis.com%2Fstdout,,2024-02-29T20:29:50.070224092Z,sscartquery,northamerica-northeast1,modellearning,sscartquery-00011-jzl,sscartquery,cloud_run_revision,INFO,functions/Logic.java,2024-02-29T20:29:49.871719Z
65e0e93d0009aea9ee6d436e,functions/Logic.java,service,cpu:=770000000  rt:=1426360021,cloudfunctions,00d087f5e0fb53247b367efd3d5bd3eb6ec2079ea1f90edc419a49866437bf458cfeca444aeaa3b7daf5636b05c06cb47d5f161f950d27b45213cc036890ef6262ebf3,projects/modellearning/logs/run.googleapis.com%2Fstdout,,2024-02-29T20:29:49.736912799Z,sscartquery,northamerica-northeast1,modellearning,sscartquery-00011-jzl,sscartquery,cloud_run_revision,INFO,functions/Logic.java,2024-02-29T20:29:49.634537Z
65e0e93c0007a38ef3f1eee9,functions/Logic.java,service,cpu:=220000000  rt:=217135517,cloudfunctions,00d087f5e0c28364f40a88ea65440fad99d864800ea3cc4f8b70fe4c04ce8ea9bd6aa21cc40c9f2508c1dde8fc79b324f27e029f2d84aed35c039754a5d33a775a009f,projects/modellearning/logs/run.googleapis.com%2Fstdout,,2024-02-29T20:29:48.737325483Z,sscartquery,northamerica-northeast1,modellearning,sscartquery-00011-jzl,sscartquery,cloud_run_revision,INFO,functions/Logic.java,2024-02-29T20:29:48.500622Z
65e0e93b0004dd109c848036,functions/Logic.java,service,cpu:=40000000  rt:=39899736,cloudfunctions,00d087f5e0fb53247b367efd3d5bd3eb6ec2079ea1f90edc419a49866437bf458cfeca444aeaa3b7daf5636b05c06cb47d5f161f950d27b45213cc036890ef6262ebf3,projects/modellearning/logs/run.googleapis.com%2Fstdout,,2024-02-29T20:29:47.405302587Z,sscartquery,northamerica-northeast1,modellearning,sscartquery-00011-jzl,sscartquery,cloud_run_revision,INFO,functions/Logic.java,2024-02-29T20:29:47.318736Z
65e0e93b000286d495ab7b76,functions/Logic.java,service,cpu:=550000000  rt:=566257916,cloudfunctions,00d087f5e0508b90f669d2e778e5edb119d2cf95bbdf1d474990a4029916e734b09cb9a2fbea2793facea51d590b84a7b32d827e55698dd1314956e833b1573e692dea,projects/modellearning/logs/run.googleapis.com%2Fstdout,,2024-02-29T20:29:47.405302587Z,sscartquery,northamerica-northeast1,modellearning,sscartquery-00011-jzl,sscartquery,cloud_run_revision,INFO,functions/Logic.java,2024-02-29T20:29:47.165588Z
65e0e93a000af03da3bb4755,functions/Logic.java,service,cpu:=730000000  rt:=1233685364,cloudfunctions,00d087f5e0d4d81528cf22cb133c2e4dd9a2c4ce3eab40a6348fdb235a3535110a2312ab0cf8d4076c1e91472dbd37c7a81eb9097195cd3f6758925e661bb3dd5e03a2,projects/modellearning/logs/run.googleapis.com%2Fstdout,,2024-02-29T20:29:46.996538503Z,sscartquery,northamerica-northeast1,modellearning,sscartquery-00011-jzl,sscartquery,cloud_run_revision,INFO,functions/Logic.java,2024-02-29T20:29:46.716861Z
65e0e93a000aef72ce11fa5e,functions/Logic.java,service,cpu:=-720000000  rt:=1233246255,cloudfunctions,00d087f5e0d4d81528cf22cb133c2e4dd9a2c4ce3eab40a6348fdb235a3535110a2312ab0cf8d4076c1e91472dbd37c7a81eb9097195cd3f6758925e661bb3dd5e03a2,projects/modellearning/logs/run.googleapis.com%2Fstdout,,2024-02-29T20:29:46.996538503Z,sscartquery,northamerica-northeast1,modellearning,sscartquery-00011-jzl,sscartquery,cloud_run_revision,INFO,functions/Logic.java,2024-02-29T20:29:46.716658Z
65e0e93a0009194293499ea3,functions/Logic.java,service,cpu:=210000000  rt:=217024095,cloudfunctions,00d087f5e0fb53247b367efd3d5bd3eb6ec2079ea1f90edc419a49866437bf458cfeca444aeaa3b7daf5636b05c06cb47d5f161f950d27b45213cc036890ef6262ebf3,projects/modellearning/logs/run.googleapis.com%2Fstdout,,2024-02-29T20:29:46.738164780Z,sscartquery,northamerica-northeast1,modellearning,sscartquery-00011-jzl,sscartquery,cloud_run_revision,INFO,functions/Logic.java,2024-02-29T20:29:46.596290Z
65e0e9390005b048eaccc09d,functions/Logic.java,service,cpu:=20000000  rt:=22241045,cloudfunctions,00d087f5e0fb53247b367efd3d5bd3eb6ec2079ea1f90edc419a49866437bf458cfeca444aeaa3b7daf5636b05c06cb47d5f161f950d27b45213cc036890ef6262ebf3,projects/modellearning/logs/run.googleapis.com%2Fstdout,,2024-02-29T20:29:45.406805062Z,sscartquery,northamerica-northeast1,modellearning,sscartquery-00011-jzl,sscartquery,cloud_run_revision,INFO,functions/Logic.java,2024-02-29T20:29:45.372808Z
65e0e93900012f40e931b190,functions/Logic.java,service,cpu:=-15430000000  rt:=1904886431,cloudfunctions,00d087f5e0fb53247b367efd3d5bd3eb6ec2079ea1f90edc419a49866437bf458cfeca444aeaa3b7daf5636b05c06cb47d5f161f950d27b45213cc036890ef6262ebf3,projects/modellearning/logs/run.googleapis.com%2Fstdout,,2024-02-29T20:29:45.406805062Z,sscartquery,northamerica-northeast1,modellearning,sscartquery-00011-jzl,sscartquery,cloud_run_revision,INFO,functions/Logic.java,2024-02-29T20:29:45.077632Z
65e0e938000837fdbd12e984,functions/Logic.java,service,cpu:=60000000  rt:=59316518,cloudfunctions,00d087f5e04921ffa2ae878763f0217abb165fe4fe9a2e8a027ba11aed30e41dbddf4fc8615626ade2ce81a05b33cc0543a90b189fc41ef2749e7ddb07fe1c9b9eae6c,projects/modellearning/logs/run.googleapis.com%2Fstdout,,2024-02-29T20:29:44.739995263Z,sscartquery,northamerica-northeast1,modellearning,sscartquery-00011-jzl,sscartquery,cloud_run_revision,INFO,functions/Logic.java,2024-02-29T20:29:44.538621Z
65e0e938000135b284a00101,functions/Logic.java,service,cpu:=400000000  rt:=425432037,cloudfunctions,00d087f5e0b82d4393d4a7bbb7f14727933f8b96724a91b37d40394984760349848f0c657a1b55ad143d87d15617c08a8ba76acddb65a7eb3b550a40e4aceccdfb8d33,projects/modellearning/logs/run.googleapis.com%2Fstdout,,2024-02-29T20:29:44.406924018Z,sscartquery,northamerica-northeast1,modellearning,sscartquery-00011-jzl,sscartquery,cloud_run_revision,INFO,functions/Logic.java,2024-02-29T20:29:44.079282Z
65e0e9380001312cc9c94d61,functions/Logic.java,service,cpu:=310000000  rt:=314943319,cloudfunctions,00d087f5e0c28364f40a88ea65440fad99d864800ea3cc4f8b70fe4c04ce8ea9bd6aa21cc40c9f2508c1dde8fc79b324f27e029f2d84aed35c039754a5d33a775a009f,projects/modellearning/logs/run.googleapis.com%2Fstdout,,2024-02-29T20:29:44.406924018Z,sscartquery,northamerica-northeast1,modellearning,sscartquery-00011-jzl,sscartquery,cloud_run_revision,INFO,functions/Logic.java,2024-02-29T20:29:44.078124Z
65e0e93700093d2ed6187b8b,functions/Logic.java,service,cpu:=50000000  rt:=53072024,cloudfunctions,00d087f5e0508b90f669d2e778e5edb119d2cf95bbdf1d474990a4029916e734b09cb9a2fbea2793facea51d590b84a7b32d827e55698dd1314956e833b1573e692dea,projects/modellearning/logs/run.googleapis.com%2Fstdout,,2024-02-29T20:29:43.741571689Z,sscartquery,northamerica-northeast1,modellearning,sscartquery-00011-jzl,sscartquery,cloud_run_revision,INFO,functions/Logic.java,2024-02-29T20:29:43.605486Z
65e0e93700055f46297335c5,functions/Logic.java,service,cpu:=110000000  rt:=178930863,cloudfunctions,00d087f5e0fb53247b367efd3d5bd3eb6ec2079ea1f90edc419a49866437bf458cfeca444aeaa3b7daf5636b05c06cb47d5f161f950d27b45213cc036890ef6262ebf3,projects/modellearning/logs/run.googleapis.com%2Fstdout,,2024-02-29T20:29:43.408762376Z,sscartquery,northamerica-northeast1,modellearning,sscartquery-00011-jzl,sscartquery,cloud_run_revision,INFO,functions/Logic.java,2024-02-29T20:29:43.352070Z
65e0e9370003cb7fdd239a70,functions/Logic.java,service,cpu:=650000000  rt:=690433274,cloudfunctions,00d087f5e04921ffa2ae878763f0217abb165fe4fe9a2e8a027ba11aed30e41dbddf4fc8615626ade2ce81a05b33cc0543a90b189fc41ef2749e7ddb07fe1c9b9eae6c,projects/modellearning/logs/run.googleapis.com%2Fstdout,,2024-02-29T20:29:43.408762376Z,sscartquery,northamerica-northeast1,modellearning,sscartquery-00011-jzl,sscartquery,cloud_run_revision,INFO,functions/Logic.java,2024-02-29T20:29:43.248703Z
65e0e937000289eb0a066f85,functions/Logic.java,service,cpu:=25760000000  rt:=1798144770,cloudfunctions,00d087f5e0d4d81528cf22cb133c2e4dd9a2c4ce3eab40a6348fdb235a3535110a2312ab0cf8d4076c1e91472dbd37c7a81eb9097195cd3f6758925e661bb3dd5e03a2,projects/modellearning/logs/run.googleapis.com%2Fstdout,,2024-02-29T20:29:43.333366250Z,sscartquery,northamerica-northeast1,modellearning,sscartquery-00011-jzl,sscartquery,cloud_run_revision,INFO,functions/Logic.java,2024-02-29T20:29:43.166379Z
65e0e937000237a4527c68b5,functions/Logic.java,service,cpu:=970000000  rt:=1777069394,cloudfunctions,00d087f5e0d4d81528cf22cb133c2e4dd9a2c4ce3eab40a6348fdb235a3535110a2312ab0cf8d4076c1e91472dbd37c7a81eb9097195cd3f6758925e661bb3dd5e03a2,projects/modellearning/logs/run.googleapis.com%2Fstdout,,2024-02-29T20:29:43.333366250Z,sscartquery,northamerica-northeast1,modellearning,sscartquery-00011-jzl,sscartquery,cloud_run_revision,INFO,functions/Logic.java,2024-02-29T20:29:43.145316Z
65e0e93700020e8ef1c4a389,functions/Logic.java,service,cpu:=17330000000  rt:=88933740,cloudfunctions,00d087f5e0fb53247b367efd3d5bd3eb6ec2079ea1f90edc419a49866437bf458cfeca444aeaa3b7daf5636b05c06cb47d5f161f950d27b45213cc036890ef6262ebf3,projects/modellearning/logs/run.googleapis.com%2Fstdout,,2024-02-29T20:29:43.408762376Z,sscartquery,northamerica-northeast1,modellearning,sscartquery-00011-jzl,sscartquery,cloud_run_revision,INFO,functions/Logic.java,2024-02-29T20:29:43.134798Z
65e0e93600040166c5bf1712,functions/Logic.java,service,cpu:=2800000000  rt:=2879949283,cloudfunctions,00d087f5e0c28364f40a88ea65440fad99d864800ea3cc4f8b70fe4c04ce8ea9bd6aa21cc40c9f2508c1dde8fc79b324f27e029f2d84aed35c039754a5d33a775a009f,projects/modellearning/logs/run.googleapis.com%2Fstdout,,2024-02-29T20:29:42.409641180Z,sscartquery,northamerica-northeast1,modellearning,sscartquery-00011-jzl,sscartquery,cloud_run_revision,INFO,functions/Logic.java,2024-02-29T20:29:42.262502Z
65e0e9360000dcd2e3a0a5dd,functions/Logic.java,service,cpu:=990000000  rt:=1027965418,cloudfunctions,00d087f5e0b82d4393d4a7bbb7f14727933f8b96724a91b37d40394984760349848f0c657a1b55ad143d87d15617c08a8ba76acddb65a7eb3b550a40e4aceccdfb8d33,projects/modellearning/logs/run.googleapis.com%2Fstdout,,2024-02-29T20:29:42.076655066Z,sscartquery,northamerica-northeast1,modellearning,sscartquery-00011-jzl,sscartquery,cloud_run_revision,INFO,functions/Logic.java,2024-02-29T20:29:42.056530Z
65e0e935000cbc1c760dea89,functions/Logic.java,service,cpu:=1460000000  rt:=1533285261,cloudfunctions,00d087f5e0508b90f669d2e778e5edb119d2cf95bbdf1d474990a4029916e734b09cb9a2fbea2793facea51d590b84a7b32d827e55698dd1314956e833b1573e692dea,projects/modellearning/logs/run.googleapis.com%2Fstdout,,2024-02-29T20:29:42.076655066Z,sscartquery,northamerica-northeast1,modellearning,sscartquery-00011-jzl,sscartquery,cloud_run_revision,INFO,functions/Logic.java,2024-02-29T20:29:41.834588Z
65e0e935000a773ec5618ab9,functions/Logic.java,service,cpu:=570000000  rt:=578178404,cloudfunctions,00d087f5e04921ffa2ae878763f0217abb165fe4fe9a2e8a027ba11aed30e41dbddf4fc8615626ade2ce81a05b33cc0543a90b189fc41ef2749e7ddb07fe1c9b9eae6c,projects/modellearning/logs/run.googleapis.com%2Fstdout,,2024-02-29T20:29:41.744088475Z,sscartquery,northamerica-northeast1,modellearning,sscartquery-00011-jzl,sscartquery,cloud_run_revision,INFO,functions/Logic.java,2024-02-29T20:29:41.685886Z
65e0e935000a14561c34d98f,functions/Logic.java,service,cpu:=2820000000  rt:=2938911701,cloudfunctions,00d087f5e0fb53247b367efd3d5bd3eb6ec2079ea1f90edc419a49866437bf458cfeca444aeaa3b7daf5636b05c06cb47d5f161f950d27b45213cc036890ef6262ebf3,projects/modellearning/logs/run.googleapis.com%2Fstdout,,2024-02-29T20:29:41.744088475Z,sscartquery,northamerica-northeast1,modellearning,sscartquery-00011-jzl,sscartquery,cloud_run_revision,INFO,functions/Logic.java,2024-02-29T20:29:41.660566Z
65e0e934000b34d2452c93e9,functions/Logic.java,service,cpu:=1490000000  rt:=1542799402,cloudfunctions,00d087f5e07bdae58c1f4da3364551cac54ac5362bf1a9581e7d4bf9a32f14aae9b89d873ef09e84a16dbd253a49be122c24eb757e668e06c6c2cc19262d914e45e911,projects/modellearning/logs/run.googleapis.com%2Fstdout,,2024-02-29T20:29:40.744736745Z,sscartquery,northamerica-northeast1,modellearning,sscartquery-00011-jzl,sscartquery,cloud_run_revision,INFO,functions/Logic.java,2024-02-29T20:29:40.734418Z
65e0e933000e569b0731fb86,functions/Logic.java,service,cpu:=2880000000  rt:=2966361660,cloudfunctions,00d087f5e04921ffa2ae878763f0217abb165fe4fe9a2e8a027ba11aed30e41dbddf4fc8615626ade2ce81a05b33cc0543a90b189fc41ef2749e7ddb07fe1c9b9eae6c,projects/modellearning/logs/run.googleapis.com%2Fstdout,,2024-02-29T20:29:40.077697495Z,sscartquery,northamerica-northeast1,modellearning,sscartquery-00011-jzl,sscartquery,cloud_run_revision,INFO,functions/Logic.java,2024-02-29T20:29:39.939675Z
65e0e933000e4bcaddf5e430,functions/Logic.java,service,cpu:=1020000000  rt:=1076107663,cloudfunctions,00d087f5e0b82d4393d4a7bbb7f14727933f8b96724a91b37d40394984760349848f0c657a1b55ad143d87d15617c08a8ba76acddb65a7eb3b550a40e4aceccdfb8d33,projects/modellearning/logs/run.googleapis.com%2Fstdout,,2024-02-29T20:29:40.077697495Z,sscartquery,northamerica-northeast1,modellearning,sscartquery-00011-jzl,sscartquery,cloud_run_revision,INFO,functions/Logic.java,2024-02-29T20:29:39.936906Z
65e0e9330007e2ca7eb35817,functions/Logic.java,service,cpu:=-20720000000  rt:=2158559560,cloudfunctions,00d087f5e0d4d81528cf22cb133c2e4dd9a2c4ce3eab40a6348fdb235a3535110a2312ab0cf8d4076c1e91472dbd37c7a81eb9097195cd3f6758925e661bb3dd5e03a2,projects/modellearning/logs/run.googleapis.com%2Fstdout,,2024-02-29T20:29:39.670413120Z,sscartquery,northamerica-northeast1,modellearning,sscartquery-00011-jzl,sscartquery,cloud_run_revision,INFO,functions/Logic.java,2024-02-29T20:29:39.516810Z
65e0e9330007018a642da76d,functions/Logic.java,service,cpu:=1040000000  rt:=1072478552,cloudfunctions,00d087f5e0508b90f669d2e778e5edb119d2cf95bbdf1d474990a4029916e734b09cb9a2fbea2793facea51d590b84a7b32d827e55698dd1314956e833b1573e692dea,projects/modellearning/logs/run.googleapis.com%2Fstdout,,2024-02-29T20:29:39.744697453Z,sscartquery,northamerica-northeast1,modellearning,sscartquery-00011-jzl,sscartquery,cloud_run_revision,INFO,functions/Logic.java,2024-02-29T20:29:39.459146Z
65e0e9320008444bd4e07eba,functions/Logic.java,service,cpu:=700000000  rt:=727765068,cloudfunctions,00d087f5e0fb53247b367efd3d5bd3eb6ec2079ea1f90edc419a49866437bf458cfeca444aeaa3b7daf5636b05c06cb47d5f161f950d27b45213cc036890ef6262ebf3,projects/modellearning/logs/run.googleapis.com%2Fstdout,,2024-02-29T20:29:38.746813165Z,sscartquery,northamerica-northeast1,modellearning,sscartquery-00011-jzl,sscartquery,cloud_run_revision,INFO,functions/Logic.java,2024-02-29T20:29:38.541771Z
65e0e9320006007462f2aa63,functions/Logic.java,service,cpu:=320000000  rt:=324195073,cloudfunctions,00d087f5e0c28364f40a88ea65440fad99d864800ea3cc4f8b70fe4c04ce8ea9bd6aa21cc40c9f2508c1dde8fc79b324f27e029f2d84aed35c039754a5d33a775a009f,projects/modellearning/logs/run.googleapis.com%2Fstdout,,2024-02-29T20:29:38.412620749Z,sscartquery,northamerica-northeast1,modellearning,sscartquery-00011-jzl,sscartquery,cloud_run_revision,INFO,functions/Logic.java,2024-02-29T20:29:38.393332Z
65e0e9320004d3f81007248f,functions/Logic.java,service,cpu:=600000000  rt:=958685484,cloudfunctions,00d087f5e0d4d81528cf22cb133c2e4dd9a2c4ce3eab40a6348fdb235a3535110a2312ab0cf8d4076c1e91472dbd37c7a81eb9097195cd3f6758925e661bb3dd5e03a2,projects/modellearning/logs/run.googleapis.com%2Fstdout,,2024-02-29T20:29:38.338222017Z,sscartquery,northamerica-northeast1,modellearning,sscartquery-00011-jzl,sscartquery,cloud_run_revision,INFO,functions/Logic.java,2024-02-29T20:29:38.316408Z
65e0e932000421e85393dc67,functions/Logic.java,service,cpu:=2280000000  rt:=2365521056,cloudfunctions,00d087f5e07bdae58c1f4da3364551cac54ac5362bf1a9581e7d4bf9a32f14aae9b89d873ef09e84a16dbd253a49be122c24eb757e668e06c6c2cc19262d914e45e911,projects/modellearning/logs/run.googleapis.com%2Fstdout,,2024-02-29T20:29:38.412620749Z,sscartquery,northamerica-northeast1,modellearning,sscartquery-00011-jzl,sscartquery,cloud_run_revision,INFO,functions/Logic.java,2024-02-29T20:29:38.270824Z
65e0e9310004825a7102cc39,functions/Logic.java,service,cpu:=660000000  rt:=689060967,cloudfunctions,00d087f5e0b82d4393d4a7bbb7f14727933f8b96724a91b37d40394984760349848f0c657a1b55ad143d87d15617c08a8ba76acddb65a7eb3b550a40e4aceccdfb8d33,projects/modellearning/logs/run.googleapis.com%2Fstdout,,2024-02-29T20:29:37.415030978Z,sscartquery,northamerica-northeast1,modellearning,sscartquery-00011-jzl,sscartquery,cloud_run_revision,INFO,functions/Logic.java,2024-02-29T20:29:37.295514Z
65e0e9310002104580244ceb,functions/Logic.java,service,cpu:=130000000  rt:=159241352,cloudfunctions,00d087f5e0508b90f669d2e778e5edb119d2cf95bbdf1d474990a4029916e734b09cb9a2fbea2793facea51d590b84a7b32d827e55698dd1314956e833b1573e692dea,projects/modellearning/logs/run.googleapis.com%2Fstdout,,2024-02-29T20:29:37.415030978Z,sscartquery,northamerica-northeast1,modellearning,sscartquery-00011-jzl,sscartquery,cloud_run_revision,INFO,functions/Logic.java,2024-02-29T20:29:37.135237Z
65e0e9310000862e6e346fb1,functions/Logic.java,service,cpu:=-26540000000  rt:=1201456476,cloudfunctions,00d087f5e0fb53247b367efd3d5bd3eb6ec2079ea1f90edc419a49866437bf458cfeca444aeaa3b7daf5636b05c06cb47d5f161f950d27b45213cc036890ef6262ebf3,projects/modellearning/logs/run.googleapis.com%2Fstdout,,2024-02-29T20:29:37.081354271Z,sscartquery,northamerica-northeast1,modellearning,sscartquery-00011-jzl,sscartquery,cloud_run_revision,INFO,functions/Logic.java,2024-02-29T20:29:37.034350Z
65e0e931000066e30c8577c7,functions/Logic.java,service,cpu:=50000000  rt:=53257476,cloudfunctions,00d087f5e0c28364f40a88ea65440fad99d864800ea3cc4f8b70fe4c04ce8ea9bd6aa21cc40c9f2508c1dde8fc79b324f27e029f2d84aed35c039754a5d33a775a009f,projects/modellearning/logs/run.googleapis.com%2Fstdout,,2024-02-29T20:29:37.081354271Z,sscartquery,northamerica-northeast1,modellearning,sscartquery-00011-jzl,sscartquery,cloud_run_revision,INFO,functions/Logic.java,2024-02-29T20:29:37.026339Z
65e0e930000ebb830f9c3940,functions/Logic.java,service,cpu:=530000000  rt:=1132668308,cloudfunctions,00d087f5e0fb53247b367efd3d5bd3eb6ec2079ea1f90edc419a49866437bf458cfeca444aeaa3b7daf5636b05c06cb47d5f161f950d27b45213cc036890ef6262ebf3,projects/modellearning/logs/run.googleapis.com%2Fstdout,,2024-02-29T20:29:37.081354271Z,sscartquery,northamerica-northeast1,modellearning,sscartquery-00011-jzl,sscartquery,cloud_run_revision,INFO,functions/Logic.java,2024-02-29T20:29:36.965507Z
65e0e930000aef2abcf2fdbf,functions/Logic.java,service,cpu:=-80000000  rt:=311982346,cloudfunctions,00d087f5e0d4d81528cf22cb133c2e4dd9a2c4ce3eab40a6348fdb235a3535110a2312ab0cf8d4076c1e91472dbd37c7a81eb9097195cd3f6758925e661bb3dd5e03a2,projects/modellearning/logs/run.googleapis.com%2Fstdout,,2024-02-29T20:29:37.006494080Z,sscartquery,northamerica-northeast1,modellearning,sscartquery-00011-jzl,sscartquery,cloud_run_revision,INFO,functions/Logic.java,2024-02-29T20:29:36.716586Z
65e0e930000827ddfb9a4205,functions/Logic.java,service,cpu:=-15800000000  rt:=701538820,cloudfunctions,00d087f5e0fb53247b367efd3d5bd3eb6ec2079ea1f90edc419a49866437bf458cfeca444aeaa3b7daf5636b05c06cb47d5f161f950d27b45213cc036890ef6262ebf3,projects/modellearning/logs/run.googleapis.com%2Fstdout,,2024-02-29T20:29:36.748154412Z,sscartquery,northamerica-northeast1,modellearning,sscartquery-00011-jzl,sscartquery,cloud_run_revision,INFO,functions/Logic.java,2024-02-29T20:29:36.534493Z
65e0e9300001b82f1e8a6cf0,functions/Logic.java,service,cpu:=630000000  rt:=665761203,cloudfunctions,00d087f5e0508b90f669d2e778e5edb119d2cf95bbdf1d474990a4029916e734b09cb9a2fbea2793facea51d590b84a7b32d827e55698dd1314956e833b1573e692dea,projects/modellearning/logs/run.googleapis.com%2Fstdout,,2024-02-29T20:29:36.415221353Z,sscartquery,northamerica-northeast1,modellearning,sscartquery-00011-jzl,sscartquery,cloud_run_revision,INFO,functions/Logic.java,2024-02-29T20:29:36.112687Z
65e0e92f000393276eec50b4,functions/Logic.java,service,cpu:=70000000  rt:=99753837,cloudfunctions,00d087f5e0fb53247b367efd3d5bd3eb6ec2079ea1f90edc419a49866437bf458cfeca444aeaa3b7daf5636b05c06cb47d5f161f950d27b45213cc036890ef6262ebf3,projects/modellearning/logs/run.googleapis.com%2Fstdout,,2024-02-29T20:29:35.416405649Z,sscartquery,northamerica-northeast1,modellearning,sscartquery-00011-jzl,sscartquery,cloud_run_revision,INFO,functions/Logic.java,2024-02-29T20:29:35.234279Z
65e0e92e00048d875e622032,functions/Logic.java,service,cpu:=80000000  rt:=76816653,cloudfunctions,00d087f5e0d4d81528cf22cb133c2e4dd9a2c4ce3eab40a6348fdb235a3535110a2312ab0cf8d4076c1e91472dbd37c7a81eb9097195cd3f6758925e661bb3dd5e03a2,projects/modellearning/logs/run.googleapis.com%2Fstdout,,2024-02-29T20:29:34.341894364Z,sscartquery,northamerica-northeast1,modellearning,sscartquery-00011-jzl,sscartquery,cloud_run_revision,INFO,functions/Logic.java,2024-02-29T20:29:34.298375Z
65e0e92d00059b1d9b757dbb,functions/Logic.java,service,cpu:=810000000  rt:=846929053,cloudfunctions,00d087f5e0c28364f40a88ea65440fad99d864800ea3cc4f8b70fe4c04ce8ea9bd6aa21cc40c9f2508c1dde8fc79b324f27e029f2d84aed35c039754a5d33a775a009f,projects/modellearning/logs/run.googleapis.com%2Fstdout,,2024-02-29T20:29:33.419052893Z,sscartquery,northamerica-northeast1,modellearning,sscartquery-00011-jzl,sscartquery,cloud_run_revision,INFO,functions/Logic.java,2024-02-29T20:29:33.367389Z
65e0e92c000e9db792512a93,functions/Logic.java,service,cpu:=1370000000  rt:=1409301962,cloudfunctions,00d087f5e0d4d81528cf22cb133c2e4dd9a2c4ce3eab40a6348fdb235a3535110a2312ab0cf8d4076c1e91472dbd37c7a81eb9097195cd3f6758925e661bb3dd5e03a2,projects/modellearning/logs/run.googleapis.com%2Fstdout,,2024-02-29T20:29:33.010586680Z,sscartquery,northamerica-northeast1,modellearning,sscartquery-00011-jzl,sscartquery,cloud_run_revision,INFO,functions/Logic.java,2024-02-29T20:29:32.957879Z
65e0e92c0008b6267a778c06,functions/Logic.java,service,cpu:=100000000  rt:=99981891,cloudfunctions,00d087f5e0fb53247b367efd3d5bd3eb6ec2079ea1f90edc419a49866437bf458cfeca444aeaa3b7daf5636b05c06cb47d5f161f950d27b45213cc036890ef6262ebf3,projects/modellearning/logs/run.googleapis.com%2Fstdout,,2024-02-29T20:29:32.752377057Z,sscartquery,northamerica-northeast1,modellearning,sscartquery-00011-jzl,sscartquery,cloud_run_revision,INFO,functions/Logic.java,2024-02-29T20:29:32.570918Z
65e0e92c0002f879716f269d,functions/Logic.java,service,cpu:=1760000000  rt:=1842122538,cloudfunctions,00d087f5e04921ffa2ae878763f0217abb165fe4fe9a2e8a027ba11aed30e41dbddf4fc8615626ade2ce81a05b33cc0543a90b189fc41ef2749e7ddb07fe1c9b9eae6c,projects/modellearning/logs/run.googleapis.com%2Fstdout,,2024-02-29T20:29:32.419438259Z,sscartquery,northamerica-northeast1,modellearning,sscartquery-00011-jzl,sscartquery,cloud_run_revision,INFO,functions/Logic.java,2024-02-29T20:29:32.194681Z
65e0e92a000e422bb9bab42e,functions/Logic.java,service,cpu:=250000000  rt:=253650158,cloudfunctions,00d087f5e0fb53247b367efd3d5bd3eb6ec2079ea1f90edc419a49866437bf458cfeca444aeaa3b7daf5636b05c06cb47d5f161f950d27b45213cc036890ef6262ebf3,projects/modellearning/logs/run.googleapis.com%2Fstdout,,2024-02-29T20:29:31.087737860Z,sscartquery,northamerica-northeast1,modellearning,sscartquery-00011-jzl,sscartquery,cloud_run_revision,INFO,functions/Logic.java,2024-02-29T20:29:30.934443Z
65e0e92a000cbbb96b95a3a9,functions/Logic.java,service,cpu:=540000000  rt:=576669334,cloudfunctions,00d087f5e0b82d4393d4a7bbb7f14727933f8b96724a91b37d40394984760349848f0c657a1b55ad143d87d15617c08a8ba76acddb65a7eb3b550a40e4aceccdfb8d33,projects/modellearning/logs/run.googleapis.com%2Fstdout,,2024-02-29T20:29:31.087737860Z,sscartquery,northamerica-northeast1,modellearning,sscartquery-00011-jzl,sscartquery,cloud_run_revision,INFO,functions/Logic.java,2024-02-29T20:29:30.834489Z
65e0e92a00094c8663b658c7,functions/Logic.java,service,cpu:=3160000000  rt:=3340189932,cloudfunctions,00d087f5e07bdae58c1f4da3364551cac54ac5362bf1a9581e7d4bf9a32f14aae9b89d873ef09e84a16dbd253a49be122c24eb757e668e06c6c2cc19262d914e45e911,projects/modellearning/logs/run.googleapis.com%2Fstdout,,2024-02-29T20:29:30.753901382Z,sscartquery,northamerica-northeast1,modellearning,sscartquery-00011-jzl,sscartquery,cloud_run_revision,INFO,functions/Logic.java,2024-02-29T20:29:30.609414Z
65e0e92a0007c78a881cdb0f,functions/Logic.java,service,cpu:=1400000000  rt:=2304794529,cloudfunctions,00d087f5e0fb53247b367efd3d5bd3eb6ec2079ea1f90edc419a49866437bf458cfeca444aeaa3b7daf5636b05c06cb47d5f161f950d27b45213cc036890ef6262ebf3,projects/modellearning/logs/run.googleapis.com%2Fstdout,,2024-02-29T20:29:30.753901382Z,sscartquery,northamerica-northeast1,modellearning,sscartquery-00011-jzl,sscartquery,cloud_run_revision,INFO,functions/Logic.java,2024-02-29T20:29:30.509834Z
65e0e92a00041317053b2603,functions/Logic.java,service,cpu:=50000000  rt:=52528592,cloudfunctions,00d087f5e0508b90f669d2e778e5edb119d2cf95bbdf1d474990a4029916e734b09cb9a2fbea2793facea51d590b84a7b32d827e55698dd1314956e833b1573e692dea,projects/modellearning/logs/run.googleapis.com%2Fstdout,,2024-02-29T20:29:30.422078279Z,sscartquery,northamerica-northeast1,modellearning,sscartquery-00011-jzl,sscartquery,cloud_run_revision,INFO,functions/Logic.java,2024-02-29T20:29:30.267031Z
65e0e92a0003241406d7ba1f,functions/Logic.java,service,cpu:=410000000  rt:=432993675,cloudfunctions,00d087f5e0d4d81528cf22cb133c2e4dd9a2c4ce3eab40a6348fdb235a3535110a2312ab0cf8d4076c1e91472dbd37c7a81eb9097195cd3f6758925e661bb3dd5e03a2,projects/modellearning/logs/run.googleapis.com%2Fstdout,,2024-02-29T20:29:30.346531435Z,sscartquery,northamerica-northeast1,modellearning,sscartquery-00011-jzl,sscartquery,cloud_run_revision,INFO,functions/Logic.java,2024-02-29T20:29:30.205844Z
65e0e92a00025f008050f360,functions/Logic.java,service,cpu:=820000000  rt:=964077825,cloudfunctions,00d087f5e0c28364f40a88ea65440fad99d864800ea3cc4f8b70fe4c04ce8ea9bd6aa21cc40c9f2508c1dde8fc79b324f27e029f2d84aed35c039754a5d33a775a009f,projects/modellearning/logs/run.googleapis.com%2Fstdout,,2024-02-29T20:29:30.422078279Z,sscartquery,northamerica-northeast1,modellearning,sscartquery-00011-jzl,sscartquery,cloud_run_revision,INFO,functions/Logic.java,2024-02-29T20:29:30.155392Z
65e0e92a00020cd26ca104f5,functions/Logic.java,service,cpu:=600000000  rt:=943051115,cloudfunctions,00d087f5e0c28364f40a88ea65440fad99d864800ea3cc4f8b70fe4c04ce8ea9bd6aa21cc40c9f2508c1dde8fc79b324f27e029f2d84aed35c039754a5d33a775a009f,projects/modellearning/logs/run.googleapis.com%2Fstdout,,2024-02-29T20:29:30.422078279Z,sscartquery,northamerica-northeast1,modellearning,sscartquery-00011-jzl,sscartquery,cloud_run_revision,INFO,functions/Logic.java,2024-02-29T20:29:30.134354Z
65e0e92a00001acdac91fe03,functions/Logic.java,service,cpu:=1700000000  rt:=1764677983,cloudfunctions,00d087f5e04921ffa2ae878763f0217abb165fe4fe9a2e8a027ba11aed30e41dbddf4fc8615626ade2ce81a05b33cc0543a90b189fc41ef2749e7ddb07fe1c9b9eae6c,projects/modellearning/logs/run.googleapis.com%2Fstdout,,2024-02-29T20:29:30.087943229Z,sscartquery,northamerica-northeast1,modellearning,sscartquery-00011-jzl,sscartquery,cloud_run_revision,INFO,functions/Logic.java,2024-02-29T20:29:30.006861Z
65e0e929000eab38db9d4c15,functions/Logic.java,service,cpu:=530000000  rt:=837963359,cloudfunctions,00d087f5e0b82d4393d4a7bbb7f14727933f8b96724a91b37d40394984760349848f0c657a1b55ad143d87d15617c08a8ba76acddb65a7eb3b550a40e4aceccdfb8d33,projects/modellearning/logs/run.googleapis.com%2Fstdout,,2024-02-29T20:29:30.087943229Z,sscartquery,northamerica-northeast1,modellearning,sscartquery-00011-jzl,sscartquery,cloud_run_revision,INFO,functions/Logic.java,2024-02-29T20:29:29.961336Z
65e0e929000ba733bc1875b5,functions/Logic.java,service,cpu:=-1700000000  rt:=1558833856,cloudfunctions,00d087f5e0fb53247b367efd3d5bd3eb6ec2079ea1f90edc419a49866437bf458cfeca444aeaa3b7daf5636b05c06cb47d5f161f950d27b45213cc036890ef6262ebf3,projects/modellearning/logs/run.googleapis.com%2Fstdout,,2024-02-29T20:29:30.087943229Z,sscartquery,northamerica-northeast1,modellearning,sscartquery-00011-jzl,sscartquery,cloud_run_revision,INFO,functions/Logic.java,2024-02-29T20:29:29.763699Z
65e0e929000b35c7f23c4b07,functions/Logic.java,service,cpu:=-12880000000  rt:=611152105,cloudfunctions,00d087f5e0b82d4393d4a7bbb7f14727933f8b96724a91b37d40394984760349848f0c657a1b55ad143d87d15617c08a8ba76acddb65a7eb3b550a40e4aceccdfb8d33,projects/modellearning/logs/run.googleapis.com%2Fstdout,,2024-02-29T20:29:29.754715917Z,sscartquery,northamerica-northeast1,modellearning,sscartquery-00011-jzl,sscartquery,cloud_run_revision,INFO,functions/Logic.java,2024-02-29T20:29:29.734663Z
65e0e9290007700b5048fcf9,functions/Logic.java,service,cpu:=2590000000  rt:=2701789982,cloudfunctions,00d087f5e0508b90f669d2e778e5edb119d2cf95bbdf1d474990a4029916e734b09cb9a2fbea2793facea51d590b84a7b32d827e55698dd1314956e833b1573e692dea,projects/modellearning/logs/run.googleapis.com%2Fstdout,,2024-02-29T20:29:29.754715917Z,sscartquery,northamerica-northeast1,modellearning,sscartquery-00011-jzl,sscartquery,cloud_run_revision,INFO,functions/Logic.java,2024-02-29T20:29:29.487435Z
65e0e928000086914697ea2e,functions/Logic.java,service,cpu:=590000000  rt:=608210047,cloudfunctions,00d087f5e0c28364f40a88ea65440fad99d864800ea3cc4f8b70fe4c04ce8ea9bd6aa21cc40c9f2508c1dde8fc79b324f27e029f2d84aed35c039754a5d33a775a009f,projects/modellearning/logs/run.googleapis.com%2Fstdout,,2024-02-29T20:29:28.089089486Z,sscartquery,northamerica-northeast1,modellearning,sscartquery-00011-jzl,sscartquery,cloud_run_revision,INFO,functions/Logic.java,2024-02-29T20:29:28.034449Z
65e0e927000e90baa1407059,functions/Logic.java,service,cpu:=1390000000  rt:=1434579132,cloudfunctions,00d087f5e0b82d4393d4a7bbb7f14727933f8b96724a91b37d40394984760349848f0c657a1b55ad143d87d15617c08a8ba76acddb65a7eb3b550a40e4aceccdfb8d33,projects/modellearning/logs/run.googleapis.com%2Fstdout,,2024-02-29T20:29:28.089089486Z,sscartquery,northamerica-northeast1,modellearning,sscartquery-00011-jzl,sscartquery,cloud_run_revision,INFO,functions/Logic.java,2024-02-29T20:29:27.954554Z
65e0e927000ddf95bd0b36cd,functions/Logic.java,service,cpu:=1330000000  rt:=1358819721,cloudfunctions,00d087f5e04921ffa2ae878763f0217abb165fe4fe9a2e8a027ba11aed30e41dbddf4fc8615626ade2ce81a05b33cc0543a90b189fc41ef2749e7ddb07fe1c9b9eae6c,projects/modellearning/logs/run.googleapis.com%2Fstdout,,2024-02-29T20:29:28.089089486Z,sscartquery,northamerica-northeast1,modellearning,sscartquery-00011-jzl,sscartquery,cloud_run_revision,INFO,functions/Logic.java,2024-02-29T20:29:27.909205Z
65e0e927000b9d8c6cdf3df8,functions/Logic.java,service,cpu:=480000000  rt:=512135079,cloudfunctions,00d087f5e0fb53247b367efd3d5bd3eb6ec2079ea1f90edc419a49866437bf458cfeca444aeaa3b7daf5636b05c06cb47d5f161f950d27b45213cc036890ef6262ebf3,projects/modellearning/logs/run.googleapis.com%2Fstdout,,2024-02-29T20:29:28.089089486Z,sscartquery,northamerica-northeast1,modellearning,sscartquery-00011-jzl,sscartquery,cloud_run_revision,INFO,functions/Logic.java,2024-02-29T20:29:27.761228Z
65e0e926000d969f20912f53,functions/Logic.java,service,cpu:=600000000  rt:=610064887,cloudfunctions,00d087f5e0fb53247b367efd3d5bd3eb6ec2079ea1f90edc419a49866437bf458cfeca444aeaa3b7daf5636b05c06cb47d5f161f950d27b45213cc036890ef6262ebf3,projects/modellearning/logs/run.googleapis.com%2Fstdout,,2024-02-29T20:29:27.090803593Z,sscartquery,northamerica-northeast1,modellearning,sscartquery-00011-jzl,sscartquery,cloud_run_revision,INFO,functions/Logic.java,2024-02-29T20:29:26.890527Z
65e0e926000d1a94e437c4a4,functions/Logic.java,service,cpu:=1160000000  rt:=1184071247,cloudfunctions,00d087f5e0c28364f40a88ea65440fad99d864800ea3cc4f8b70fe4c04ce8ea9bd6aa21cc40c9f2508c1dde8fc79b324f27e029f2d84aed35c039754a5d33a775a009f,projects/modellearning/logs/run.googleapis.com%2Fstdout,,2024-02-29T20:29:27.090803593Z,sscartquery,northamerica-northeast1,modellearning,sscartquery-00011-jzl,sscartquery,cloud_run_revision,INFO,functions/Logic.java,2024-02-29T20:29:26.858772Z
65e0e9260009d75b9b3579ab,functions/Logic.java,service,cpu:=240000000  rt:=260670089,cloudfunctions,00d087f5e07bdae58c1f4da3364551cac54ac5362bf1a9581e7d4bf9a32f14aae9b89d873ef09e84a16dbd253a49be122c24eb757e668e06c6c2cc19262d914e45e911,projects/modellearning/logs/run.googleapis.com%2Fstdout,,2024-02-29T20:29:26.757051274Z,sscartquery,northamerica-northeast1,modellearning,sscartquery-00011-jzl,sscartquery,cloud_run_revision,INFO,functions/Logic.java,2024-02-29T20:29:26.644955Z
65e0e9260000b263f3250732,functions/Logic.java,service,cpu:=3120000000  rt:=4506383601,cloudfunctions,00d087f5e0fb53247b367efd3d5bd3eb6ec2079ea1f90edc419a49866437bf458cfeca444aeaa3b7daf5636b05c06cb47d5f161f950d27b45213cc036890ef6262ebf3,projects/modellearning/logs/run.googleapis.com%2Fstdout,,2024-02-29T20:29:26.091926388Z,sscartquery,northamerica-northeast1,modellearning,sscartquery-00011-jzl,sscartquery,cloud_run_revision,INFO,functions/Logic.java,2024-02-29T20:29:26.045667Z
65e0e925000892e0127b8fc5,functions/Logic.java,service,cpu:=180000000  rt:=182702287,cloudfunctions,00d087f5e0508b90f669d2e778e5edb119d2cf95bbdf1d474990a4029916e734b09cb9a2fbea2793facea51d590b84a7b32d827e55698dd1314956e833b1573e692dea,projects/modellearning/logs/run.googleapis.com%2Fstdout,,2024-02-29T20:29:25.758676510Z,sscartquery,northamerica-northeast1,modellearning,sscartquery-00011-jzl,sscartquery,cloud_run_revision,INFO,functions/Logic.java,2024-02-29T20:29:25.561888Z
65e0e92500046e8248718c68,functions/Logic.java,service,cpu:=510000000  rt:=522583102,cloudfunctions,00d087f5e0d4d81528cf22cb133c2e4dd9a2c4ce3eab40a6348fdb235a3535110a2312ab0cf8d4076c1e91472dbd37c7a81eb9097195cd3f6758925e661bb3dd5e03a2,projects/modellearning/logs/run.googleapis.com%2Fstdout,,2024-02-29T20:29:25.350785130Z,sscartquery,northamerica-northeast1,modellearning,sscartquery-00011-jzl,sscartquery,cloud_run_revision,INFO,functions/Logic.java,2024-02-29T20:29:25.290434Z
65e0e924000c6b3de96948b6,functions/Logic.java,service,cpu:=810000000  rt:=823208520,cloudfunctions,00d087f5e04921ffa2ae878763f0217abb165fe4fe9a2e8a027ba11aed30e41dbddf4fc8615626ade2ce81a05b33cc0543a90b189fc41ef2749e7ddb07fe1c9b9eae6c,projects/modellearning/logs/run.googleapis.com%2Fstdout,,2024-02-29T20:29:25.092587933Z,sscartquery,northamerica-northeast1,modellearning,sscartquery-00011-jzl,sscartquery,cloud_run_revision,INFO,functions/Logic.java,2024-02-29T20:29:24.813885Z
65e0e9240004b868ab7d2c90,functions/Logic.java,service,cpu:=270000000  rt:=273224016,cloudfunctions,00d087f5e0b82d4393d4a7bbb7f14727933f8b96724a91b37d40394984760349848f0c657a1b55ad143d87d15617c08a8ba76acddb65a7eb3b550a40e4aceccdfb8d33,projects/modellearning/logs/run.googleapis.com%2Fstdout,,2024-02-29T20:29:24.426505910Z,sscartquery,northamerica-northeast1,modellearning,sscartquery-00011-jzl,sscartquery,cloud_run_revision,INFO,functions/Logic.java,2024-02-29T20:29:24.309352Z
65e0e924000489084fbcfdb7,functions/Logic.java,service,cpu:=8240000000  rt:=4610297171,cloudfunctions,00d087f5e0d4d81528cf22cb133c2e4dd9a2c4ce3eab40a6348fdb235a3535110a2312ab0cf8d4076c1e91472dbd37c7a81eb9097195cd3f6758925e661bb3dd5e03a2,projects/modellearning/logs/run.googleapis.com%2Fstdout,,2024-02-29T20:29:24.351569892Z,sscartquery,northamerica-northeast1,modellearning,sscartquery-00011-jzl,sscartquery,cloud_run_revision,INFO,functions/Logic.java,2024-02-29T20:29:24.297224Z
65e0e9240003a08386c1885e,functions/Logic.java,service,cpu:=690000000  rt:=709270102,cloudfunctions,00d087f5e07bdae58c1f4da3364551cac54ac5362bf1a9581e7d4bf9a32f14aae9b89d873ef09e84a16dbd253a49be122c24eb757e668e06c6c2cc19262d914e45e911,projects/modellearning/logs/run.googleapis.com%2Fstdout,,2024-02-29T20:29:24.426505910Z,sscartquery,northamerica-northeast1,modellearning,sscartquery-00011-jzl,sscartquery,cloud_run_revision,INFO,functions/Logic.java,2024-02-29T20:29:24.237699Z
65e0e9240000860995f92819,functions/Logic.java,service,cpu:=29300000000  rt:=2494999246,cloudfunctions,00d087f5e0fb53247b367efd3d5bd3eb6ec2079ea1f90edc419a49866437bf458cfeca444aeaa3b7daf5636b05c06cb47d5f161f950d27b45213cc036890ef6262ebf3,projects/modellearning/logs/run.googleapis.com%2Fstdout,,2024-02-29T20:29:24.094656554Z,sscartquery,northamerica-northeast1,modellearning,sscartquery-00011-jzl,sscartquery,cloud_run_revision,INFO,functions/Logic.java,2024-02-29T20:29:24.034313Z
65e0e9230009863cb6d6b9ae,functions/Logic.java,service,cpu:=60000000  rt:=59439225,cloudfunctions,00d087f5e0c28364f40a88ea65440fad99d864800ea3cc4f8b70fe4c04ce8ea9bd6aa21cc40c9f2508c1dde8fc79b324f27e029f2d84aed35c039754a5d33a775a009f,projects/modellearning/logs/run.googleapis.com%2Fstdout,,2024-02-29T20:29:23.760353708Z,sscartquery,northamerica-northeast1,modellearning,sscartquery-00011-jzl,sscartquery,cloud_run_revision,INFO,functions/Logic.java,2024-02-29T20:29:23.624188Z
65e0e92300045f06bcc67997,functions/Logic.java,service,cpu:=1580000000  rt:=1666273714,cloudfunctions,00d087f5e0508b90f669d2e778e5edb119d2cf95bbdf1d474990a4029916e734b09cb9a2fbea2793facea51d590b84a7b32d827e55698dd1314956e833b1573e692dea,projects/modellearning/logs/run.googleapis.com%2Fstdout,,2024-02-29T20:29:23.427735478Z,sscartquery,northamerica-northeast1,modellearning,sscartquery-00011-jzl,sscartquery,cloud_run_revision,INFO,functions/Logic.java,2024-02-29T20:29:23.286470Z
65e0e9230003adaa57b922fa,functions/Logic.java,service,cpu:=740000000  rt:=755551395,cloudfunctions,00d087f5e0b82d4393d4a7bbb7f14727933f8b96724a91b37d40394984760349848f0c657a1b55ad143d87d15617c08a8ba76acddb65a7eb3b550a40e4aceccdfb8d33,projects/modellearning/logs/run.googleapis.com%2Fstdout,,2024-02-29T20:29:23.427735478Z,sscartquery,northamerica-northeast1,modellearning,sscartquery-00011-jzl,sscartquery,cloud_run_revision,INFO,functions/Logic.java,2024-02-29T20:29:23.241066Z
65e0e92300020c5d1df507ba,functions/Logic.java,service,cpu:=540000000  rt:=614144823,cloudfunctions,00d087f5e04921ffa2ae878763f0217abb165fe4fe9a2e8a027ba11aed30e41dbddf4fc8615626ade2ce81a05b33cc0543a90b189fc41ef2749e7ddb07fe1c9b9eae6c,projects/modellearning/logs/run.googleapis.com%2Fstdout,,2024-02-29T20:29:23.427735478Z,sscartquery,northamerica-northeast1,modellearning,sscartquery-00011-jzl,sscartquery,cloud_run_revision,INFO,functions/Logic.java,2024-02-29T20:29:23.134237Z
65e0e922000c57ec02f37210,functions/Logic.java,service,cpu:=3430000000  rt:=3563147154,cloudfunctions,00d087f5e0c28364f40a88ea65440fad99d864800ea3cc4f8b70fe4c04ce8ea9bd6aa21cc40c9f2508c1dde8fc79b324f27e029f2d84aed35c039754a5d33a775a009f,projects/modellearning/logs/run.googleapis.com%2Fstdout,,2024-02-29T20:29:23.094506195Z,sscartquery,northamerica-northeast1,modellearning,sscartquery-00011-jzl,sscartquery,cloud_run_revision,INFO,functions/Logic.java,2024-02-29T20:29:22.808940Z
65e0e921000f05d2b572cc37,functions/Logic.java,service,cpu:=440000000  rt:=469265871,cloudfunctions,00d087f5e07bdae58c1f4da3364551cac54ac5362bf1a9581e7d4bf9a32f14aae9b89d873ef09e84a16dbd253a49be122c24eb757e668e06c6c2cc19262d914e45e911,projects/modellearning/logs/run.googleapis.com%2Fstdout,,2024-02-29T20:29:22.094741517Z,sscartquery,northamerica-northeast1,modellearning,sscartquery-00011-jzl,sscartquery,cloud_run_revision,INFO,functions/Logic.java,2024-02-29T20:29:21.984530Z
65e0e9210009d022f1d6c66b,functions/Logic.java,service,cpu:=1190000000  rt:=1216921397,cloudfunctions,00d087f5e04921ffa2ae878763f0217abb165fe4fe9a2e8a027ba11aed30e41dbddf4fc8615626ade2ce81a05b33cc0543a90b189fc41ef2749e7ddb07fe1c9b9eae6c,projects/modellearning/logs/run.googleapis.com%2Fstdout,,2024-02-29T20:29:21.762581647Z,sscartquery,northamerica-northeast1,modellearning,sscartquery-00011-jzl,sscartquery,cloud_run_revision,INFO,functions/Logic.java,2024-02-29T20:29:21.643106Z
65e0e9210007e1a03e1e1998,functions/Logic.java,service,cpu:=1080000000  rt:=1829140706,cloudfunctions,00d087f5e0d4d81528cf22cb133c2e4dd9a2c4ce3eab40a6348fdb235a3535110a2312ab0cf8d4076c1e91472dbd37c7a81eb9097195cd3f6758925e661bb3dd5e03a2,projects/modellearning/logs/run.googleapis.com%2Fstdout,,2024-02-29T20:29:21.687365764Z,sscartquery,northamerica-northeast1,modellearning,sscartquery-00011-jzl,sscartquery,cloud_run_revision,INFO,functions/Logic.java,2024-02-29T20:29:21.516512Z
65e0e920000f25959c99bd51,functions/Logic.java,service,cpu:=1820000000  rt:=1873820465,cloudfunctions,00d087f5e0fb53247b367efd3d5bd3eb6ec2079ea1f90edc419a49866437bf458cfeca444aeaa3b7daf5636b05c06cb47d5f161f950d27b45213cc036890ef6262ebf3,projects/modellearning/logs/run.googleapis.com%2Fstdout,,2024-02-29T20:29:21.096786752Z,sscartquery,northamerica-northeast1,modellearning,sscartquery-00011-jzl,sscartquery,cloud_run_revision,INFO,functions/Logic.java,2024-02-29T20:29:20.992661Z
65e0e920000d72ae783fe89b,functions/Logic.java,service,cpu:=23790000000  rt:=2801426459,cloudfunctions,00d087f5e0b82d4393d4a7bbb7f14727933f8b96724a91b37d40394984760349848f0c657a1b55ad143d87d15617c08a8ba76acddb65a7eb3b550a40e4aceccdfb8d33,projects/modellearning/logs/run.googleapis.com%2Fstdout,,2024-02-29T20:29:21.096786752Z,sscartquery,northamerica-northeast1,modellearning,sscartquery-00011-jzl,sscartquery,cloud_run_revision,INFO,functions/Logic.java,2024-02-29T20:29:20.881326Z
65e0e92000024b89ee83615f,functions/Logic.java,service,cpu:=290000000  rt:=296487455,cloudfunctions,00d087f5e0508b90f669d2e778e5edb119d2cf95bbdf1d474990a4029916e734b09cb9a2fbea2793facea51d590b84a7b32d827e55698dd1314956e833b1573e692dea,projects/modellearning/logs/run.googleapis.com%2Fstdout,,2024-02-29T20:29:20.430557934Z,sscartquery,northamerica-northeast1,modellearning,sscartquery-00011-jzl,sscartquery,cloud_run_revision,INFO,functions/Logic.java,2024-02-29T20:29:20.150409Z
65e0e91f000d75cb0de28dfb,functions/Logic.java,service,cpu:=420000000  rt:=475529955,cloudfunctions,00d087f5e07bdae58c1f4da3364551cac54ac5362bf1a9581e7d4bf9a32f14aae9b89d873ef09e84a16dbd253a49be122c24eb757e668e06c6c2cc19262d914e45e911,projects/modellearning/logs/run.googleapis.com%2Fstdout,,2024-02-29T20:29:20.096631409Z,sscartquery,northamerica-northeast1,modellearning,sscartquery-00011-jzl,sscartquery,cloud_run_revision,INFO,functions/Logic.java,2024-02-29T20:29:19.882123Z
65e0e91f0007c4b0d04a9d3e,functions/Logic.java,service,cpu:=3710000000  rt:=3853658654,cloudfunctions,00d087f5e04921ffa2ae878763f0217abb165fe4fe9a2e8a027ba11aed30e41dbddf4fc8615626ade2ce81a05b33cc0543a90b189fc41ef2749e7ddb07fe1c9b9eae6c,projects/modellearning/logs/run.googleapis.com%2Fstdout,,2024-02-29T20:29:19.764639521Z,sscartquery,northamerica-northeast1,modellearning,sscartquery-00011-jzl,sscartquery,cloud_run_revision,INFO,functions/Logic.java,2024-02-29T20:29:19.509104Z
65e0e91e000eca4efddff42b,functions/Logic.java,service,cpu:=1660000000  rt:=1707646329,cloudfunctions,00d087f5e0fb53247b367efd3d5bd3eb6ec2079ea1f90edc419a49866437bf458cfeca444aeaa3b7daf5636b05c06cb47d5f161f950d27b45213cc036890ef6262ebf3,projects/modellearning/logs/run.googleapis.com%2Fstdout,,2024-02-29T20:29:19.098644799Z,sscartquery,northamerica-northeast1,modellearning,sscartquery-00011-jzl,sscartquery,cloud_run_revision,INFO,functions/Logic.java,2024-02-29T20:29:18.969294Z
65e0e91e000cbb14cff84ce6,functions/Logic.java,service,cpu:=760000000  rt:=776938299,cloudfunctions,00d087f5e0508b90f669d2e778e5edb119d2cf95bbdf1d474990a4029916e734b09cb9a2fbea2793facea51d590b84a7b32d827e55698dd1314956e833b1573e692dea,projects/modellearning/logs/run.googleapis.com%2Fstdout,,2024-02-29T20:29:19.098644799Z,sscartquery,northamerica-northeast1,modellearning,sscartquery-00011-jzl,sscartquery,cloud_run_revision,INFO,functions/Logic.java,2024-02-29T20:29:18.834324Z
65e0e91e0007bcdd1846648a,functions/Logic.java,service,cpu:=6270000000  rt:=335990704,cloudfunctions,00d087f5e07bdae58c1f4da3364551cac54ac5362bf1a9581e7d4bf9a32f14aae9b89d873ef09e84a16dbd253a49be122c24eb757e668e06c6c2cc19262d914e45e911,projects/modellearning/logs/run.googleapis.com%2Fstdout,,2024-02-29T20:29:18.764451672Z,sscartquery,northamerica-northeast1,modellearning,sscartquery-00011-jzl,sscartquery,cloud_run_revision,INFO,functions/Logic.java,2024-02-29T20:29:18.507101Z
65e0e91e000728e8d8b7a1aa,functions/Logic.java,service,cpu:=140000000  rt:=388468078,cloudfunctions,00d087f5e0b82d4393d4a7bbb7f14727933f8b96724a91b37d40394984760349848f0c657a1b55ad143d87d15617c08a8ba76acddb65a7eb3b550a40e4aceccdfb8d33,projects/modellearning/logs/run.googleapis.com%2Fstdout,,2024-02-29T20:29:18.764451672Z,sscartquery,northamerica-northeast1,modellearning,sscartquery-00011-jzl,sscartquery,cloud_run_revision,INFO,functions/Logic.java,2024-02-29T20:29:18.469224Z
65e0e91e00060eec6dd88ad8,functions/Logic.java,service,cpu:=310000000  rt:=337914076,cloudfunctions,00d087f5e0c28364f40a88ea65440fad99d864800ea3cc4f8b70fe4c04ce8ea9bd6aa21cc40c9f2508c1dde8fc79b324f27e029f2d84aed35c039754a5d33a775a009f,projects/modellearning/logs/run.googleapis.com%2Fstdout,,2024-02-29T20:29:18.432436816Z,sscartquery,northamerica-northeast1,modellearning,sscartquery-00011-jzl,sscartquery,cloud_run_revision,INFO,functions/Logic.java,2024-02-29T20:29:18.397036Z
65e0e91e0003947914e82397,functions/Logic.java,service,cpu:=30000000  rt:=63409315,cloudfunctions,00d087f5e07bdae58c1f4da3364551cac54ac5362bf1a9581e7d4bf9a32f14aae9b89d873ef09e84a16dbd253a49be122c24eb757e668e06c6c2cc19262d914e45e911,projects/modellearning/logs/run.googleapis.com%2Fstdout,,2024-02-29T20:29:18.432436816Z,sscartquery,northamerica-northeast1,modellearning,sscartquery-00011-jzl,sscartquery,cloud_run_revision,INFO,functions/Logic.java,2024-02-29T20:29:18.234617Z
65e0e91d000ce707023a890f,functions/Logic.java,service,cpu:=480000000  rt:=490475060,cloudfunctions,00d087f5e0d4d81528cf22cb133c2e4dd9a2c4ce3eab40a6348fdb235a3535110a2312ab0cf8d4076c1e91472dbd37c7a81eb9097195cd3f6758925e661bb3dd5e03a2,projects/modellearning/logs/run.googleapis.com%2Fstdout,,2024-02-29T20:29:18.024061439Z,sscartquery,northamerica-northeast1,modellearning,sscartquery-00011-jzl,sscartquery,cloud_run_revision,INFO,functions/Logic.java,2024-02-29T20:29:17.845575Z
65e0e91d000b639c3af06fb1,functions/Logic.java,service,cpu:=420000000  rt:=429349293,cloudfunctions,00d087f5e0c28364f40a88ea65440fad99d864800ea3cc4f8b70fe4c04ce8ea9bd6aa21cc40c9f2508c1dde8fc79b324f27e029f2d84aed35c039754a5d33a775a009f,projects/modellearning/logs/run.googleapis.com%2Fstdout,,2024-02-29T20:29:17.766670403Z,sscartquery,northamerica-northeast1,modellearning,sscartquery-00011-jzl,sscartquery,cloud_run_revision,INFO,functions/Logic.java,2024-02-29T20:29:17.746396Z
65e0e91d0001908156d2118f,functions/Logic.java,service,cpu:=930000000  rt:=936986073,cloudfunctions,00d087f5e0508b90f669d2e778e5edb119d2cf95bbdf1d474990a4029916e734b09cb9a2fbea2793facea51d590b84a7b32d827e55698dd1314956e833b1573e692dea,projects/modellearning/logs/run.googleapis.com%2Fstdout,,2024-02-29T20:29:17.433277369Z,sscartquery,northamerica-northeast1,modellearning,sscartquery-00011-jzl,sscartquery,cloud_run_revision,INFO,functions/Logic.java,2024-02-29T20:29:17.102529Z
65e0e91d00016a6776dff7e5,functions/Logic.java,service,cpu:=930000000  rt:=939146658,cloudfunctions,00d087f5e0fb53247b367efd3d5bd3eb6ec2079ea1f90edc419a49866437bf458cfeca444aeaa3b7daf5636b05c06cb47d5f161f950d27b45213cc036890ef6262ebf3,projects/modellearning/logs/run.googleapis.com%2Fstdout,,2024-02-29T20:29:17.100652896Z,sscartquery,northamerica-northeast1,modellearning,sscartquery-00011-jzl,sscartquery,cloud_run_revision,INFO,functions/Logic.java,2024-02-29T20:29:17.092775Z
65e0e91d00015cf6158d2861,functions/Logic.java,service,cpu:=220000000  rt:=225484570,cloudfunctions,00d087f5e0b82d4393d4a7bbb7f14727933f8b96724a91b37d40394984760349848f0c657a1b55ad143d87d15617c08a8ba76acddb65a7eb3b550a40e4aceccdfb8d33,projects/modellearning/logs/run.googleapis.com%2Fstdout,,2024-02-29T20:29:17.100652896Z,sscartquery,northamerica-northeast1,modellearning,sscartquery-00011-jzl,sscartquery,cloud_run_revision,INFO,functions/Logic.java,2024-02-29T20:29:17.089334Z
65e0e91d0000b4cdd3bb3b66,functions/Logic.java,service,cpu:=540000000  rt:=539136997,cloudfunctions,00d087f5e0c28364f40a88ea65440fad99d864800ea3cc4f8b70fe4c04ce8ea9bd6aa21cc40c9f2508c1dde8fc79b324f27e029f2d84aed35c039754a5d33a775a009f,projects/modellearning/logs/run.googleapis.com%2Fstdout,,2024-02-29T20:29:17.100652896Z,sscartquery,northamerica-northeast1,modellearning,sscartquery-00011-jzl,sscartquery,cloud_run_revision,INFO,functions/Logic.java,2024-02-29T20:29:17.046285Z
65e0e91c0009713241e7b55c,functions/Logic.java,service,cpu:=60000000  rt:=60207078,cloudfunctions,00d087f5e07bdae58c1f4da3364551cac54ac5362bf1a9581e7d4bf9a32f14aae9b89d873ef09e84a16dbd253a49be122c24eb757e668e06c6c2cc19262d914e45e911,projects/modellearning/logs/run.googleapis.com%2Fstdout,,2024-02-29T20:29:16.767278055Z,sscartquery,northamerica-northeast1,modellearning,sscartquery-00011-jzl,sscartquery,cloud_run_revision,INFO,functions/Logic.java,2024-02-29T20:29:16.618802Z
65e0e91c00016e8440da8ce0,functions/Logic.java,service,cpu:=280000000  rt:=283306488,cloudfunctions,00d087f5e0fb53247b367efd3d5bd3eb6ec2079ea1f90edc419a49866437bf458cfeca444aeaa3b7daf5636b05c06cb47d5f161f950d27b45213cc036890ef6262ebf3,projects/modellearning/logs/run.googleapis.com%2Fstdout,,2024-02-29T20:29:16.101285513Z,sscartquery,northamerica-northeast1,modellearning,sscartquery-00011-jzl,sscartquery,cloud_run_revision,INFO,functions/Logic.java,2024-02-29T20:29:16.093828Z
65e0e91b000ac36952770a86,functions/Logic.java,service,cpu:=90000000  rt:=88211319,cloudfunctions,00d087f5e0fb53247b367efd3d5bd3eb6ec2079ea1f90edc419a49866437bf458cfeca444aeaa3b7daf5636b05c06cb47d5f161f950d27b45213cc036890ef6262ebf3,projects/modellearning/logs/run.googleapis.com%2Fstdout,,2024-02-29T20:29:15.768433408Z,sscartquery,northamerica-northeast1,modellearning,sscartquery-00011-jzl,sscartquery,cloud_run_revision,INFO,functions/Logic.java,2024-02-29T20:29:15.705385Z
65e0e91b00090b9483c64857,functions/Logic.java,service,cpu:=1260000000  rt:=1315603870,cloudfunctions,00d087f5e0fb53247b367efd3d5bd3eb6ec2079ea1f90edc419a49866437bf458cfeca444aeaa3b7daf5636b05c06cb47d5f161f950d27b45213cc036890ef6262ebf3,projects/modellearning/logs/run.googleapis.com%2Fstdout,,2024-02-29T20:29:15.768433408Z,sscartquery,northamerica-northeast1,modellearning,sscartquery-00011-jzl,sscartquery,cloud_run_revision,INFO,functions/Logic.java,2024-02-29T20:29:15.592788Z
65e0e91b00073ce320b6f37b,functions/Logic.java,service,cpu:=160000000  rt:=161680018,cloudfunctions,00d087f5e0b82d4393d4a7bbb7f14727933f8b96724a91b37d40394984760349848f0c657a1b55ad143d87d15617c08a8ba76acddb65a7eb3b550a40e4aceccdfb8d33,projects/modellearning/logs/run.googleapis.com%2Fstdout,,2024-02-29T20:29:15.768433408Z,sscartquery,northamerica-northeast1,modellearning,sscartquery-00011-jzl,sscartquery,cloud_run_revision,INFO,functions/Logic.java,2024-02-29T20:29:15.474339Z
65e0e91b0003c73dbe77d174,functions/Logic.java,service,cpu:=1870000000  rt:=1998303157,cloudfunctions,00d087f5e07bdae58c1f4da3364551cac54ac5362bf1a9581e7d4bf9a32f14aae9b89d873ef09e84a16dbd253a49be122c24eb757e668e06c6c2cc19262d914e45e911,projects/modellearning/logs/run.googleapis.com%2Fstdout,,2024-02-29T20:29:15.435409582Z,sscartquery,northamerica-northeast1,modellearning,sscartquery-00011-jzl,sscartquery,cloud_run_revision,INFO,functions/Logic.java,2024-02-29T20:29:15.247613Z
65e0e91a000e1daf1ca4c62a,functions/Logic.java,service,cpu:=-1040000000  rt:=851946067,cloudfunctions,00d087f5e0d4d81528cf22cb133c2e4dd9a2c4ce3eab40a6348fdb235a3535110a2312ab0cf8d4076c1e91472dbd37c7a81eb9097195cd3f6758925e661bb3dd5e03a2,projects/modellearning/logs/run.googleapis.com%2Fstdout,,2024-02-29T20:29:15.027201669Z,sscartquery,northamerica-northeast1,modellearning,sscartquery-00011-jzl,sscartquery,cloud_run_revision,INFO,functions/Logic.java,2024-02-29T20:29:14.925103Z
65e0e91a000aef99b66f0255,functions/Logic.java,service,cpu:=400000000  rt:=643641530,cloudfunctions,00d087f5e0d4d81528cf22cb133c2e4dd9a2c4ce3eab40a6348fdb235a3535110a2312ab0cf8d4076c1e91472dbd37c7a81eb9097195cd3f6758925e661bb3dd5e03a2,projects/modellearning/logs/run.googleapis.com%2Fstdout,,2024-02-29T20:29:15.027201669Z,sscartquery,northamerica-northeast1,modellearning,sscartquery-00011-jzl,sscartquery,cloud_run_revision,INFO,functions/Logic.java,2024-02-29T20:29:14.716697Z
65e0e91a0003f219662f0280,functions/Logic.java,service,cpu:=3920000000  rt:=4100707679,cloudfunctions,00d087f5e0c28364f40a88ea65440fad99d864800ea3cc4f8b70fe4c04ce8ea9bd6aa21cc40c9f2508c1dde8fc79b324f27e029f2d84aed35c039754a5d33a775a009f,projects/modellearning/logs/run.googleapis.com%2Fstdout,,2024-02-29T20:29:14.435281059Z,sscartquery,northamerica-northeast1,modellearning,sscartquery-00011-jzl,sscartquery,cloud_run_revision,INFO,functions/Logic.java,2024-02-29T20:29:14.258585Z
65e0e919000dd60101d4a9e4,functions/Logic.java,service,cpu:=1120000000  rt:=1180526562,cloudfunctions,00d087f5e0508b90f669d2e778e5edb119d2cf95bbdf1d474990a4029916e734b09cb9a2fbea2793facea51d590b84a7b32d827e55698dd1314956e833b1573e692dea,projects/modellearning/logs/run.googleapis.com%2Fstdout,,2024-02-29T20:29:14.103074756Z,sscartquery,northamerica-northeast1,modellearning,sscartquery-00011-jzl,sscartquery,cloud_run_revision,INFO,functions/Logic.java,2024-02-29T20:29:13.906753Z
65e0e919000da2aaa3fead04,functions/Logic.java,service,cpu:=2640000000  rt:=2709878132,cloudfunctions,00d087f5e0fb53247b367efd3d5bd3eb6ec2079ea1f90edc419a49866437bf458cfeca444aeaa3b7daf5636b05c06cb47d5f161f950d27b45213cc036890ef6262ebf3,projects/modellearning/logs/run.googleapis.com%2Fstdout,,2024-02-29T20:29:14.103074756Z,sscartquery,northamerica-northeast1,modellearning,sscartquery-00011-jzl,sscartquery,cloud_run_revision,INFO,functions/Logic.java,2024-02-29T20:29:13.893610Z
65e0e919000b69e04fb96637,functions/Logic.java,service,cpu:=690000000  rt:=716299963,cloudfunctions,00d087f5e04921ffa2ae878763f0217abb165fe4fe9a2e8a027ba11aed30e41dbddf4fc8615626ade2ce81a05b33cc0543a90b189fc41ef2749e7ddb07fe1c9b9eae6c,projects/modellearning/logs/run.googleapis.com%2Fstdout,,2024-02-29T20:29:13.772220221Z,sscartquery,northamerica-northeast1,modellearning,sscartquery-00011-jzl,sscartquery,cloud_run_revision,INFO,functions/Logic.java,2024-02-29T20:29:13.748Z
65e0e919000828b155d4d1c9,functions/Logic.java,service,cpu:=1670000000  rt:=1752208199,cloudfunctions,00d087f5e0b82d4393d4a7bbb7f14727933f8b96724a91b37d40394984760349848f0c657a1b55ad143d87d15617c08a8ba76acddb65a7eb3b550a40e4aceccdfb8d33,projects/modellearning/logs/run.googleapis.com%2Fstdout,,2024-02-29T20:29:13.772220221Z,sscartquery,northamerica-northeast1,modellearning,sscartquery-00011-jzl,sscartquery,cloud_run_revision,INFO,functions/Logic.java,2024-02-29T20:29:13.534705Z
65e0e91900025c6805ffd6ef,functions/Logic.java,service,cpu:=70000000  rt:=70646629,cloudfunctions,00d087f5e0d4d81528cf22cb133c2e4dd9a2c4ce3eab40a6348fdb235a3535110a2312ab0cf8d4076c1e91472dbd37c7a81eb9097195cd3f6758925e661bb3dd5e03a2,projects/modellearning/logs/run.googleapis.com%2Fstdout,,2024-02-29T20:29:13.362695787Z,sscartquery,northamerica-northeast1,modellearning,sscartquery-00011-jzl,sscartquery,cloud_run_revision,INFO,functions/Logic.java,2024-02-29T20:29:13.154728Z
65e0e918000d11277beb0a8c,functions/Logic.java,service,cpu:=210000000  rt:=212749813,cloudfunctions,00d087f5e07bdae58c1f4da3364551cac54ac5362bf1a9581e7d4bf9a32f14aae9b89d873ef09e84a16dbd253a49be122c24eb757e668e06c6c2cc19262d914e45e911,projects/modellearning/logs/run.googleapis.com%2Fstdout,,2024-02-29T20:29:13.104524864Z,sscartquery,northamerica-northeast1,modellearning,sscartquery-00011-jzl,sscartquery,cloud_run_revision,INFO,functions/Logic.java,2024-02-29T20:29:12.856359Z
65e0e918000ba8b59126c23a,functions/Logic.java,service,cpu:=1290000000  rt:=1317156659,cloudfunctions,00d087f5e04921ffa2ae878763f0217abb165fe4fe9a2e8a027ba11aed30e41dbddf4fc8615626ade2ce81a05b33cc0543a90b189fc41ef2749e7ddb07fe1c9b9eae6c,projects/modellearning/logs/run.googleapis.com%2Fstdout,,2024-02-29T20:29:12.770279722Z,sscartquery,northamerica-northeast1,modellearning,sscartquery-00011-jzl,sscartquery,cloud_run_revision,INFO,functions/Logic.java,2024-02-29T20:29:12.764085Z
65e0e91800081be79899b1b4,functions/Logic.java,service,cpu:=1180000000  rt:=1215594028,cloudfunctions,00d087f5e0d4d81528cf22cb133c2e4dd9a2c4ce3eab40a6348fdb235a3535110a2312ab0cf8d4076c1e91472dbd37c7a81eb9097195cd3f6758925e661bb3dd5e03a2,projects/modellearning/logs/run.googleapis.com%2Fstdout,,2024-02-29T20:29:12.695413487Z,sscartquery,northamerica-northeast1,modellearning,sscartquery-00011-jzl,sscartquery,cloud_run_revision,INFO,functions/Logic.java,2024-02-29T20:29:12.531431Z
65e0e9180003a2d6d26648b1,functions/Logic.java,service,cpu:=570000000  rt:=609632322,cloudfunctions,00d087f5e0508b90f669d2e778e5edb119d2cf95bbdf1d474990a4029916e734b09cb9a2fbea2793facea51d590b84a7b32d827e55698dd1314956e833b1573e692dea,projects/modellearning/logs/run.googleapis.com%2Fstdout,,2024-02-29T20:29:12.438129252Z,sscartquery,northamerica-northeast1,modellearning,sscartquery-00011-jzl,sscartquery,cloud_run_revision,INFO,functions/Logic.java,2024-02-29T20:29:12.238294Z
65e0e9180001b0743a2d4488,functions/Logic.java,service,cpu:=3400000000  rt:=3509418180,cloudfunctions,00d087f5e07bdae58c1f4da3364551cac54ac5362bf1a9581e7d4bf9a32f14aae9b89d873ef09e84a16dbd253a49be122c24eb757e668e06c6c2cc19262d914e45e911,projects/modellearning/logs/run.googleapis.com%2Fstdout,,2024-02-29T20:29:12.438129252Z,sscartquery,northamerica-northeast1,modellearning,sscartquery-00011-jzl,sscartquery,cloud_run_revision,INFO,functions/Logic.java,2024-02-29T20:29:12.110708Z
65e0e9170007af75b33bd0c1,functions/Logic.java,service,cpu:=70000000  rt:=69992428,cloudfunctions,00d087f5e025f1412d457ac9df76d9971bbb653901e64de3964b6771b432461e319b79b0f00c478208807a6c7a3fbf8874fe0596d4f63281afed598300217590a2678e,projects/modellearning/logs/run.googleapis.com%2Fstdout,,2024-02-29T20:29:11.772045987Z,sscartquery,northamerica-northeast1,modellearning,sscartquery-00011-jzl,sscartquery,cloud_run_revision,INFO,functions/Logic.java,2024-02-29T20:29:11.503669Z
65e0e917000393405d5c2482,functions/Logic.java,service,cpu:=1390000000  rt:=1416061065,cloudfunctions,00d087f5e0b82d4393d4a7bbb7f14727933f8b96724a91b37d40394984760349848f0c657a1b55ad143d87d15617c08a8ba76acddb65a7eb3b550a40e4aceccdfb8d33,projects/modellearning/logs/run.googleapis.com%2Fstdout,,2024-02-29T20:29:11.438982017Z,sscartquery,northamerica-northeast1,modellearning,sscartquery-00011-jzl,sscartquery,cloud_run_revision,INFO,functions/Logic.java,2024-02-29T20:29:11.234304Z
65e0e91700023d07877b5c27,functions/Logic.java,service,cpu:=1390000000  rt:=1419212588,cloudfunctions,00d087f5e0508b90f669d2e778e5edb119d2cf95bbdf1d474990a4029916e734b09cb9a2fbea2793facea51d590b84a7b32d827e55698dd1314956e833b1573e692dea,projects/modellearning/logs/run.googleapis.com%2Fstdout,,2024-02-29T20:29:11.438982017Z,sscartquery,northamerica-northeast1,modellearning,sscartquery-00011-jzl,sscartquery,cloud_run_revision,INFO,functions/Logic.java,2024-02-29T20:29:11.146695Z
65e0e9160009292ea90b88b4,functions/Logic.java,service,cpu:=5000000000  rt:=5533937164,cloudfunctions,00d087f5e0d4d81528cf22cb133c2e4dd9a2c4ce3eab40a6348fdb235a3535110a2312ab0cf8d4076c1e91472dbd37c7a81eb9097195cd3f6758925e661bb3dd5e03a2,projects/modellearning/logs/run.googleapis.com%2Fstdout,,2024-02-29T20:29:10.696897129Z,sscartquery,northamerica-northeast1,modellearning,sscartquery-00011-jzl,sscartquery,cloud_run_revision,INFO,functions/Logic.java,2024-02-29T20:29:10.600366Z
65e0e916000519d3cff9b580,functions/Logic.java,service,cpu:=2140000000  rt:=2208471338,cloudfunctions,00d087f5e04921ffa2ae878763f0217abb165fe4fe9a2e8a027ba11aed30e41dbddf4fc8615626ade2ce81a05b33cc0543a90b189fc41ef2749e7ddb07fe1c9b9eae6c,projects/modellearning/logs/run.googleapis.com%2Fstdout,,2024-02-29T20:29:10.440013804Z,sscartquery,northamerica-northeast1,modellearning,sscartquery-00011-jzl,sscartquery,cloud_run_revision,INFO,functions/Logic.java,2024-02-29T20:29:10.334291Z
65e0e916000474ed2490bde8,functions/Logic.java,service,cpu:=1220000000  rt:=1250161172,cloudfunctions,00d087f5e0fb53247b367efd3d5bd3eb6ec2079ea1f90edc419a49866437bf458cfeca444aeaa3b7daf5636b05c06cb47d5f161f950d27b45213cc036890ef6262ebf3,projects/modellearning/logs/run.googleapis.com%2Fstdout,,2024-02-29T20:29:10.440013804Z,sscartquery,northamerica-northeast1,modellearning,sscartquery-00011-jzl,sscartquery,cloud_run_revision,INFO,functions/Logic.java,2024-02-29T20:29:10.292077Z
65e0e9160000af118a6daedc,functions/Logic.java,service,cpu:=2310000000  rt:=2370653252,cloudfunctions,00d087f5e025f1412d457ac9df76d9971bbb653901e64de3964b6771b432461e319b79b0f00c478208807a6c7a3fbf8874fe0596d4f63281afed598300217590a2678e,projects/modellearning/logs/run.googleapis.com%2Fstdout,,2024-02-29T20:29:10.107080977Z,sscartquery,northamerica-northeast1,modellearning,sscartquery-00011-jzl,sscartquery,cloud_run_revision,INFO,functions/Logic.java,2024-02-29T20:29:10.044817Z
65e0e915000d6fc39b723f0b,functions/Logic.java,service,cpu:=560000000  rt:=569806477,cloudfunctions,00d087f5e0c28364f40a88ea65440fad99d864800ea3cc4f8b70fe4c04ce8ea9bd6aa21cc40c9f2508c1dde8fc79b324f27e029f2d84aed35c039754a5d33a775a009f,projects/modellearning/logs/run.googleapis.com%2Fstdout,,2024-02-29T20:29:10.107080977Z,sscartquery,northamerica-northeast1,modellearning,sscartquery-00011-jzl,sscartquery,cloud_run_revision,INFO,functions/Logic.java,2024-02-29T20:29:09.880579Z
65e0e91500008691ba603cdf,functions/Logic.java,service,cpu:=450000000  rt:=459143236,cloudfunctions,00d087f5e0fb53247b367efd3d5bd3eb6ec2079ea1f90edc419a49866437bf458cfeca444aeaa3b7daf5636b05c06cb47d5f161f950d27b45213cc036890ef6262ebf3,projects/modellearning/logs/run.googleapis.com%2Fstdout,,2024-02-29T20:29:09.107433704Z,sscartquery,northamerica-northeast1,modellearning,sscartquery-00011-jzl,sscartquery,cloud_run_revision,INFO,functions/Logic.java,2024-02-29T20:29:09.034449Z
65e0e9140005c477038121dd,functions/Logic.java,service,cpu:=980000000  rt:=1015539033,cloudfunctions,00d087f5e0fb53247b367efd3d5bd3eb6ec2079ea1f90edc419a49866437bf458cfeca444aeaa3b7daf5636b05c06cb47d5f161f950d27b45213cc036890ef6262ebf3,projects/modellearning/logs/run.googleapis.com%2Fstdout,,2024-02-29T20:29:08.440386376Z,sscartquery,northamerica-northeast1,modellearning,sscartquery-00011-jzl,sscartquery,cloud_run_revision,INFO,functions/Logic.java,2024-02-29T20:29:08.377975Z
65e0e913000103554d04353e,functions/Logic.java,service,cpu:=530000000  rt:=539807742,cloudfunctions,00d087f5e0b82d4393d4a7bbb7f14727933f8b96724a91b37d40394984760349848f0c657a1b55ad143d87d15617c08a8ba76acddb65a7eb3b550a40e4aceccdfb8d33,projects/modellearning/logs/run.googleapis.com%2Fstdout,,2024-02-29T20:29:07.108554437Z,sscartquery,northamerica-northeast1,modellearning,sscartquery-00011-jzl,sscartquery,cloud_run_revision,INFO,functions/Logic.java,2024-02-29T20:29:07.066389Z
65e0e913000085cd4751637d,functions/Logic.java,service,cpu:=18760000000  rt:=1665307997,cloudfunctions,00d087f5e0fb53247b367efd3d5bd3eb6ec2079ea1f90edc419a49866437bf458cfeca444aeaa3b7daf5636b05c06cb47d5f161f950d27b45213cc036890ef6262ebf3,projects/modellearning/logs/run.googleapis.com%2Fstdout,,2024-02-29T20:29:07.108554437Z,sscartquery,northamerica-northeast1,modellearning,sscartquery-00011-jzl,sscartquery,cloud_run_revision,INFO,functions/Logic.java,2024-02-29T20:29:07.034253Z
65e0e913000085cc6bc1c503,functions/Logic.java,service,cpu:=250000000  rt:=260851174,cloudfunctions,00d087f5e0508b90f669d2e778e5edb119d2cf95bbdf1d474990a4029916e734b09cb9a2fbea2793facea51d590b84a7b32d827e55698dd1314956e833b1573e692dea,projects/modellearning/logs/run.googleapis.com%2Fstdout,,2024-02-29T20:29:07.108554437Z,sscartquery,northamerica-northeast1,modellearning,sscartquery-00011-jzl,sscartquery,cloud_run_revision,INFO,functions/Logic.java,2024-02-29T20:29:07.034252Z
65e0e912000c727013514924,functions/Logic.java,service,cpu:=20000000  rt:=18544820,cloudfunctions,00d087f5e0c28364f40a88ea65440fad99d864800ea3cc4f8b70fe4c04ce8ea9bd6aa21cc40c9f2508c1dde8fc79b324f27e029f2d84aed35c039754a5d33a775a009f,projects/modellearning/logs/run.googleapis.com%2Fstdout,,2024-02-29T20:29:07.108554437Z,sscartquery,northamerica-northeast1,modellearning,sscartquery-00011-jzl,sscartquery,cloud_run_revision,INFO,functions/Logic.java,2024-02-29T20:29:06.815728Z
65e0e912000766a588720a41,functions/Logic.java,service,cpu:=200000000  rt:=207637360,cloudfunctions,00d087f5e07bdae58c1f4da3364551cac54ac5362bf1a9581e7d4bf9a32f14aae9b89d873ef09e84a16dbd253a49be122c24eb757e668e06c6c2cc19262d914e45e911,projects/modellearning/logs/run.googleapis.com%2Fstdout,,2024-02-29T20:29:06.775530438Z,sscartquery,northamerica-northeast1,modellearning,sscartquery-00011-jzl,sscartquery,cloud_run_revision,INFO,functions/Logic.java,2024-02-29T20:29:06.485029Z
65e0e9120006ddf07211974e,functions/Logic.java,service,cpu:=2030000000  rt:=2127341530,cloudfunctions,00d087f5e04921ffa2ae878763f0217abb165fe4fe9a2e8a027ba11aed30e41dbddf4fc8615626ade2ce81a05b33cc0543a90b189fc41ef2749e7ddb07fe1c9b9eae6c,projects/modellearning/logs/run.googleapis.com%2Fstdout,,2024-02-29T20:29:06.775530438Z,sscartquery,northamerica-northeast1,modellearning,sscartquery-00011-jzl,sscartquery,cloud_run_revision,INFO,functions/Logic.java,2024-02-29T20:29:06.450032Z
65e0e912000249900a866432,functions/Logic.java,service,cpu:=1170000000  rt:=1197662833,cloudfunctions,00d087f5e025f1412d457ac9df76d9971bbb653901e64de3964b6771b432461e319b79b0f00c478208807a6c7a3fbf8874fe0596d4f63281afed598300217590a2678e,projects/modellearning/logs/run.googleapis.com%2Fstdout,,2024-02-29T20:29:06.442628373Z,sscartquery,northamerica-northeast1,modellearning,sscartquery-00011-jzl,sscartquery,cloud_run_revision,INFO,functions/Logic.java,2024-02-29T20:29:06.149904Z
65e0e911000e6a2f549cb3a4,functions/Logic.java,service,cpu:=430000000  rt:=462382270,cloudfunctions,00d087f5e0c28364f40a88ea65440fad99d864800ea3cc4f8b70fe4c04ce8ea9bd6aa21cc40c9f2508c1dde8fc79b324f27e029f2d84aed35c039754a5d33a775a009f,projects/modellearning/logs/run.googleapis.com%2Fstdout,,2024-02-29T20:29:06.110136467Z,sscartquery,northamerica-northeast1,modellearning,sscartquery-00011-jzl,sscartquery,cloud_run_revision,INFO,functions/Logic.java,2024-02-29T20:29:05.944687Z
65e0e911000c75c625aa1196,functions/Logic.java,service,cpu:=-17060000000  rt:=750396946,cloudfunctions,00d087f5e0d4d81528cf22cb133c2e4dd9a2c4ce3eab40a6348fdb235a3535110a2312ab0cf8d4076c1e91472dbd37c7a81eb9097195cd3f6758925e661bb3dd5e03a2,projects/modellearning/logs/run.googleapis.com%2Fstdout,,2024-02-29T20:29:06.035545694Z,sscartquery,northamerica-northeast1,modellearning,sscartquery-00011-jzl,sscartquery,cloud_run_revision,INFO,functions/Logic.java,2024-02-29T20:29:05.816582Z
65e0e911000b965a74064d68,functions/Logic.java,service,cpu:=230000000  rt:=389705225,cloudfunctions,00d087f5e0fb53247b367efd3d5bd3eb6ec2079ea1f90edc419a49866437bf458cfeca444aeaa3b7daf5636b05c06cb47d5f161f950d27b45213cc036890ef6262ebf3,projects/modellearning/logs/run.googleapis.com%2Fstdout,,2024-02-29T20:29:05.776370095Z,sscartquery,northamerica-northeast1,modellearning,sscartquery-00011-jzl,sscartquery,cloud_run_revision,INFO,functions/Logic.java,2024-02-29T20:29:05.759386Z
65e0e911000871a3d37a2ae3,functions/Logic.java,service,cpu:=1440000000  rt:=1484764799,cloudfunctions,00d087f5e0508b90f669d2e778e5edb119d2cf95bbdf1d474990a4029916e734b09cb9a2fbea2793facea51d590b84a7b32d827e55698dd1314956e833b1573e692dea,projects/modellearning/logs/run.googleapis.com%2Fstdout,,2024-02-29T20:29:05.776370095Z,sscartquery,northamerica-northeast1,modellearning,sscartquery-00011-jzl,sscartquery,cloud_run_revision,INFO,functions/Logic.java,2024-02-29T20:29:05.553379Z
65e0e911000547e088638e07,functions/Logic.java,service,cpu:=420000000  rt:=428197482,cloudfunctions,00d087f5e0b82d4393d4a7bbb7f14727933f8b96724a91b37d40394984760349848f0c657a1b55ad143d87d15617c08a8ba76acddb65a7eb3b550a40e4aceccdfb8d33,projects/modellearning/logs/run.googleapis.com%2Fstdout,,2024-02-29T20:29:05.443325656Z,sscartquery,northamerica-northeast1,modellearning,sscartquery-00011-jzl,sscartquery,cloud_run_revision,INFO,functions/Logic.java,2024-02-29T20:29:05.346080Z
65e0e910000e41aa4f401c89,functions/Logic.java,service,cpu:=3340000000  rt:=3487428315,cloudfunctions,00d087f5e07bdae58c1f4da3364551cac54ac5362bf1a9581e7d4bf9a32f14aae9b89d873ef09e84a16dbd253a49be122c24eb757e668e06c6c2cc19262d914e45e911,projects/modellearning/logs/run.googleapis.com%2Fstdout,,2024-02-29T20:29:05.111061116Z,sscartquery,northamerica-northeast1,modellearning,sscartquery-00011-jzl,sscartquery,cloud_run_revision,INFO,functions/Logic.java,2024-02-29T20:29:04.934314Z
65e0e9100007564fe6cba7ee,functions/Logic.java,service,cpu:=20000000  rt:=15067332,cloudfunctions,00d087f5e0fb53247b367efd3d5bd3eb6ec2079ea1f90edc419a49866437bf458cfeca444aeaa3b7daf5636b05c06cb47d5f161f950d27b45213cc036890ef6262ebf3,projects/modellearning/logs/run.googleapis.com%2Fstdout,,2024-02-29T20:29:04.777491733Z,sscartquery,northamerica-northeast1,modellearning,sscartquery-00011-jzl,sscartquery,cloud_run_revision,INFO,functions/Logic.java,2024-02-29T20:29:04.480847Z
65e0e9100006a078e00e4a1a,functions/Logic.java,service,cpu:=450000000  rt:=476087263,cloudfunctions,00d087f5e0fb53247b367efd3d5bd3eb6ec2079ea1f90edc419a49866437bf458cfeca444aeaa3b7daf5636b05c06cb47d5f161f950d27b45213cc036890ef6262ebf3,projects/modellearning/logs/run.googleapis.com%2Fstdout,,2024-02-29T20:29:04.444360256Z,sscartquery,northamerica-northeast1,modellearning,sscartquery-00011-jzl,sscartquery,cloud_run_revision,INFO,functions/Logic.java,2024-02-29T20:29:04.434296Z
65e0e90f000a2638ab11b64c,functions/Logic.java,service,cpu:=230000000  rt:=261340896,cloudfunctions,00d087f5e0c28364f40a88ea65440fad99d864800ea3cc4f8b70fe4c04ce8ea9bd6aa21cc40c9f2508c1dde8fc79b324f27e029f2d84aed35c039754a5d33a775a009f,projects/modellearning/logs/run.googleapis.com%2Fstdout,,2024-02-29T20:29:03.778402369Z,sscartquery,northamerica-northeast1,modellearning,sscartquery-00011-jzl,sscartquery,cloud_run_revision,INFO,functions/Logic.java,2024-02-29T20:29:03.665144Z
65e0e90f000a0efea9037f5a,functions/Logic.java,service,cpu:=20620000000  rt:=2613602133,cloudfunctions,00d087f5e0fb53247b367efd3d5bd3eb6ec2079ea1f90edc419a49866437bf458cfeca444aeaa3b7daf5636b05c06cb47d5f161f950d27b45213cc036890ef6262ebf3,projects/modellearning/logs/run.googleapis.com%2Fstdout,,2024-02-29T20:29:03.778402369Z,sscartquery,northamerica-northeast1,modellearning,sscartquery-00011-jzl,sscartquery,cloud_run_revision,INFO,functions/Logic.java,2024-02-29T20:29:03.659198Z
65e0e90f00058ecc02190743,functions/Logic.java,service,cpu:=580000000  rt:=596684110,cloudfunctions,00d087f5e0d4d81528cf22cb133c2e4dd9a2c4ce3eab40a6348fdb235a3535110a2312ab0cf8d4076c1e91472dbd37c7a81eb9097195cd3f6758925e661bb3dd5e03a2,projects/modellearning/logs/run.googleapis.com%2Fstdout,,2024-02-29T20:29:03.371165354Z,sscartquery,northamerica-northeast1,modellearning,sscartquery-00011-jzl,sscartquery,cloud_run_revision,INFO,functions/Logic.java,2024-02-29T20:29:03.364236Z
65e0e90f000548992a4dbbf5,functions/Logic.java,service,cpu:=860000000  rt:=900781487,cloudfunctions,00d087f5e025f1412d457ac9df76d9971bbb653901e64de3964b6771b432461e319b79b0f00c478208807a6c7a3fbf8874fe0596d4f63281afed598300217590a2678e,projects/modellearning/logs/run.googleapis.com%2Fstdout,,2024-02-29T20:29:03.446690608Z,sscartquery,northamerica-northeast1,modellearning,sscartquery-00011-jzl,sscartquery,cloud_run_revision,INFO,functions/Logic.java,2024-02-29T20:29:03.346265Z
65e0e90f0000cc1d51f19749,functions/Logic.java,service,cpu:=2560000000  rt:=2632945005,cloudfunctions,00d087f5e0b82d4393d4a7bbb7f14727933f8b96724a91b37d40394984760349848f0c657a1b55ad143d87d15617c08a8ba76acddb65a7eb3b550a40e4aceccdfb8d33,projects/modellearning/logs/run.googleapis.com%2Fstdout,,2024-02-29T20:29:03.112395457Z,sscartquery,northamerica-northeast1,modellearning,sscartquery-00011-jzl,sscartquery,cloud_run_revision,INFO,functions/Logic.java,2024-02-29T20:29:03.052253Z
65e0e90e000a8e522d581c8a,functions/Logic.java,service,cpu:=90000000  rt:=85929551,cloudfunctions,00d087f5e04921ffa2ae878763f0217abb165fe4fe9a2e8a027ba11aed30e41dbddf4fc8615626ade2ce81a05b33cc0543a90b189fc41ef2749e7ddb07fe1c9b9eae6c,projects/modellearning/logs/run.googleapis.com%2Fstdout,,2024-02-29T20:29:02.779523359Z,sscartquery,northamerica-northeast1,modellearning,sscartquery-00011-jzl,sscartquery,cloud_run_revision,INFO,functions/Logic.java,2024-02-29T20:29:02.691794Z
65e0e90e000a19bba7be9e6d,functions/Logic.java,service,cpu:=500000000  rt:=515673658,cloudfunctions,00d087f5e0508b90f669d2e778e5edb119d2cf95bbdf1d474990a4029916e734b09cb9a2fbea2793facea51d590b84a7b32d827e55698dd1314956e833b1573e692dea,projects/modellearning/logs/run.googleapis.com%2Fstdout,,2024-02-29T20:29:02.779523359Z,sscartquery,northamerica-northeast1,modellearning,sscartquery-00011-jzl,sscartquery,cloud_run_revision,INFO,functions/Logic.java,2024-02-29T20:29:02.661947Z
65e0e90e0009e84c30b201ae,functions/Logic.java,service,cpu:=860000000  rt:=1603648076,cloudfunctions,00d087f5e0fb53247b367efd3d5bd3eb6ec2079ea1f90edc419a49866437bf458cfeca444aeaa3b7daf5636b05c06cb47d5f161f950d27b45213cc036890ef6262ebf3,projects/modellearning/logs/run.googleapis.com%2Fstdout,,2024-02-29T20:29:02.779523359Z,sscartquery,northamerica-northeast1,modellearning,sscartquery-00011-jzl,sscartquery,cloud_run_revision,INFO,functions/Logic.java,2024-02-29T20:29:02.649292Z
65e0e90e00091ac0b6f2a776,functions/Logic.java,service,cpu:=3510000000  rt:=3628152143,cloudfunctions,00d087f5e0c28364f40a88ea65440fad99d864800ea3cc4f8b70fe4c04ce8ea9bd6aa21cc40c9f2508c1dde8fc79b324f27e029f2d84aed35c039754a5d33a775a009f,projects/modellearning/logs/run.googleapis.com%2Fstdout,,2024-02-29T20:29:02.779523359Z,sscartquery,northamerica-northeast1,modellearning,sscartquery-00011-jzl,sscartquery,cloud_run_revision,INFO,functions/Logic.java,2024-02-29T20:29:02.596672Z
65e0e90e0005e80eef1785ca,functions/Logic.java,service,cpu:=990000000  rt:=1070839597,cloudfunctions,00d087f5e04921ffa2ae878763f0217abb165fe4fe9a2e8a027ba11aed30e41dbddf4fc8615626ade2ce81a05b33cc0543a90b189fc41ef2749e7ddb07fe1c9b9eae6c,projects/modellearning/logs/run.googleapis.com%2Fstdout,,2024-02-29T20:29:02.447330344Z,sscartquery,northamerica-northeast1,modellearning,sscartquery-00011-jzl,sscartquery,cloud_run_revision,INFO,functions/Logic.java,2024-02-29T20:29:02.387086Z
65e0e90d000cdb03fa18d79f,functions/Logic.java,service,cpu:=1180000000  rt:=1223291486,cloudfunctions,00d087f5e025f1412d457ac9df76d9971bbb653901e64de3964b6771b432461e319b79b0f00c478208807a6c7a3fbf8874fe0596d4f63281afed598300217590a2678e,projects/modellearning/logs/run.googleapis.com%2Fstdout,,2024-02-29T20:29:02.113964662Z,sscartquery,northamerica-northeast1,modellearning,sscartquery-00011-jzl,sscartquery,cloud_run_revision,INFO,functions/Logic.java,2024-02-29T20:29:01.842499Z
65e0e90d0006a09b97f0643a,functions/Logic.java,service,cpu:=620000000  rt:=631926062,cloudfunctions,00d087f5e0508b90f669d2e778e5edb119d2cf95bbdf1d474990a4029916e734b09cb9a2fbea2793facea51d590b84a7b32d827e55698dd1314956e833b1573e692dea,projects/modellearning/logs/run.googleapis.com%2Fstdout,,2024-02-29T20:29:01.447361543Z,sscartquery,northamerica-northeast1,modellearning,sscartquery-00011-jzl,sscartquery,cloud_run_revision,INFO,functions/Logic.java,2024-02-29T20:29:01.434331Z
65e0e90d0002738cf4d4545a,functions/Logic.java,service,cpu:=80000000  rt:=92853019,cloudfunctions,00d087f5e07bdae58c1f4da3364551cac54ac5362bf1a9581e7d4bf9a32f14aae9b89d873ef09e84a16dbd253a49be122c24eb757e668e06c6c2cc19262d914e45e911,projects/modellearning/logs/run.googleapis.com%2Fstdout,,2024-02-29T20:29:01.447361543Z,sscartquery,northamerica-northeast1,modellearning,sscartquery-00011-jzl,sscartquery,cloud_run_revision,INFO,functions/Logic.java,2024-02-29T20:29:01.160652Z
65e0e90c000c0830f4ed5f9d,functions/Logic.java,service,cpu:=150000000  rt:=143181424,cloudfunctions,00d087f5e04921ffa2ae878763f0217abb165fe4fe9a2e8a027ba11aed30e41dbddf4fc8615626ade2ce81a05b33cc0543a90b189fc41ef2749e7ddb07fe1c9b9eae6c,projects/modellearning/logs/run.googleapis.com%2Fstdout,,2024-02-29T20:29:01.114355547Z,sscartquery,northamerica-northeast1,modellearning,sscartquery-00011-jzl,sscartquery,cloud_run_revision,INFO,functions/Logic.java,2024-02-29T20:29:00.788528Z
65e0e90c0009ae21bc89fd0b,functions/Logic.java,service,cpu:=1730000000  rt:=1801058343,cloudfunctions,00d087f5e07bdae58c1f4da3364551cac54ac5362bf1a9581e7d4bf9a32f14aae9b89d873ef09e84a16dbd253a49be122c24eb757e668e06c6c2cc19262d914e45e911,projects/modellearning/logs/run.googleapis.com%2Fstdout,,2024-02-29T20:29:00.781064952Z,sscartquery,northamerica-northeast1,modellearning,sscartquery-00011-jzl,sscartquery,cloud_run_revision,INFO,functions/Logic.java,2024-02-29T20:29:00.634401Z
65e0e90b0007a39b62cf9667,functions/Logic.java,service,cpu:=210000000  rt:=213356704,cloudfunctions,00d087f5e0508b90f669d2e778e5edb119d2cf95bbdf1d474990a4029916e734b09cb9a2fbea2793facea51d590b84a7b32d827e55698dd1314956e833b1573e692dea,projects/modellearning/logs/run.googleapis.com%2Fstdout,,2024-02-29T20:28:59.782798912Z,sscartquery,northamerica-northeast1,modellearning,sscartquery-00011-jzl,sscartquery,cloud_run_revision,INFO,functions/Logic.java,2024-02-29T20:28:59.500635Z
65e0e90b0004c2059a667ff9,functions/Logic.java,service,cpu:=90000000  rt:=90780992,cloudfunctions,00d087f5e0fb53247b367efd3d5bd3eb6ec2079ea1f90edc419a49866437bf458cfeca444aeaa3b7daf5636b05c06cb47d5f161f950d27b45213cc036890ef6262ebf3,projects/modellearning/logs/run.googleapis.com%2Fstdout,,2024-02-29T20:28:59.449211864Z,sscartquery,northamerica-northeast1,modellearning,sscartquery-00011-jzl,sscartquery,cloud_run_revision,INFO,functions/Logic.java,2024-02-29T20:28:59.311813Z
65e0e90b00020c808e7e9d2e,functions/Logic.java,service,cpu:=3870000000  rt:=4484063281,cloudfunctions,00d087f5e0fb53247b367efd3d5bd3eb6ec2079ea1f90edc419a49866437bf458cfeca444aeaa3b7daf5636b05c06cb47d5f161f950d27b45213cc036890ef6262ebf3,projects/modellearning/logs/run.googleapis.com%2Fstdout,,2024-02-29T20:28:59.449211864Z,sscartquery,northamerica-northeast1,modellearning,sscartquery-00011-jzl,sscartquery,cloud_run_revision,INFO,functions/Logic.java,2024-02-29T20:28:59.134272Z
65e0e90b000005e63a629194,functions/Logic.java,service,cpu:=280000000  rt:=284800878,cloudfunctions,00d087f5e04921ffa2ae878763f0217abb165fe4fe9a2e8a027ba11aed30e41dbddf4fc8615626ade2ce81a05b33cc0543a90b189fc41ef2749e7ddb07fe1c9b9eae6c,projects/modellearning/logs/run.googleapis.com%2Fstdout,,2024-02-29T20:28:59.116100587Z,sscartquery,northamerica-northeast1,modellearning,sscartquery-00011-jzl,sscartquery,cloud_run_revision,INFO,functions/Logic.java,2024-02-29T20:28:59.001510Z
65e0e90a0008279878acd042,functions/Logic.java,service,cpu:=110000000  rt:=109984379,cloudfunctions,00d087f5e025f1412d457ac9df76d9971bbb653901e64de3964b6771b432461e319b79b0f00c478208807a6c7a3fbf8874fe0596d4f63281afed598300217590a2678e,projects/modellearning/logs/run.googleapis.com%2Fstdout,,2024-02-29T20:28:58.783932678Z,sscartquery,northamerica-northeast1,modellearning,sscartquery-00011-jzl,sscartquery,cloud_run_revision,INFO,functions/Logic.java,2024-02-29T20:28:58.534424Z
65e0e90a00021c794926ca2b,functions/Logic.java,service,cpu:=170000000  rt:=171330229,cloudfunctions,00d087f5e0b82d4393d4a7bbb7f14727933f8b96724a91b37d40394984760349848f0c657a1b55ad143d87d15617c08a8ba76acddb65a7eb3b550a40e4aceccdfb8d33,projects/modellearning/logs/run.googleapis.com%2Fstdout,,2024-02-29T20:28:58.451066869Z,sscartquery,northamerica-northeast1,modellearning,sscartquery-00011-jzl,sscartquery,cloud_run_revision,INFO,functions/Logic.java,2024-02-29T20:28:58.138361Z
65e0e909000a613accff10ba,functions/Logic.java,service,cpu:=3400000000  rt:=3521859939,cloudfunctions,00d087f5e0508b90f669d2e778e5edb119d2cf95bbdf1d474990a4029916e734b09cb9a2fbea2793facea51d590b84a7b32d827e55698dd1314956e833b1573e692dea,projects/modellearning/logs/run.googleapis.com%2Fstdout,,2024-02-29T20:28:57.784091240Z,sscartquery,northamerica-northeast1,modellearning,sscartquery-00011-jzl,sscartquery,cloud_run_revision,INFO,functions/Logic.java,2024-02-29T20:28:57.680250Z
65e0e9090004a74435528210,functions/Logic.java,service,cpu:=1420000000  rt:=1468936146,cloudfunctions,00d087f5e0c28364f40a88ea65440fad99d864800ea3cc4f8b70fe4c04ce8ea9bd6aa21cc40c9f2508c1dde8fc79b324f27e029f2d84aed35c039754a5d33a775a009f,projects/modellearning/logs/run.googleapis.com%2Fstdout,,2024-02-29T20:28:57.451910716Z,sscartquery,northamerica-northeast1,modellearning,sscartquery-00011-jzl,sscartquery,cloud_run_revision,INFO,functions/Logic.java,2024-02-29T20:28:57.304964Z
65e0e908000ec671b04b6e3f,functions/Logic.java,service,cpu:=760000000  rt:=790220899,cloudfunctions,00d087f5e07bdae58c1f4da3364551cac54ac5362bf1a9581e7d4bf9a32f14aae9b89d873ef09e84a16dbd253a49be122c24eb757e668e06c6c2cc19262d914e45e911,projects/modellearning/logs/run.googleapis.com%2Fstdout,,2024-02-29T20:28:57.118048749Z,sscartquery,northamerica-northeast1,modellearning,sscartquery-00011-jzl,sscartquery,cloud_run_revision,INFO,functions/Logic.java,2024-02-29T20:28:56.968305Z
65e0e908000d7105d2f6bc53,functions/Logic.java,service,cpu:=4170000000  rt:=4728998192,cloudfunctions,00d087f5e0d4d81528cf22cb133c2e4dd9a2c4ce3eab40a6348fdb235a3535110a2312ab0cf8d4076c1e91472dbd37c7a81eb9097195cd3f6758925e661bb3dd5e03a2,projects/modellearning/logs/run.googleapis.com%2Fstdout,,2024-02-29T20:28:57.044112042Z,sscartquery,northamerica-northeast1,modellearning,sscartquery-00011-jzl,sscartquery,cloud_run_revision,INFO,functions/Logic.java,2024-02-29T20:28:56.880901Z
65e0e90800090fa35ea0e6d3,functions/Logic.java,service,cpu:=1600000000  rt:=1634001387,cloudfunctions,00d087f5e04921ffa2ae878763f0217abb165fe4fe9a2e8a027ba11aed30e41dbddf4fc8615626ade2ce81a05b33cc0543a90b189fc41ef2749e7ddb07fe1c9b9eae6c,projects/modellearning/logs/run.googleapis.com%2Fstdout,,2024-02-29T20:28:56.785345178Z,sscartquery,northamerica-northeast1,modellearning,sscartquery-00011-jzl,sscartquery,cloud_run_revision,INFO,functions/Logic.java,2024-02-29T20:28:56.593827Z
65e0e9080003ef22aacee027,functions/Logic.java,service,cpu:=660000000  rt:=670016424,cloudfunctions,00d087f5e025f1412d457ac9df76d9971bbb653901e64de3964b6771b432461e319b79b0f00c478208807a6c7a3fbf8874fe0596d4f63281afed598300217590a2678e,projects/modellearning/logs/run.googleapis.com%2Fstdout,,2024-02-29T20:28:56.453082837Z,sscartquery,northamerica-northeast1,modellearning,sscartquery-00011-jzl,sscartquery,cloud_run_revision,INFO,functions/Logic.java,2024-02-29T20:28:56.257826Z
65e0e907000d4b84bc9bab6b,functions/Logic.java,service,cpu:=690000000  rt:=701509236,cloudfunctions,00d087f5e0b82d4393d4a7bbb7f14727933f8b96724a91b37d40394984760349848f0c657a1b55ad143d87d15617c08a8ba76acddb65a7eb3b550a40e4aceccdfb8d33,projects/modellearning/logs/run.googleapis.com%2Fstdout,,2024-02-29T20:28:56.119941489Z,sscartquery,northamerica-northeast1,modellearning,sscartquery-00011-jzl,sscartquery,cloud_run_revision,INFO,functions/Logic.java,2024-02-29T20:28:55.871300Z
65e0e907000d3ab3501c2ece,functions/Logic.java,service,cpu:=4620000000  rt:=4764790337,cloudfunctions,00d087f5e07bdae58c1f4da3364551cac54ac5362bf1a9581e7d4bf9a32f14aae9b89d873ef09e84a16dbd253a49be122c24eb757e668e06c6c2cc19262d914e45e911,projects/modellearning/logs/run.googleapis.com%2Fstdout,,2024-02-29T20:28:56.119941489Z,sscartquery,northamerica-northeast1,modellearning,sscartquery-00011-jzl,sscartquery,cloud_run_revision,INFO,functions/Logic.java,2024-02-29T20:28:55.866995Z
65e0e907000b769531899063,functions/Logic.java,service,cpu:=39370000000  rt:=1101367344,cloudfunctions,00d087f5e0fb53247b367efd3d5bd3eb6ec2079ea1f90edc419a49866437bf458cfeca444aeaa3b7daf5636b05c06cb47d5f161f950d27b45213cc036890ef6262ebf3,projects/modellearning/logs/run.googleapis.com%2Fstdout,,2024-02-29T20:28:55.787318542Z,sscartquery,northamerica-northeast1,modellearning,sscartquery-00011-jzl,sscartquery,cloud_run_revision,INFO,functions/Logic.java,2024-02-29T20:28:55.751253Z
65e0e9070002aa640bf83372,functions/Logic.java,service,cpu:=2440000000  rt:=2529975555,cloudfunctions,00d087f5e0c28364f40a88ea65440fad99d864800ea3cc4f8b70fe4c04ce8ea9bd6aa21cc40c9f2508c1dde8fc79b324f27e029f2d84aed35c039754a5d33a775a009f,projects/modellearning/logs/run.googleapis.com%2Fstdout,,2024-02-29T20:28:55.453709445Z,sscartquery,northamerica-northeast1,modellearning,sscartquery-00011-jzl,sscartquery,cloud_run_revision,INFO,functions/Logic.java,2024-02-29T20:28:55.174692Z
65e0e906000f1023e055e78f,functions/Logic.java,service,cpu:=120000000  rt:=128637632,cloudfunctions,00d087f5e025f1412d457ac9df76d9971bbb653901e64de3964b6771b432461e319b79b0f00c478208807a6c7a3fbf8874fe0596d4f63281afed598300217590a2678e,projects/modellearning/logs/run.googleapis.com%2Fstdout,,2024-02-29T20:28:55.120729909Z,sscartquery,northamerica-northeast1,modellearning,sscartquery-00011-jzl,sscartquery,cloud_run_revision,INFO,functions/Logic.java,2024-02-29T20:28:54.987171Z
65e0e905000d5d41dbd803a1,functions/Logic.java,service,cpu:=950000000  rt:=974219559,cloudfunctions,00d087f5e0b82d4393d4a7bbb7f14727933f8b96724a91b37d40394984760349848f0c657a1b55ad143d87d15617c08a8ba76acddb65a7eb3b550a40e4aceccdfb8d33,projects/modellearning/logs/run.googleapis.com%2Fstdout,,2024-02-29T20:28:54.120983412Z,sscartquery,northamerica-northeast1,modellearning,sscartquery-00011-jzl,sscartquery,cloud_run_revision,INFO,functions/Logic.java,2024-02-29T20:28:53.875841Z
65e0e905000c3a66db0f8ed3,functions/Logic.java,service,cpu:=1690000000  rt:=1732485612,cloudfunctions,00d087f5e04921ffa2ae878763f0217abb165fe4fe9a2e8a027ba11aed30e41dbddf4fc8615626ade2ce81a05b33cc0543a90b189fc41ef2749e7ddb07fe1c9b9eae6c,projects/modellearning/logs/run.googleapis.com%2Fstdout,,2024-02-29T20:28:54.120983412Z,sscartquery,northamerica-northeast1,modellearning,sscartquery-00011-jzl,sscartquery,cloud_run_revision,INFO,functions/Logic.java,2024-02-29T20:28:53.801382Z
65e0e905000bd1ca88c66359,functions/Logic.java,service,cpu:=340000000  rt:=351866575,cloudfunctions,00d087f5e025f1412d457ac9df76d9971bbb653901e64de3964b6771b432461e319b79b0f00c478208807a6c7a3fbf8874fe0596d4f63281afed598300217590a2678e,projects/modellearning/logs/run.googleapis.com%2Fstdout,,2024-02-29T20:28:53.787965436Z,sscartquery,northamerica-northeast1,modellearning,sscartquery-00011-jzl,sscartquery,cloud_run_revision,INFO,functions/Logic.java,2024-02-29T20:28:53.774602Z
65e0e9050008b2c65bf7d5c1,functions/Logic.java,service,cpu:=1270000000  rt:=1305607976,cloudfunctions,00d087f5e0fb53247b367efd3d5bd3eb6ec2079ea1f90edc419a49866437bf458cfeca444aeaa3b7daf5636b05c06cb47d5f161f950d27b45213cc036890ef6262ebf3,projects/modellearning/logs/run.googleapis.com%2Fstdout,,2024-02-29T20:28:53.787965436Z,sscartquery,northamerica-northeast1,modellearning,sscartquery-00011-jzl,sscartquery,cloud_run_revision,INFO,functions/Logic.java,2024-02-29T20:28:53.570054Z
65e0e905000855882c9df851,functions/Logic.java,service,cpu:=250000000  rt:=264534049,cloudfunctions,00d087f5e0508b90f669d2e778e5edb119d2cf95bbdf1d474990a4029916e734b09cb9a2fbea2793facea51d590b84a7b32d827e55698dd1314956e833b1573e692dea,projects/modellearning/logs/run.googleapis.com%2Fstdout,,2024-02-29T20:28:53.787965436Z,sscartquery,northamerica-northeast1,modellearning,sscartquery-00011-jzl,sscartquery,cloud_run_revision,INFO,functions/Logic.java,2024-02-29T20:28:53.546184Z
65e0e9050001c93b816ed516,functions/Logic.java,service,cpu:=23890000000  rt:=963818839,cloudfunctions,00d087f5e0d4d81528cf22cb133c2e4dd9a2c4ce3eab40a6348fdb235a3535110a2312ab0cf8d4076c1e91472dbd37c7a81eb9097195cd3f6758925e661bb3dd5e03a2,projects/modellearning/logs/run.googleapis.com%2Fstdout,,2024-02-29T20:28:53.381403349Z,sscartquery,northamerica-northeast1,modellearning,sscartquery-00011-jzl,sscartquery,cloud_run_revision,INFO,functions/Logic.java,2024-02-29T20:28:53.117051Z
65e0e904000deb8516fc10dd,functions/Logic.java,service,cpu:=3750000000  rt:=6520803095,cloudfunctions,00d087f5e025f1412d457ac9df76d9971bbb653901e64de3964b6771b432461e319b79b0f00c478208807a6c7a3fbf8874fe0596d4f63281afed598300217590a2678e,projects/modellearning/logs/run.googleapis.com%2Fstdout,,2024-02-29T20:28:53.123105674Z,sscartquery,northamerica-northeast1,modellearning,sscartquery-00011-jzl,sscartquery,cloud_run_revision,INFO,functions/Logic.java,2024-02-29T20:28:52.912261Z
65e0e904000da644e3686bf4,functions/Logic.java,service,cpu:=20000000  rt:=18542907,cloudfunctions,00d087f5e0508b90f669d2e778e5edb119d2cf95bbdf1d474990a4029916e734b09cb9a2fbea2793facea51d590b84a7b32d827e55698dd1314956e833b1573e692dea,projects/modellearning/logs/run.googleapis.com%2Fstdout,,2024-02-29T20:28:53.123105674Z,sscartquery,northamerica-northeast1,modellearning,sscartquery-00011-jzl,sscartquery,cloud_run_revision,INFO,functions/Logic.java,2024-02-29T20:28:52.894532Z
65e0e904000ba13c74d1ddcd,functions/Logic.java,service,cpu:=250000000  rt:=253729115,cloudfunctions,00d087f5e0b82d4393d4a7bbb7f14727933f8b96724a91b37d40394984760349848f0c657a1b55ad143d87d15617c08a8ba76acddb65a7eb3b550a40e4aceccdfb8d33,projects/modellearning/logs/run.googleapis.com%2Fstdout,,2024-02-29T20:28:52.789751203Z,sscartquery,northamerica-northeast1,modellearning,sscartquery-00011-jzl,sscartquery,cloud_run_revision,INFO,functions/Logic.java,2024-02-29T20:28:52.762172Z
65e0e9040005afb58e3cba82,functions/Logic.java,service,cpu:=26000000000  rt:=5980733218,cloudfunctions,00d087f5e025f1412d457ac9df76d9971bbb653901e64de3964b6771b432461e319b79b0f00c478208807a6c7a3fbf8874fe0596d4f63281afed598300217590a2678e,projects/modellearning/logs/run.googleapis.com%2Fstdout,,2024-02-29T20:28:52.456631568Z,sscartquery,northamerica-northeast1,modellearning,sscartquery-00011-jzl,sscartquery,cloud_run_revision,INFO,functions/Logic.java,2024-02-29T20:28:52.372661Z
65e0e9040001360d6047bed5,functions/Logic.java,service,cpu:=250000000  rt:=251388279,cloudfunctions,00d087f5e0fb53247b367efd3d5bd3eb6ec2079ea1f90edc419a49866437bf458cfeca444aeaa3b7daf5636b05c06cb47d5f161f950d27b45213cc036890ef6262ebf3,projects/modellearning/logs/run.googleapis.com%2Fstdout,,2024-02-29T20:28:52.123690699Z,sscartquery,northamerica-northeast1,modellearning,sscartquery-00011-jzl,sscartquery,cloud_run_revision,INFO,functions/Logic.java,2024-02-29T20:28:52.079373Z
65e0e903000ab647c543f199,functions/Logic.java,service,cpu:=1040000000  rt:=1072879944,cloudfunctions,00d087f5e0fb53247b367efd3d5bd3eb6ec2079ea1f90edc419a49866437bf458cfeca444aeaa3b7daf5636b05c06cb47d5f161f950d27b45213cc036890ef6262ebf3,projects/modellearning/logs/run.googleapis.com%2Fstdout,,2024-02-29T20:28:51.790878693Z,sscartquery,northamerica-northeast1,modellearning,sscartquery-00011-jzl,sscartquery,cloud_run_revision,INFO,functions/Logic.java,2024-02-29T20:28:51.702023Z
65e0e903000924e6a5d72553,functions/Logic.java,service,cpu:=140000000  rt:=133593300,cloudfunctions,00d087f5e0508b90f669d2e778e5edb119d2cf95bbdf1d474990a4029916e734b09cb9a2fbea2793facea51d590b84a7b32d827e55698dd1314956e833b1573e692dea,projects/modellearning/logs/run.googleapis.com%2Fstdout,,2024-02-29T20:28:51.790878693Z,sscartquery,northamerica-northeast1,modellearning,sscartquery-00011-jzl,sscartquery,cloud_run_revision,INFO,functions/Logic.java,2024-02-29T20:28:51.599270Z
65e0e90300051a3deb071617,functions/Logic.java,service,cpu:=150000000  rt:=163621696,cloudfunctions,00d087f5e0c28364f40a88ea65440fad99d864800ea3cc4f8b70fe4c04ce8ea9bd6aa21cc40c9f2508c1dde8fc79b324f27e029f2d84aed35c039754a5d33a775a009f,projects/modellearning/logs/run.googleapis.com%2Fstdout,,2024-02-29T20:28:51.456863350Z,sscartquery,northamerica-northeast1,modellearning,sscartquery-00011-jzl,sscartquery,cloud_run_revision,INFO,functions/Logic.java,2024-02-29T20:28:51.334397Z
65e0e902000274c9dbcfa575,functions/Logic.java,service,cpu:=470000000  rt:=502355335,cloudfunctions,00d087f5e0b82d4393d4a7bbb7f14727933f8b96724a91b37d40394984760349848f0c657a1b55ad143d87d15617c08a8ba76acddb65a7eb3b550a40e4aceccdfb8d33,projects/modellearning/logs/run.googleapis.com%2Fstdout,,2024-02-29T20:28:50.457622529Z,sscartquery,northamerica-northeast1,modellearning,sscartquery-00011-jzl,sscartquery,cloud_run_revision,INFO,functions/Logic.java,2024-02-29T20:28:50.160969Z
65e0e901000d98795d13478e,functions/Logic.java,service,cpu:=120000000  rt:=118610379,cloudfunctions,00d087f5e0fb53247b367efd3d5bd3eb6ec2079ea1f90edc419a49866437bf458cfeca444aeaa3b7daf5636b05c06cb47d5f161f950d27b45213cc036890ef6262ebf3,projects/modellearning/logs/run.googleapis.com%2Fstdout,,2024-02-29T20:28:50.125303800Z,sscartquery,northamerica-northeast1,modellearning,sscartquery-00011-jzl,sscartquery,cloud_run_revision,INFO,functions/Logic.java,2024-02-29T20:28:49.891001Z
65e0e901000d1c57afd2e04f,functions/Logic.java,service,cpu:=170000000  rt:=177223428,cloudfunctions,00d087f5e04921ffa2ae878763f0217abb165fe4fe9a2e8a027ba11aed30e41dbddf4fc8615626ade2ce81a05b33cc0543a90b189fc41ef2749e7ddb07fe1c9b9eae6c,projects/modellearning/logs/run.googleapis.com%2Fstdout,,2024-02-29T20:28:50.125303800Z,sscartquery,northamerica-northeast1,modellearning,sscartquery-00011-jzl,sscartquery,cloud_run_revision,INFO,functions/Logic.java,2024-02-29T20:28:49.859223Z
65e0e901000aeda5d21262da,functions/Logic.java,service,cpu:=1760000000  rt:=2371507880,cloudfunctions,00d087f5e0fb53247b367efd3d5bd3eb6ec2079ea1f90edc419a49866437bf458cfeca444aeaa3b7daf5636b05c06cb47d5f161f950d27b45213cc036890ef6262ebf3,projects/modellearning/logs/run.googleapis.com%2Fstdout,,2024-02-29T20:28:49.791766458Z,sscartquery,northamerica-northeast1,modellearning,sscartquery-00011-jzl,sscartquery,cloud_run_revision,INFO,functions/Logic.java,2024-02-29T20:28:49.716197Z
65e0e90100086490cd6b26df,functions/Logic.java,service,cpu:=690000000  rt:=731474316,cloudfunctions,00d087f5e0508b90f669d2e778e5edb119d2cf95bbdf1d474990a4029916e734b09cb9a2fbea2793facea51d590b84a7b32d827e55698dd1314956e833b1573e692dea,projects/modellearning/logs/run.googleapis.com%2Fstdout,,2024-02-29T20:28:49.791766458Z,sscartquery,northamerica-northeast1,modellearning,sscartquery-00011-jzl,sscartquery,cloud_run_revision,INFO,functions/Logic.java,2024-02-29T20:28:49.550032Z
65e0e9010008274ac13a101d,functions/Logic.java,service,cpu:=3920000000  rt:=4163375362,cloudfunctions,00d087f5e0c28364f40a88ea65440fad99d864800ea3cc4f8b70fe4c04ce8ea9bd6aa21cc40c9f2508c1dde8fc79b324f27e029f2d84aed35c039754a5d33a775a009f,projects/modellearning/logs/run.googleapis.com%2Fstdout,,2024-02-29T20:28:49.791766458Z,sscartquery,northamerica-northeast1,modellearning,sscartquery-00011-jzl,sscartquery,cloud_run_revision,INFO,functions/Logic.java,2024-02-29T20:28:49.534346Z
65e0e9010007d987407844a0,functions/Logic.java,service,cpu:=1960000000  rt:=2047626382,cloudfunctions,00d087f5e07bdae58c1f4da3364551cac54ac5362bf1a9581e7d4bf9a32f14aae9b89d873ef09e84a16dbd253a49be122c24eb757e668e06c6c2cc19262d914e45e911,projects/modellearning/logs/run.googleapis.com%2Fstdout,,2024-02-29T20:28:49.791766458Z,sscartquery,northamerica-northeast1,modellearning,sscartquery-00011-jzl,sscartquery,cloud_run_revision,INFO,functions/Logic.java,2024-02-29T20:28:49.514439Z
65e0e9010005991a447a432d,functions/Logic.java,service,cpu:=40000000  rt:=47997065,cloudfunctions,00d087f5e0d4d81528cf22cb133c2e4dd9a2c4ce3eab40a6348fdb235a3535110a2312ab0cf8d4076c1e91472dbd37c7a81eb9097195cd3f6758925e661bb3dd5e03a2,projects/modellearning/logs/run.googleapis.com%2Fstdout,,2024-02-29T20:28:49.383886893Z,sscartquery,northamerica-northeast1,modellearning,sscartquery-00011-jzl,sscartquery,cloud_run_revision,INFO,functions/Logic.java,2024-02-29T20:28:49.366874Z
65e0e9010000df312a770ae9,functions/Logic.java,service,cpu:=1480000000  rt:=2195761655,cloudfunctions,00d087f5e0d4d81528cf22cb133c2e4dd9a2c4ce3eab40a6348fdb235a3535110a2312ab0cf8d4076c1e91472dbd37c7a81eb9097195cd3f6758925e661bb3dd5e03a2,projects/modellearning/logs/run.googleapis.com%2Fstdout,,2024-02-29T20:28:49.383886893Z,sscartquery,northamerica-northeast1,modellearning,sscartquery-00011-jzl,sscartquery,cloud_run_revision,INFO,functions/Logic.java,2024-02-29T20:28:49.057137Z
65e0e900000b6d44c780cf0d,functions/Logic.java,service,cpu:=-6240000000  rt:=1404090889,cloudfunctions,00d087f5e0fb53247b367efd3d5bd3eb6ec2079ea1f90edc419a49866437bf458cfeca444aeaa3b7daf5636b05c06cb47d5f161f950d27b45213cc036890ef6262ebf3,projects/modellearning/logs/run.googleapis.com%2Fstdout,,2024-02-29T20:28:48.793613661Z,sscartquery,northamerica-northeast1,modellearning,sscartquery-00011-jzl,sscartquery,cloud_run_revision,INFO,functions/Logic.java,2024-02-29T20:28:48.748868Z
65e0e90000065c23c9a8e48f,functions/Logic.java,service,cpu:=19120000000  rt:=1555494666,cloudfunctions,00d087f5e0d4d81528cf22cb133c2e4dd9a2c4ce3eab40a6348fdb235a3535110a2312ab0cf8d4076c1e91472dbd37c7a81eb9097195cd3f6758925e661bb3dd5e03a2,projects/modellearning/logs/run.googleapis.com%2Fstdout,,2024-02-29T20:28:48.717860681Z,sscartquery,northamerica-northeast1,modellearning,sscartquery-00011-jzl,sscartquery,cloud_run_revision,INFO,functions/Logic.java,2024-02-29T20:28:48.416803Z
65e0e8ff000de68019e2bd8d,functions/Logic.java,service,cpu:=1870000000  rt:=2200038631,cloudfunctions,00d087f5e04921ffa2ae878763f0217abb165fe4fe9a2e8a027ba11aed30e41dbddf4fc8615626ade2ce81a05b33cc0543a90b189fc41ef2749e7ddb07fe1c9b9eae6c,projects/modellearning/logs/run.googleapis.com%2Fstdout,,2024-02-29T20:28:48.127596584Z,sscartquery,northamerica-northeast1,modellearning,sscartquery-00011-jzl,sscartquery,cloud_run_revision,INFO,functions/Logic.java,2024-02-29T20:28:47.910976Z
65e0e8ff0009405c20039f14,functions/Logic.java,service,cpu:=1360000000  rt:=1438459009,cloudfunctions,00d087f5e0b82d4393d4a7bbb7f14727933f8b96724a91b37d40394984760349848f0c657a1b55ad143d87d15617c08a8ba76acddb65a7eb3b550a40e4aceccdfb8d33,projects/modellearning/logs/run.googleapis.com%2Fstdout,,2024-02-29T20:28:47.793799395Z,sscartquery,northamerica-northeast1,modellearning,sscartquery-00011-jzl,sscartquery,cloud_run_revision,INFO,functions/Logic.java,2024-02-29T20:28:47.606300Z
65e0e8ff000140e0086c0ae0,functions/Logic.java,service,cpu:=270000000  rt:=468933259,cloudfunctions,00d087f5e0508b90f669d2e778e5edb119d2cf95bbdf1d474990a4029916e734b09cb9a2fbea2793facea51d590b84a7b32d827e55698dd1314956e833b1573e692dea,projects/modellearning/logs/run.googleapis.com%2Fstdout,,2024-02-29T20:28:47.127768281Z,sscartquery,northamerica-northeast1,modellearning,sscartquery-00011-jzl,sscartquery,cloud_run_revision,INFO,functions/Logic.java,2024-02-29T20:28:47.082144Z
65e0e8fe000e7c4f3e13ce8e,functions/Logic.java,service,cpu:=50640000000  rt:=336090038,cloudfunctions,00d087f5e0508b90f669d2e778e5edb119d2cf95bbdf1d474990a4029916e734b09cb9a2fbea2793facea51d590b84a7b32d827e55698dd1314956e833b1573e692dea,projects/modellearning/logs/run.googleapis.com%2Fstdout,,2024-02-29T20:28:47.127768281Z,sscartquery,northamerica-northeast1,modellearning,sscartquery-00011-jzl,sscartquery,cloud_run_revision,INFO,functions/Logic.java,2024-02-29T20:28:46.949327Z
65e0e8fe000db0fadb31f3c3,functions/Logic.java,service,cpu:=3050000000  rt:=3138876226,cloudfunctions,00d087f5e07bdae58c1f4da3364551cac54ac5362bf1a9581e7d4bf9a32f14aae9b89d873ef09e84a16dbd253a49be122c24eb757e668e06c6c2cc19262d914e45e911,projects/modellearning/logs/run.googleapis.com%2Fstdout,,2024-02-29T20:28:47.127768281Z,sscartquery,northamerica-northeast1,modellearning,sscartquery-00011-jzl,sscartquery,cloud_run_revision,INFO,functions/Logic.java,2024-02-29T20:28:46.897274Z
65e0e8fe000c0d34b37c6def,functions/Logic.java,service,cpu:=810000000  rt:=838326352,cloudfunctions,00d087f5e0d4d81528cf22cb133c2e4dd9a2c4ce3eab40a6348fdb235a3535110a2312ab0cf8d4076c1e91472dbd37c7a81eb9097195cd3f6758925e661bb3dd5e03a2,projects/modellearning/logs/run.googleapis.com%2Fstdout,,2024-02-29T20:28:47.053465166Z,sscartquery,northamerica-northeast1,modellearning,sscartquery-00011-jzl,sscartquery,cloud_run_revision,INFO,functions/Logic.java,2024-02-29T20:28:46.789812Z
65e0e8fe00077721078216c0,functions/Logic.java,service,cpu:=320000000  rt:=364930660,cloudfunctions,00d087f5e0fb53247b367efd3d5bd3eb6ec2079ea1f90edc419a49866437bf458cfeca444aeaa3b7daf5636b05c06cb47d5f161f950d27b45213cc036890ef6262ebf3,projects/modellearning/logs/run.googleapis.com%2Fstdout,,2024-02-29T20:28:46.795962850Z,sscartquery,northamerica-northeast1,modellearning,sscartquery-00011-jzl,sscartquery,cloud_run_revision,INFO,functions/Logic.java,2024-02-29T20:28:46.489249Z
65e0e8fe00026fd29d45f74a,functions/Logic.java,service,cpu:=-2940000000  rt:=448974269,cloudfunctions,00d087f5e04921ffa2ae878763f0217abb165fe4fe9a2e8a027ba11aed30e41dbddf4fc8615626ade2ce81a05b33cc0543a90b189fc41ef2749e7ddb07fe1c9b9eae6c,projects/modellearning/logs/run.googleapis.com%2Fstdout,,2024-02-29T20:28:46.462648219Z,sscartquery,northamerica-northeast1,modellearning,sscartquery-00011-jzl,sscartquery,cloud_run_revision,INFO,functions/Logic.java,2024-02-29T20:28:46.159698Z
65e0e8fd000e41cdae6432ea,functions/Logic.java,service,cpu:=1870000000  rt:=1948387702,cloudfunctions,00d087f5e0b82d4393d4a7bbb7f14727933f8b96724a91b37d40394984760349848f0c657a1b55ad143d87d15617c08a8ba76acddb65a7eb3b550a40e4aceccdfb8d33,projects/modellearning/logs/run.googleapis.com%2Fstdout,,2024-02-29T20:28:46.129278668Z,sscartquery,northamerica-northeast1,modellearning,sscartquery-00011-jzl,sscartquery,cloud_run_revision,INFO,functions/Logic.java,2024-02-29T20:28:45.934349Z
65e0e8fd000d20f7b9eb5e68,functions/Logic.java,service,cpu:=100000000  rt:=105984771,cloudfunctions,00d087f5e0fb53247b367efd3d5bd3eb6ec2079ea1f90edc419a49866437bf458cfeca444aeaa3b7daf5636b05c06cb47d5f161f950d27b45213cc036890ef6262ebf3,projects/modellearning/logs/run.googleapis.com%2Fstdout,,2024-02-29T20:28:46.129278668Z,sscartquery,northamerica-northeast1,modellearning,sscartquery-00011-jzl,sscartquery,cloud_run_revision,INFO,functions/Logic.java,2024-02-29T20:28:45.860407Z
65e0e8fd000ba8be93282d59,functions/Logic.java,service,cpu:=-15240000000  rt:=393429452,cloudfunctions,00d087f5e0c28364f40a88ea65440fad99d864800ea3cc4f8b70fe4c04ce8ea9bd6aa21cc40c9f2508c1dde8fc79b324f27e029f2d84aed35c039754a5d33a775a009f,projects/modellearning/logs/run.googleapis.com%2Fstdout,,2024-02-29T20:28:45.796573169Z,sscartquery,northamerica-northeast1,modellearning,sscartquery-00011-jzl,sscartquery,cloud_run_revision,INFO,functions/Logic.java,2024-02-29T20:28:45.764094Z
65e0e8fd000b674903ef2e22,functions/Logic.java,service,cpu:=150000000  rt:=148301482,cloudfunctions,00d087f5e0fb53247b367efd3d5bd3eb6ec2079ea1f90edc419a49866437bf458cfeca444aeaa3b7daf5636b05c06cb47d5f161f950d27b45213cc036890ef6262ebf3,projects/modellearning/logs/run.googleapis.com%2Fstdout,,2024-02-29T20:28:45.796573169Z,sscartquery,northamerica-northeast1,modellearning,sscartquery-00011-jzl,sscartquery,cloud_run_revision,INFO,functions/Logic.java,2024-02-29T20:28:45.747337Z
65e0e8fd000ab4b9f14b757d,functions/Logic.java,service,cpu:=530000000  rt:=536777165,cloudfunctions,00d087f5e0508b90f669d2e778e5edb119d2cf95bbdf1d474990a4029916e734b09cb9a2fbea2793facea51d590b84a7b32d827e55698dd1314956e833b1573e692dea,projects/modellearning/logs/run.googleapis.com%2Fstdout,,2024-02-29T20:28:45.796573169Z,sscartquery,northamerica-northeast1,modellearning,sscartquery-00011-jzl,sscartquery,cloud_run_revision,INFO,functions/Logic.java,2024-02-29T20:28:45.701625Z
65e0e8fd0008f656a83737f3,functions/Logic.java,service,cpu:=430000000  rt:=437097332,cloudfunctions,00d087f5e0d4d81528cf22cb133c2e4dd9a2c4ce3eab40a6348fdb235a3535110a2312ab0cf8d4076c1e91472dbd37c7a81eb9097195cd3f6758925e661bb3dd5e03a2,projects/modellearning/logs/run.googleapis.com%2Fstdout,,2024-02-29T20:28:45.721565462Z,sscartquery,northamerica-northeast1,modellearning,sscartquery-00011-jzl,sscartquery,cloud_run_revision,INFO,functions/Logic.java,2024-02-29T20:28:45.587350Z
65e0e8fd0007a9cf79333278,functions/Logic.java,service,cpu:=2480000000  rt:=2581390747,cloudfunctions,00d087f5e0fb53247b367efd3d5bd3eb6ec2079ea1f90edc419a49866437bf458cfeca444aeaa3b7daf5636b05c06cb47d5f161f950d27b45213cc036890ef6262ebf3,projects/modellearning/logs/run.googleapis.com%2Fstdout,,2024-02-29T20:28:45.796573169Z,sscartquery,northamerica-northeast1,modellearning,sscartquery-00011-jzl,sscartquery,cloud_run_revision,INFO,functions/Logic.java,2024-02-29T20:28:45.502223Z
65e0e8fc000f3416a7194dcd,functions/Logic.java,service,cpu:=350000000  rt:=368732909,cloudfunctions,00d087f5e0508b90f669d2e778e5edb119d2cf95bbdf1d474990a4029916e734b09cb9a2fbea2793facea51d590b84a7b32d827e55698dd1314956e833b1573e692dea,projects/modellearning/logs/run.googleapis.com%2Fstdout,,2024-02-29T20:28:45.129542347Z,sscartquery,northamerica-northeast1,modellearning,sscartquery-00011-jzl,sscartquery,cloud_run_revision,INFO,functions/Logic.java,2024-02-29T20:28:44.996374Z
65e0e8fc000bb6e90c785301,functions/Logic.java,service,cpu:=50000000  rt:=45089592,cloudfunctions,00d087f5e025f1412d457ac9df76d9971bbb653901e64de3964b6771b432461e319b79b0f00c478208807a6c7a3fbf8874fe0596d4f63281afed598300217590a2678e,projects/modellearning/logs/run.googleapis.com%2Fstdout,,2024-02-29T20:28:44.796676170Z,sscartquery,northamerica-northeast1,modellearning,sscartquery-00011-jzl,sscartquery,cloud_run_revision,INFO,functions/Logic.java,2024-02-29T20:28:44.767721Z
65e0e8fc000a271bdefd846d,functions/Logic.java,service,cpu:=950000000  rt:=995590224,cloudfunctions,00d087f5e025f1412d457ac9df76d9971bbb653901e64de3964b6771b432461e319b79b0f00c478208807a6c7a3fbf8874fe0596d4f63281afed598300217590a2678e,projects/modellearning/logs/run.googleapis.com%2Fstdout,,2024-02-29T20:28:44.796676170Z,sscartquery,northamerica-northeast1,modellearning,sscartquery-00011-jzl,sscartquery,cloud_run_revision,INFO,functions/Logic.java,2024-02-29T20:28:44.665371Z
65e0e8fc0007c1483303a0ca,functions/Logic.java,service,cpu:=1310000000  rt:=1355996292,cloudfunctions,00d087f5e0508b90f669d2e778e5edb119d2cf95bbdf1d474990a4029916e734b09cb9a2fbea2793facea51d590b84a7b32d827e55698dd1314956e833b1573e692dea,projects/modellearning/logs/run.googleapis.com%2Fstdout,,2024-02-29T20:28:44.796676170Z,sscartquery,northamerica-northeast1,modellearning,sscartquery-00011-jzl,sscartquery,cloud_run_revision,INFO,functions/Logic.java,2024-02-29T20:28:44.508232Z
65e0e8fc00053298ae78b87b,functions/Logic.java,service,cpu:=70000000  rt:=67788629,cloudfunctions,00d087f5e04921ffa2ae878763f0217abb165fe4fe9a2e8a027ba11aed30e41dbddf4fc8615626ade2ce81a05b33cc0543a90b189fc41ef2749e7ddb07fe1c9b9eae6c,projects/modellearning/logs/run.googleapis.com%2Fstdout,,2024-02-29T20:28:44.463598777Z,sscartquery,northamerica-northeast1,modellearning,sscartquery-00011-jzl,sscartquery,cloud_run_revision,INFO,functions/Logic.java,2024-02-29T20:28:44.340632Z
65e0e8fc000086eb54dc56ab,functions/Logic.java,service,cpu:=80000000  rt:=88296374,cloudfunctions,00d087f5e04921ffa2ae878763f0217abb165fe4fe9a2e8a027ba11aed30e41dbddf4fc8615626ade2ce81a05b33cc0543a90b189fc41ef2749e7ddb07fe1c9b9eae6c,projects/modellearning/logs/run.googleapis.com%2Fstdout,,2024-02-29T20:28:44.130459169Z,sscartquery,northamerica-northeast1,modellearning,sscartquery-00011-jzl,sscartquery,cloud_run_revision,INFO,functions/Logic.java,2024-02-29T20:28:44.034539Z
65e0e8fb000e4e6bcb2c3424,functions/Logic.java,service,cpu:=4800000000  rt:=4921266749,cloudfunctions,00d087f5e0d4d81528cf22cb133c2e4dd9a2c4ce3eab40a6348fdb235a3535110a2312ab0cf8d4076c1e91472dbd37c7a81eb9097195cd3f6758925e661bb3dd5e03a2,projects/modellearning/logs/run.googleapis.com%2Fstdout,,2024-02-29T20:28:44.056943311Z,sscartquery,northamerica-northeast1,modellearning,sscartquery-00011-jzl,sscartquery,cloud_run_revision,INFO,functions/Logic.java,2024-02-29T20:28:43.937579Z
65e0e8fb000519dcf11046da,functions/Logic.java,service,cpu:=990000000  rt:=1082927428,cloudfunctions,00d087f5e0b82d4393d4a7bbb7f14727933f8b96724a91b37d40394984760349848f0c657a1b55ad143d87d15617c08a8ba76acddb65a7eb3b550a40e4aceccdfb8d33,projects/modellearning/logs/run.googleapis.com%2Fstdout,,2024-02-29T20:28:43.465303642Z,sscartquery,northamerica-northeast1,modellearning,sscartquery-00011-jzl,sscartquery,cloud_run_revision,INFO,functions/Logic.java,2024-02-29T20:28:43.334300Z
65e0e8fb00036f7ca5593f9e,functions/Logic.java,service,cpu:=30000000  rt:=28361910,cloudfunctions,00d087f5e04921ffa2ae878763f0217abb165fe4fe9a2e8a027ba11aed30e41dbddf4fc8615626ade2ce81a05b33cc0543a90b189fc41ef2749e7ddb07fe1c9b9eae6c,projects/modellearning/logs/run.googleapis.com%2Fstdout,,2024-02-29T20:28:43.465303642Z,sscartquery,northamerica-northeast1,modellearning,sscartquery-00011-jzl,sscartquery,cloud_run_revision,INFO,functions/Logic.java,2024-02-29T20:28:43.225148Z
65e0e8fa000d3901e61c0f05,functions/Logic.java,service,cpu:=390000000  rt:=541097190,cloudfunctions,00d087f5e0c28364f40a88ea65440fad99d864800ea3cc4f8b70fe4c04ce8ea9bd6aa21cc40c9f2508c1dde8fc79b324f27e029f2d84aed35c039754a5d33a775a009f,projects/modellearning/logs/run.googleapis.com%2Fstdout,,2024-02-29T20:28:43.131332029Z,sscartquery,northamerica-northeast1,modellearning,sscartquery-00011-jzl,sscartquery,cloud_run_revision,INFO,functions/Logic.java,2024-02-29T20:28:42.866561Z
65e0e8fa000c2a555d554a3a,functions/Logic.java,service,cpu:=330000000  rt:=343864335,cloudfunctions,00d087f5e0fb53247b367efd3d5bd3eb6ec2079ea1f90edc419a49866437bf458cfeca444aeaa3b7daf5636b05c06cb47d5f161f950d27b45213cc036890ef6262ebf3,projects/modellearning/logs/run.googleapis.com%2Fstdout,,2024-02-29T20:28:42.799673969Z,sscartquery,northamerica-northeast1,modellearning,sscartquery-00011-jzl,sscartquery,cloud_run_revision,INFO,functions/Logic.java,2024-02-29T20:28:42.797269Z
65e0e8fa0009ff2d51346b2f,functions/Logic.java,service,cpu:=1050000000  rt:=1703161638,cloudfunctions,00d087f5e07bdae58c1f4da3364551cac54ac5362bf1a9581e7d4bf9a32f14aae9b89d873ef09e84a16dbd253a49be122c24eb757e668e06c6c2cc19262d914e45e911,projects/modellearning/logs/run.googleapis.com%2Fstdout,,2024-02-29T20:28:42.799673969Z,sscartquery,northamerica-northeast1,modellearning,sscartquery-00011-jzl,sscartquery,cloud_run_revision,INFO,functions/Logic.java,2024-02-29T20:28:42.655149Z
65e0e8fa0009adbdb6b10290,functions/Logic.java,service,cpu:=360000000  rt:=375624730,cloudfunctions,00d087f5e025f1412d457ac9df76d9971bbb653901e64de3964b6771b432461e319b79b0f00c478208807a6c7a3fbf8874fe0596d4f63281afed598300217590a2678e,projects/modellearning/logs/run.googleapis.com%2Fstdout,,2024-02-29T20:28:42.799673969Z,sscartquery,northamerica-northeast1,modellearning,sscartquery-00011-jzl,sscartquery,cloud_run_revision,INFO,functions/Logic.java,2024-02-29T20:28:42.634301Z
65e0e8fa000827baa67f4deb,functions/Logic.java,service,cpu:=2410000000  rt:=2482871776,cloudfunctions,00d087f5e04921ffa2ae878763f0217abb165fe4fe9a2e8a027ba11aed30e41dbddf4fc8615626ade2ce81a05b33cc0543a90b189fc41ef2749e7ddb07fe1c9b9eae6c,projects/modellearning/logs/run.googleapis.com%2Fstdout,,2024-02-29T20:28:42.799673969Z,sscartquery,northamerica-northeast1,modellearning,sscartquery-00011-jzl,sscartquery,cloud_run_revision,INFO,functions/Logic.java,2024-02-29T20:28:42.534458Z
65e0e8fa0006ab715e27737e,functions/Logic.java,service,cpu:=920000000  rt:=1205562564,cloudfunctions,00d087f5e0508b90f669d2e778e5edb119d2cf95bbdf1d474990a4029916e734b09cb9a2fbea2793facea51d590b84a7b32d827e55698dd1314956e833b1573e692dea,projects/modellearning/logs/run.googleapis.com%2Fstdout,,2024-02-29T20:28:42.466679183Z,sscartquery,northamerica-northeast1,modellearning,sscartquery-00011-jzl,sscartquery,cloud_run_revision,INFO,functions/Logic.java,2024-02-29T20:28:42.437105Z
65e0e8fa0006347a39e58115,functions/Logic.java,service,cpu:=1190000000  rt:=1240734068,cloudfunctions,00d087f5e0fb53247b367efd3d5bd3eb6ec2079ea1f90edc419a49866437bf458cfeca444aeaa3b7daf5636b05c06cb47d5f161f950d27b45213cc036890ef6262ebf3,projects/modellearning/logs/run.googleapis.com%2Fstdout,,2024-02-29T20:28:42.466679183Z,sscartquery,northamerica-northeast1,modellearning,sscartquery-00011-jzl,sscartquery,cloud_run_revision,INFO,functions/Logic.java,2024-02-29T20:28:42.406650Z
65e0e8fa00059c51df824836,functions/Logic.java,service,cpu:=-18440000000  rt:=1415231849,cloudfunctions,00d087f5e07bdae58c1f4da3364551cac54ac5362bf1a9581e7d4bf9a32f14aae9b89d873ef09e84a16dbd253a49be122c24eb757e668e06c6c2cc19262d914e45e911,projects/modellearning/logs/run.googleapis.com%2Fstdout,,2024-02-29T20:28:42.466679183Z,sscartquery,northamerica-northeast1,modellearning,sscartquery-00011-jzl,sscartquery,cloud_run_revision,INFO,functions/Logic.java,2024-02-29T20:28:42.367697Z
65e0e8f9000d87a89792b968,functions/Logic.java,service,cpu:=1150000000  rt:=1194543273,cloudfunctions,00d087f5e0c28364f40a88ea65440fad99d864800ea3cc4f8b70fe4c04ce8ea9bd6aa21cc40c9f2508c1dde8fc79b324f27e029f2d84aed35c039754a5d33a775a009f,projects/modellearning/logs/run.googleapis.com%2Fstdout,,2024-02-29T20:28:42.133198420Z,sscartquery,northamerica-northeast1,modellearning,sscartquery-00011-jzl,sscartquery,cloud_run_revision,INFO,functions/Logic.java,2024-02-29T20:28:41.886696Z
65e0e8f9000b83344b607862,functions/Logic.java,service,cpu:=37840000000  rt:=522970113,cloudfunctions,00d087f5e0508b90f669d2e778e5edb119d2cf95bbdf1d474990a4029916e734b09cb9a2fbea2793facea51d590b84a7b32d827e55698dd1314956e833b1573e692dea,projects/modellearning/logs/run.googleapis.com%2Fstdout,,2024-02-29T20:28:41.800295Z,sscartquery,northamerica-northeast1,modellearning,sscartquery-00011-jzl,sscartquery,cloud_run_revision,INFO,functions/Logic.java,2024-02-29T20:28:41.754484Z
65e0e8f90008fce0dc379547,functions/Logic.java,service,cpu:=1260000000  rt:=1303044189,cloudfunctions,00d087f5e025f1412d457ac9df76d9971bbb653901e64de3964b6771b432461e319b79b0f00c478208807a6c7a3fbf8874fe0596d4f63281afed598300217590a2678e,projects/modellearning/logs/run.googleapis.com%2Fstdout,,2024-02-29T20:28:41.800295Z,sscartquery,northamerica-northeast1,modellearning,sscartquery-00011-jzl,sscartquery,cloud_run_revision,INFO,functions/Logic.java,2024-02-29T20:28:41.589024Z
65e0e8f90008270fb029a685,functions/Logic.java,service,cpu:=-7090000000  rt:=4883740291,cloudfunctions,00d087f5e0b82d4393d4a7bbb7f14727933f8b96724a91b37d40394984760349848f0c657a1b55ad143d87d15617c08a8ba76acddb65a7eb3b550a40e4aceccdfb8d33,projects/modellearning/logs/run.googleapis.com%2Fstdout,,2024-02-29T20:28:41.800295Z,sscartquery,northamerica-northeast1,modellearning,sscartquery-00011-jzl,sscartquery,cloud_run_revision,INFO,functions/Logic.java,2024-02-29T20:28:41.534287Z
65e0e8f900039412832dcc41,functions/Logic.java,service,cpu:=1880000000  rt:=4583868130,cloudfunctions,00d087f5e0b82d4393d4a7bbb7f14727933f8b96724a91b37d40394984760349848f0c657a1b55ad143d87d15617c08a8ba76acddb65a7eb3b550a40e4aceccdfb8d33,projects/modellearning/logs/run.googleapis.com%2Fstdout,,2024-02-29T20:28:41.467005177Z,sscartquery,northamerica-northeast1,modellearning,sscartquery-00011-jzl,sscartquery,cloud_run_revision,INFO,functions/Logic.java,2024-02-29T20:28:41.234514Z
65e0e8f90000860e3ab63dff,functions/Logic.java,service,cpu:=160000000  rt:=174368073,cloudfunctions,00d087f5e0fb53247b367efd3d5bd3eb6ec2079ea1f90edc419a49866437bf458cfeca444aeaa3b7daf5636b05c06cb47d5f161f950d27b45213cc036890ef6262ebf3,projects/modellearning/logs/run.googleapis.com%2Fstdout,,2024-02-29T20:28:41.134057398Z,sscartquery,northamerica-northeast1,modellearning,sscartquery-00011-jzl,sscartquery,cloud_run_revision,INFO,functions/Logic.java,2024-02-29T20:28:41.034318Z
65e0e8f8000cbb36574976c0,functions/Logic.java,service,cpu:=1250000000  rt:=1296554032,cloudfunctions,00d087f5e0fb53247b367efd3d5bd3eb6ec2079ea1f90edc419a49866437bf458cfeca444aeaa3b7daf5636b05c06cb47d5f161f950d27b45213cc036890ef6262ebf3,projects/modellearning/logs/run.googleapis.com%2Fstdout,,2024-02-29T20:28:41.134057398Z,sscartquery,northamerica-northeast1,modellearning,sscartquery-00011-jzl,sscartquery,cloud_run_revision,INFO,functions/Logic.java,2024-02-29T20:28:40.834358Z
65e0e8f8000be9479e950f1a,functions/Logic.java,service,cpu:=190000000  rt:=245541069,cloudfunctions,00d087f5e07bdae58c1f4da3364551cac54ac5362bf1a9581e7d4bf9a32f14aae9b89d873ef09e84a16dbd253a49be122c24eb757e668e06c6c2cc19262d914e45e911,projects/modellearning/logs/run.googleapis.com%2Fstdout,,2024-02-29T20:28:40.801142146Z,sscartquery,northamerica-northeast1,modellearning,sscartquery-00011-jzl,sscartquery,cloud_run_revision,INFO,functions/Logic.java,2024-02-29T20:28:40.780615Z
65e0e8f8000441e82357f7a7,functions/Logic.java,service,cpu:=7140000000  rt:=7722845277,cloudfunctions,00d087f5e0c28364f40a88ea65440fad99d864800ea3cc4f8b70fe4c04ce8ea9bd6aa21cc40c9f2508c1dde8fc79b324f27e029f2d84aed35c039754a5d33a775a009f,projects/modellearning/logs/run.googleapis.com%2Fstdout,,2024-02-29T20:28:40.468139712Z,sscartquery,northamerica-northeast1,modellearning,sscartquery-00011-jzl,sscartquery,cloud_run_revision,INFO,functions/Logic.java,2024-02-29T20:28:40.279016Z
65e0e8f800008649ba942ea4,functions/Logic.java,service,cpu:=660000000  rt:=683663678,cloudfunctions,00d087f5e07bdae58c1f4da3364551cac54ac5362bf1a9581e7d4bf9a32f14aae9b89d873ef09e84a16dbd253a49be122c24eb757e668e06c6c2cc19262d914e45e911,projects/modellearning/logs/run.googleapis.com%2Fstdout,,2024-02-29T20:28:40.135248388Z,sscartquery,northamerica-northeast1,modellearning,sscartquery-00011-jzl,sscartquery,cloud_run_revision,INFO,functions/Logic.java,2024-02-29T20:28:40.034377Z
65e0e8f7000e8bdeb9fab409,functions/Logic.java,service,cpu:=700000000  rt:=709624557,cloudfunctions,00d087f5e0508b90f669d2e778e5edb119d2cf95bbdf1d474990a4029916e734b09cb9a2fbea2793facea51d590b84a7b32d827e55698dd1314956e833b1573e692dea,projects/modellearning/logs/run.googleapis.com%2Fstdout,,2024-02-29T20:28:40.135248388Z,sscartquery,northamerica-northeast1,modellearning,sscartquery-00011-jzl,sscartquery,cloud_run_revision,INFO,functions/Logic.java,2024-02-29T20:28:39.953310Z
65e0e8f7000b38acc057cfb6,functions/Logic.java,service,cpu:=120000000  rt:=127505667,cloudfunctions,00d087f5e025f1412d457ac9df76d9971bbb653901e64de3964b6771b432461e319b79b0f00c478208807a6c7a3fbf8874fe0596d4f63281afed598300217590a2678e,projects/modellearning/logs/run.googleapis.com%2Fstdout,,2024-02-29T20:28:39.801738867Z,sscartquery,northamerica-northeast1,modellearning,sscartquery-00011-jzl,sscartquery,cloud_run_revision,INFO,functions/Logic.java,2024-02-29T20:28:39.735404Z
65e0e8f700088a69135af221,functions/Logic.java,service,cpu:=50000000  rt:=55289613,cloudfunctions,00d087f5e04921ffa2ae878763f0217abb165fe4fe9a2e8a027ba11aed30e41dbddf4fc8615626ade2ce81a05b33cc0543a90b189fc41ef2749e7ddb07fe1c9b9eae6c,projects/modellearning/logs/run.googleapis.com%2Fstdout,,2024-02-29T20:28:39.801738867Z,sscartquery,northamerica-northeast1,modellearning,sscartquery-00011-jzl,sscartquery,cloud_run_revision,INFO,functions/Logic.java,2024-02-29T20:28:39.559721Z
65e0e8f7000827152970b268,functions/Logic.java,service,cpu:=5340000000  rt:=5597223348,cloudfunctions,00d087f5e0fb53247b367efd3d5bd3eb6ec2079ea1f90edc419a49866437bf458cfeca444aeaa3b7daf5636b05c06cb47d5f161f950d27b45213cc036890ef6262ebf3,projects/modellearning/logs/run.googleapis.com%2Fstdout,,2024-02-29T20:28:39.801738867Z,sscartquery,northamerica-northeast1,modellearning,sscartquery-00011-jzl,sscartquery,cloud_run_revision,INFO,functions/Logic.java,2024-02-29T20:28:39.534293Z
65e0e8f70002de53c6979119,functions/Logic.java,service,cpu:=5040000000  rt:=6197721096,cloudfunctions,00d087f5e025f1412d457ac9df76d9971bbb653901e64de3964b6771b432461e319b79b0f00c478208807a6c7a3fbf8874fe0596d4f63281afed598300217590a2678e,projects/modellearning/logs/run.googleapis.com%2Fstdout,,2024-02-29T20:28:39.469355981Z,sscartquery,northamerica-northeast1,modellearning,sscartquery-00011-jzl,sscartquery,cloud_run_revision,INFO,functions/Logic.java,2024-02-29T20:28:39.187987Z
65e0e8f70002bf7777956d9c,functions/Logic.java,service,cpu:=130000000  rt:=130651798,cloudfunctions,00d087f5e04921ffa2ae878763f0217abb165fe4fe9a2e8a027ba11aed30e41dbddf4fc8615626ade2ce81a05b33cc0543a90b189fc41ef2749e7ddb07fe1c9b9eae6c,projects/modellearning/logs/run.googleapis.com%2Fstdout,,2024-02-29T20:28:39.469355981Z,sscartquery,northamerica-northeast1,modellearning,sscartquery-00011-jzl,sscartquery,cloud_run_revision,INFO,functions/Logic.java,2024-02-29T20:28:39.180087Z
65e0e8f6000cbb0a1466a8f8,functions/Logic.java,service,cpu:=-5690000000  rt:=2183694040,cloudfunctions,00d087f5e0b82d4393d4a7bbb7f14727933f8b96724a91b37d40394984760349848f0c657a1b55ad143d87d15617c08a8ba76acddb65a7eb3b550a40e4aceccdfb8d33,projects/modellearning/logs/run.googleapis.com%2Fstdout,,2024-02-29T20:28:39.136200127Z,sscartquery,northamerica-northeast1,modellearning,sscartquery-00011-jzl,sscartquery,cloud_run_revision,INFO,functions/Logic.java,2024-02-29T20:28:38.834314Z
65e0e8f6000cbae1f7ce7297,functions/Logic.java,service,cpu:=510000000  rt:=542517985,cloudfunctions,00d087f5e07bdae58c1f4da3364551cac54ac5362bf1a9581e7d4bf9a32f14aae9b89d873ef09e84a16dbd253a49be122c24eb757e668e06c6c2cc19262d914e45e911,projects/modellearning/logs/run.googleapis.com%2Fstdout,,2024-02-29T20:28:39.136200127Z,sscartquery,northamerica-northeast1,modellearning,sscartquery-00011-jzl,sscartquery,cloud_run_revision,INFO,functions/Logic.java,2024-02-29T20:28:38.834273Z
65e0e8f6000c129a9449dcd1,functions/Logic.java,service,cpu:=4860000000  rt:=6440688185,cloudfunctions,00d087f5e0508b90f669d2e778e5edb119d2cf95bbdf1d474990a4029916e734b09cb9a2fbea2793facea51d590b84a7b32d827e55698dd1314956e833b1573e692dea,projects/modellearning/logs/run.googleapis.com%2Fstdout,,2024-02-29T20:28:38.802990324Z,sscartquery,northamerica-northeast1,modellearning,sscartquery-00011-jzl,sscartquery,cloud_run_revision,INFO,functions/Logic.java,2024-02-29T20:28:38.791194Z
65e0e8f6000b14987e13884e,functions/Logic.java,service,cpu:=1060000000  rt:=1254854609,cloudfunctions,00d087f5e0d4d81528cf22cb133c2e4dd9a2c4ce3eab40a6348fdb235a3535110a2312ab0cf8d4076c1e91472dbd37c7a81eb9097195cd3f6758925e661bb3dd5e03a2,projects/modellearning/logs/run.googleapis.com%2Fstdout,,2024-02-29T20:28:38.728723821Z,sscartquery,northamerica-northeast1,modellearning,sscartquery-00011-jzl,sscartquery,cloud_run_revision,INFO,functions/Logic.java,2024-02-29T20:28:38.726168Z
65e0e8f5000ee555496a60a7,functions/Logic.java,service,cpu:=720000000  rt:=755758293,cloudfunctions,00d087f5e04921ffa2ae878763f0217abb165fe4fe9a2e8a027ba11aed30e41dbddf4fc8615626ade2ce81a05b33cc0543a90b189fc41ef2749e7ddb07fe1c9b9eae6c,projects/modellearning/logs/run.googleapis.com%2Fstdout,,2024-02-29T20:28:38.137337150Z,sscartquery,northamerica-northeast1,modellearning,sscartquery-00011-jzl,sscartquery,cloud_run_revision,INFO,functions/Logic.java,2024-02-29T20:28:37.976213Z
65e0e8f5000dfc0e276c83c4,functions/Logic.java,service,cpu:=15640000000  rt:=445484633,cloudfunctions,00d087f5e0d4d81528cf22cb133c2e4dd9a2c4ce3eab40a6348fdb235a3535110a2312ab0cf8d4076c1e91472dbd37c7a81eb9097195cd3f6758925e661bb3dd5e03a2,projects/modellearning/logs/run.googleapis.com%2Fstdout,,2024-02-29T20:28:38.062366279Z,sscartquery,northamerica-northeast1,modellearning,sscartquery-00011-jzl,sscartquery,cloud_run_revision,INFO,functions/Logic.java,2024-02-29T20:28:37.916494Z
65e0e8f5000936c0525f7090,functions/Logic.java,service,cpu:=8570000000  rt:=1297851916,cloudfunctions,00d087f5e07bdae58c1f4da3364551cac54ac5362bf1a9581e7d4bf9a32f14aae9b89d873ef09e84a16dbd253a49be122c24eb757e668e06c6c2cc19262d914e45e911,projects/modellearning/logs/run.googleapis.com%2Fstdout,,2024-02-29T20:28:37.803285399Z,sscartquery,northamerica-northeast1,modellearning,sscartquery-00011-jzl,sscartquery,cloud_run_revision,INFO,functions/Logic.java,2024-02-29T20:28:37.603840Z
65e0e8f500055401110e4252,functions/Logic.java,service,cpu:=390000000  rt:=1043013040,cloudfunctions,00d087f5e07bdae58c1f4da3364551cac54ac5362bf1a9581e7d4bf9a32f14aae9b89d873ef09e84a16dbd253a49be122c24eb757e668e06c6c2cc19262d914e45e911,projects/modellearning/logs/run.googleapis.com%2Fstdout,,2024-02-29T20:28:37.471011692Z,sscartquery,northamerica-northeast1,modellearning,sscartquery-00011-jzl,sscartquery,cloud_run_revision,INFO,functions/Logic.java,2024-02-29T20:28:37.349185Z
65e0e8f500026ab87f8a128a,functions/Logic.java,service,cpu:=-1720000000  rt:=428884214,cloudfunctions,00d087f5e0d4d81528cf22cb133c2e4dd9a2c4ce3eab40a6348fdb235a3535110a2312ab0cf8d4076c1e91472dbd37c7a81eb9097195cd3f6758925e661bb3dd5e03a2,projects/modellearning/logs/run.googleapis.com%2Fstdout,,2024-02-29T20:28:37.396024126Z,sscartquery,northamerica-northeast1,modellearning,sscartquery-00011-jzl,sscartquery,cloud_run_revision,INFO,functions/Logic.java,2024-02-29T20:28:37.158392Z
65e0e8f5000144bf3b4430da,functions/Logic.java,service,cpu:=-29130000000  rt:=2947798127,cloudfunctions,00d087f5e04921ffa2ae878763f0217abb165fe4fe9a2e8a027ba11aed30e41dbddf4fc8615626ade2ce81a05b33cc0543a90b189fc41ef2749e7ddb07fe1c9b9eae6c,projects/modellearning/logs/run.googleapis.com%2Fstdout,,2024-02-29T20:28:37.137539153Z,sscartquery,northamerica-northeast1,modellearning,sscartquery-00011-jzl,sscartquery,cloud_run_revision,INFO,functions/Logic.java,2024-02-29T20:28:37.083135Z
65e0e8f4000e172c431b0232,functions/Logic.java,service,cpu:=130000000  rt:=193897919,cloudfunctions,00d087f5e0d4d81528cf22cb133c2e4dd9a2c4ce3eab40a6348fdb235a3535110a2312ab0cf8d4076c1e91472dbd37c7a81eb9097195cd3f6758925e661bb3dd5e03a2,projects/modellearning/logs/run.googleapis.com%2Fstdout,,2024-02-29T20:28:37.063035988Z,sscartquery,northamerica-northeast1,modellearning,sscartquery-00011-jzl,sscartquery,cloud_run_revision,INFO,functions/Logic.java,2024-02-29T20:28:36.923436Z
65e0e8f400009aa72e4593eb,functions/Logic.java,service,cpu:=9700000000  rt:=103434951,cloudfunctions,00d087f5e0b82d4393d4a7bbb7f14727933f8b96724a91b37d40394984760349848f0c657a1b55ad143d87d15617c08a8ba76acddb65a7eb3b550a40e4aceccdfb8d33,projects/modellearning/logs/run.googleapis.com%2Fstdout,,2024-02-29T20:28:36.138174959Z,sscartquery,northamerica-northeast1,modellearning,sscartquery-00011-jzl,sscartquery,cloud_run_revision,INFO,functions/Logic.java,2024-02-29T20:28:36.039591Z
65e0e8f3000827529224edd4,functions/Logic.java,service,cpu:=33700000000  rt:=3183995458,cloudfunctions,00d087f5e0508b90f669d2e778e5edb119d2cf95bbdf1d474990a4029916e734b09cb9a2fbea2793facea51d590b84a7b32d827e55698dd1314956e833b1573e692dea,projects/modellearning/logs/run.googleapis.com%2Fstdout,,2024-02-29T20:28:35.806181295Z,sscartquery,northamerica-northeast1,modellearning,sscartquery-00011-jzl,sscartquery,cloud_run_revision,INFO,functions/Logic.java,2024-02-29T20:28:35.534354Z
65e0e8f30000e87ecd0dc5f9,functions/Logic.java,service,cpu:=840000000  rt:=864859417,cloudfunctions,00d087f5e02e95466401fe6b26a2dc3f1c606cee66edb3cc923425595f588fa173e8c4959802dc2526b02479ea51b4553ea19e70d4d79ad7fd363aa07a5c26a0cae978,projects/modellearning/logs/run.googleapis.com%2Fstdout,,2024-02-29T20:28:35.061542671Z,sscartquery,northamerica-northeast1,modellearning,sscartquery-00011-jzl,sscartquery,cloud_run_revision,INFO,functions/Logic.java,2024-02-29T20:28:35.059518Z
65e0e8f3000086156e3c8810,functions/Logic.java,service,cpu:=-47250000000  rt:=2043173334,cloudfunctions,00d087f5e025f1412d457ac9df76d9971bbb653901e64de3964b6771b432461e319b79b0f00c478208807a6c7a3fbf8874fe0596d4f63281afed598300217590a2678e,projects/modellearning/logs/run.googleapis.com%2Fstdout,,2024-02-29T20:28:35.140030445Z,sscartquery,northamerica-northeast1,modellearning,sscartquery-00011-jzl,sscartquery,cloud_run_revision,INFO,functions/Logic.java,2024-02-29T20:28:35.034325Z
65e0e8f2000dfd32431fdcdb,functions/Logic.java,service,cpu:=770000000  rt:=780073793,cloudfunctions,00d087f5e0d4d81528cf22cb133c2e4dd9a2c4ce3eab40a6348fdb235a3535110a2312ab0cf8d4076c1e91472dbd37c7a81eb9097195cd3f6758925e661bb3dd5e03a2,projects/modellearning/logs/run.googleapis.com%2Fstdout,,2024-02-29T20:28:35.065505118Z,sscartquery,northamerica-northeast1,modellearning,sscartquery-00011-jzl,sscartquery,cloud_run_revision,INFO,functions/Logic.java,2024-02-29T20:28:34.916786Z
65e0e8f2000bd08e5f62afb8,functions/Logic.java,service,cpu:=250000000  rt:=639321260,cloudfunctions,00d087f5e04921ffa2ae878763f0217abb165fe4fe9a2e8a027ba11aed30e41dbddf4fc8615626ade2ce81a05b33cc0543a90b189fc41ef2749e7ddb07fe1c9b9eae6c,projects/modellearning/logs/run.googleapis.com%2Fstdout,,2024-02-29T20:28:34.807529640Z,sscartquery,northamerica-northeast1,modellearning,sscartquery-00011-jzl,sscartquery,cloud_run_revision,INFO,functions/Logic.java,2024-02-29T20:28:34.774286Z
65e0e8f2000a246773a8e9d8,functions/Logic.java,service,cpu:=680000000  rt:=689585686,cloudfunctions,00d087f5e07bdae58c1f4da3364551cac54ac5362bf1a9581e7d4bf9a32f14aae9b89d873ef09e84a16dbd253a49be122c24eb757e668e06c6c2cc19262d914e45e911,projects/modellearning/logs/run.googleapis.com%2Fstdout,,2024-02-29T20:28:34.807529640Z,sscartquery,northamerica-northeast1,modellearning,sscartquery-00011-jzl,sscartquery,cloud_run_revision,INFO,functions/Logic.java,2024-02-29T20:28:34.664679Z
65e0e8f2000393662c285730,functions/Logic.java,service,cpu:=140000000  rt:=147834132,cloudfunctions,00d087f5e0b82d4393d4a7bbb7f14727933f8b96724a91b37d40394984760349848f0c657a1b55ad143d87d15617c08a8ba76acddb65a7eb3b550a40e4aceccdfb8d33,projects/modellearning/logs/run.googleapis.com%2Fstdout,,2024-02-29T20:28:34.473979062Z,sscartquery,northamerica-northeast1,modellearning,sscartquery-00011-jzl,sscartquery,cloud_run_revision,INFO,functions/Logic.java,2024-02-29T20:28:34.234342Z
65e0e8f1000cbab7e8583566,functions/Logic.java,service,cpu:=4140000000  rt:=4248620647,cloudfunctions,00d087f5e0fb53247b367efd3d5bd3eb6ec2079ea1f90edc419a49866437bf458cfeca444aeaa3b7daf5636b05c06cb47d5f161f950d27b45213cc036890ef6262ebf3,projects/modellearning/logs/run.googleapis.com%2Fstdout,,2024-02-29T20:28:34.140367635Z,sscartquery,northamerica-northeast1,modellearning,sscartquery-00011-jzl,sscartquery,cloud_run_revision,INFO,functions/Logic.java,2024-02-29T20:28:33.834231Z
65e0e8f100093800d9e6ce83,functions/Logic.java,service,cpu:=-18220000000  rt:=1212242272,cloudfunctions,00d087f5e0b82d4393d4a7bbb7f14727933f8b96724a91b37d40394984760349848f0c657a1b55ad143d87d15617c08a8ba76acddb65a7eb3b550a40e4aceccdfb8d33,projects/modellearning/logs/run.googleapis.com%2Fstdout,,2024-02-29T20:28:33.807762816Z,sscartquery,northamerica-northeast1,modellearning,sscartquery-00011-jzl,sscartquery,cloud_run_revision,INFO,functions/Logic.java,2024-02-29T20:28:33.604160Z
65e0e8f100070a16692f824a,functions/Logic.java,service,cpu:=440000000  rt:=1069296372,cloudfunctions,00d087f5e0b82d4393d4a7bbb7f14727933f8b96724a91b37d40394984760349848f0c657a1b55ad143d87d15617c08a8ba76acddb65a7eb3b550a40e4aceccdfb8d33,projects/modellearning/logs/run.googleapis.com%2Fstdout,,2024-02-29T20:28:33.474173829Z,sscartquery,northamerica-northeast1,modellearning,sscartquery-00011-jzl,sscartquery,cloud_run_revision,INFO,functions/Logic.java,2024-02-29T20:28:33.461334Z
65e0e8f10005522109fa25bd,functions/Logic.java,service,cpu:=18950000000  rt:=792294281,cloudfunctions,00d087f5e0c28364f40a88ea65440fad99d864800ea3cc4f8b70fe4c04ce8ea9bd6aa21cc40c9f2508c1dde8fc79b324f27e029f2d84aed35c039754a5d33a775a009f,projects/modellearning/logs/run.googleapis.com%2Fstdout,,2024-02-29T20:28:33.474173829Z,sscartquery,northamerica-northeast1,modellearning,sscartquery-00011-jzl,sscartquery,cloud_run_revision,INFO,functions/Logic.java,2024-02-29T20:28:33.348705Z
65e0e8f10000877d1135574f,functions/Logic.java,service,cpu:=160000000  rt:=170755584,cloudfunctions,00d087f5e07bdae58c1f4da3364551cac54ac5362bf1a9581e7d4bf9a32f14aae9b89d873ef09e84a16dbd253a49be122c24eb757e668e06c6c2cc19262d914e45e911,projects/modellearning/logs/run.googleapis.com%2Fstdout,,2024-02-29T20:28:33.142157101Z,sscartquery,northamerica-northeast1,modellearning,sscartquery-00011-jzl,sscartquery,cloud_run_revision,INFO,functions/Logic.java,2024-02-29T20:28:33.034685Z
65e0e8f10000626e46e5dfe7,functions/Logic.java,service,cpu:=20000000  rt:=17797794,cloudfunctions,00d087f5e04921ffa2ae878763f0217abb165fe4fe9a2e8a027ba11aed30e41dbddf4fc8615626ade2ce81a05b33cc0543a90b189fc41ef2749e7ddb07fe1c9b9eae6c,projects/modellearning/logs/run.googleapis.com%2Fstdout,,2024-02-29T20:28:33.142157101Z,sscartquery,northamerica-northeast1,modellearning,sscartquery-00011-jzl,sscartquery,cloud_run_revision,INFO,functions/Logic.java,2024-02-29T20:28:33.025198Z
65e0e8f0000edaa19f01b9dd,functions/Logic.java,service,cpu:=160000000  rt:=168970988,cloudfunctions,00d087f5e04921ffa2ae878763f0217abb165fe4fe9a2e8a027ba11aed30e41dbddf4fc8615626ade2ce81a05b33cc0543a90b189fc41ef2749e7ddb07fe1c9b9eae6c,projects/modellearning/logs/run.googleapis.com%2Fstdout,,2024-02-29T20:28:33.142157101Z,sscartquery,northamerica-northeast1,modellearning,sscartquery-00011-jzl,sscartquery,cloud_run_revision,INFO,functions/Logic.java,2024-02-29T20:28:32.973473Z
65e0e8f0000cfef6ca33b341,functions/Logic.java,service,cpu:=2720000000  rt:=2795586753,cloudfunctions,00d087f5e07bdae58c1f4da3364551cac54ac5362bf1a9581e7d4bf9a32f14aae9b89d873ef09e84a16dbd253a49be122c24eb757e668e06c6c2cc19262d914e45e911,projects/modellearning/logs/run.googleapis.com%2Fstdout,,2024-02-29T20:28:33.142157101Z,sscartquery,northamerica-northeast1,modellearning,sscartquery-00011-jzl,sscartquery,cloud_run_revision,INFO,functions/Logic.java,2024-02-29T20:28:32.851702Z
65e0e8f0000b34b7bb75a3ce,functions/Logic.java,service,cpu:=190000000  rt:=300334645,cloudfunctions,00d087f5e04921ffa2ae878763f0217abb165fe4fe9a2e8a027ba11aed30e41dbddf4fc8615626ade2ce81a05b33cc0543a90b189fc41ef2749e7ddb07fe1c9b9eae6c,projects/modellearning/logs/run.googleapis.com%2Fstdout,,2024-02-29T20:28:32.808157194Z,sscartquery,northamerica-northeast1,modellearning,sscartquery-00011-jzl,sscartquery,cloud_run_revision,INFO,functions/Logic.java,2024-02-29T20:28:32.734391Z
65e0e8f0000b349ba27d5d78,functions/Logic.java,service,cpu:=-22150000000  rt:=300176512,cloudfunctions,00d087f5e04921ffa2ae878763f0217abb165fe4fe9a2e8a027ba11aed30e41dbddf4fc8615626ade2ce81a05b33cc0543a90b189fc41ef2749e7ddb07fe1c9b9eae6c,projects/modellearning/logs/run.googleapis.com%2Fstdout,,2024-02-29T20:28:32.808157194Z,sscartquery,northamerica-northeast1,modellearning,sscartquery-00011-jzl,sscartquery,cloud_run_revision,INFO,functions/Logic.java,2024-02-29T20:28:32.734363Z
65e0e8f00006a0a14567b044,functions/Logic.java,service,cpu:=130000000  rt:=173979635,cloudfunctions,00d087f5e0c28364f40a88ea65440fad99d864800ea3cc4f8b70fe4c04ce8ea9bd6aa21cc40c9f2508c1dde8fc79b324f27e029f2d84aed35c039754a5d33a775a009f,projects/modellearning/logs/run.googleapis.com%2Fstdout,,2024-02-29T20:28:32.475210314Z,sscartquery,northamerica-northeast1,modellearning,sscartquery-00011-jzl,sscartquery,cloud_run_revision,INFO,functions/Logic.java,2024-02-29T20:28:32.434337Z
65e0e8f0000552baed15e5a0,functions/Logic.java,service,cpu:=150000000  rt:=243703717,cloudfunctions,00d087f5e0b82d4393d4a7bbb7f14727933f8b96724a91b37d40394984760349848f0c657a1b55ad143d87d15617c08a8ba76acddb65a7eb3b550a40e4aceccdfb8d33,projects/modellearning/logs/run.googleapis.com%2Fstdout,,2024-02-29T20:28:32.475210314Z,sscartquery,northamerica-northeast1,modellearning,sscartquery-00011-jzl,sscartquery,cloud_run_revision,INFO,functions/Logic.java,2024-02-29T20:28:32.348858Z
65e0e8f000020cb085920278,functions/Logic.java,service,cpu:=440000000  rt:=480925512,cloudfunctions,00d087f5e025f1412d457ac9df76d9971bbb653901e64de3964b6771b432461e319b79b0f00c478208807a6c7a3fbf8874fe0596d4f63281afed598300217590a2678e,projects/modellearning/logs/run.googleapis.com%2Fstdout,,2024-02-29T20:28:32.142094779Z,sscartquery,northamerica-northeast1,modellearning,sscartquery-00011-jzl,sscartquery,cloud_run_revision,INFO,functions/Logic.java,2024-02-29T20:28:32.134320Z
65e0e8ef0003e2c7238bbd55,functions/Logic.java,service,cpu:=470000000  rt:=487551597,cloudfunctions,00d087f5e04921ffa2ae878763f0217abb165fe4fe9a2e8a027ba11aed30e41dbddf4fc8615626ade2ce81a05b33cc0543a90b189fc41ef2749e7ddb07fe1c9b9eae6c,projects/modellearning/logs/run.googleapis.com%2Fstdout,,2024-02-29T20:28:31.476780638Z,sscartquery,northamerica-northeast1,modellearning,sscartquery-00011-jzl,sscartquery,cloud_run_revision,INFO,functions/Logic.java,2024-02-29T20:28:31.254663Z
65e0e8ef0000b3fe4841c066,functions/Logic.java,service,cpu:=1040000000  rt:=1069933648,cloudfunctions,00d087f5e0c28364f40a88ea65440fad99d864800ea3cc4f8b70fe4c04ce8ea9bd6aa21cc40c9f2508c1dde8fc79b324f27e029f2d84aed35c039754a5d33a775a009f,projects/modellearning/logs/run.googleapis.com%2Fstdout,,2024-02-29T20:28:31.144185249Z,sscartquery,northamerica-northeast1,modellearning,sscartquery-00011-jzl,sscartquery,cloud_run_revision,INFO,functions/Logic.java,2024-02-29T20:28:31.046078Z
65e0e8ee000cbaec8e86a060,functions/Logic.java,service,cpu:=2980000000  rt:=3064195963,cloudfunctions,00d087f5e025f1412d457ac9df76d9971bbb653901e64de3964b6771b432461e319b79b0f00c478208807a6c7a3fbf8874fe0596d4f63281afed598300217590a2678e,projects/modellearning/logs/run.googleapis.com%2Fstdout,,2024-02-29T20:28:31.144185249Z,sscartquery,northamerica-northeast1,modellearning,sscartquery-00011-jzl,sscartquery,cloud_run_revision,INFO,functions/Logic.java,2024-02-29T20:28:30.834284Z
65e0e8ee0006a097c3aa0d46,functions/Logic.java,service,cpu:=260000000  rt:=270414220,cloudfunctions,00d087f5e0508b90f669d2e778e5edb119d2cf95bbdf1d474990a4029916e734b09cb9a2fbea2793facea51d590b84a7b32d827e55698dd1314956e833b1573e692dea,projects/modellearning/logs/run.googleapis.com%2Fstdout,,2024-02-29T20:28:30.478181471Z,sscartquery,northamerica-northeast1,modellearning,sscartquery-00011-jzl,sscartquery,cloud_run_revision,INFO,functions/Logic.java,2024-02-29T20:28:30.434327Z
65e0e8ee000086403efc7968,functions/Logic.java,service,cpu:=2600000000  rt:=3972466992,cloudfunctions,00d087f5e0b82d4393d4a7bbb7f14727933f8b96724a91b37d40394984760349848f0c657a1b55ad143d87d15617c08a8ba76acddb65a7eb3b550a40e4aceccdfb8d33,projects/modellearning/logs/run.googleapis.com%2Fstdout,,2024-02-29T20:28:30.143906281Z,sscartquery,northamerica-northeast1,modellearning,sscartquery-00011-jzl,sscartquery,cloud_run_revision,INFO,functions/Logic.java,2024-02-29T20:28:30.034368Z
65e0e8ed000b87a8cef05cf7,functions/Logic.java,service,cpu:=20000000  rt:=10507804,cloudfunctions,00d087f5e04921ffa2ae878763f0217abb165fe4fe9a2e8a027ba11aed30e41dbddf4fc8615626ade2ce81a05b33cc0543a90b189fc41ef2749e7ddb07fe1c9b9eae6c,projects/modellearning/logs/run.googleapis.com%2Fstdout,,2024-02-29T20:28:29.811019839Z,sscartquery,northamerica-northeast1,modellearning,sscartquery-00011-jzl,sscartquery,cloud_run_revision,INFO,functions/Logic.java,2024-02-29T20:28:29.755624Z
65e0e8ed000a6cf0c0a2844d,functions/Logic.java,service,cpu:=110000000  rt:=111223423,cloudfunctions,00d087f5e0508b90f669d2e778e5edb119d2cf95bbdf1d474990a4029916e734b09cb9a2fbea2793facea51d590b84a7b32d827e55698dd1314956e833b1573e692dea,projects/modellearning/logs/run.googleapis.com%2Fstdout,,2024-02-29T20:28:29.811019839Z,sscartquery,northamerica-northeast1,modellearning,sscartquery-00011-jzl,sscartquery,cloud_run_revision,INFO,functions/Logic.java,2024-02-29T20:28:29.683248Z
65e0e8ed0005b164ebe3c908,functions/Logic.java,service,cpu:=1390000000  rt:=1431103567,cloudfunctions,00d087f5e07bdae58c1f4da3364551cac54ac5362bf1a9581e7d4bf9a32f14aae9b89d873ef09e84a16dbd253a49be122c24eb757e668e06c6c2cc19262d914e45e911,projects/modellearning/logs/run.googleapis.com%2Fstdout,,2024-02-29T20:28:29.478148139Z,sscartquery,northamerica-northeast1,modellearning,sscartquery-00011-jzl,sscartquery,cloud_run_revision,INFO,functions/Logic.java,2024-02-29T20:28:29.373092Z
65e0e8ed000519e59787dc37,functions/Logic.java,service,cpu:=8690000000  rt:=3272987646,cloudfunctions,00d087f5e0b82d4393d4a7bbb7f14727933f8b96724a91b37d40394984760349848f0c657a1b55ad143d87d15617c08a8ba76acddb65a7eb3b550a40e4aceccdfb8d33,projects/modellearning/logs/run.googleapis.com%2Fstdout,,2024-02-29T20:28:29.478148139Z,sscartquery,northamerica-northeast1,modellearning,sscartquery-00011-jzl,sscartquery,cloud_run_revision,INFO,functions/Logic.java,2024-02-29T20:28:29.334309Z
65e0e8ed00041568e4b13604,functions/Logic.java,service,cpu:=2040000000  rt:=2093810678,cloudfunctions,00d087f5e0fb53247b367efd3d5bd3eb6ec2079ea1f90edc419a49866437bf458cfeca444aeaa3b7daf5636b05c06cb47d5f161f950d27b45213cc036890ef6262ebf3,projects/modellearning/logs/run.googleapis.com%2Fstdout,,2024-02-29T20:28:29.478148139Z,sscartquery,northamerica-northeast1,modellearning,sscartquery-00011-jzl,sscartquery,cloud_run_revision,INFO,functions/Logic.java,2024-02-29T20:28:29.267624Z
65e0e8ec0007c155695417b4,functions/Logic.java,service,cpu:=50000000  rt:=49962903,cloudfunctions,00d087f5e0c28364f40a88ea65440fad99d864800ea3cc4f8b70fe4c04ce8ea9bd6aa21cc40c9f2508c1dde8fc79b324f27e029f2d84aed35c039754a5d33a775a009f,projects/modellearning/logs/run.googleapis.com%2Fstdout,,2024-02-29T20:28:28.811943454Z,sscartquery,northamerica-northeast1,modellearning,sscartquery-00011-jzl,sscartquery,cloud_run_revision,INFO,functions/Logic.java,2024-02-29T20:28:28.508245Z
65e0e8ec000488882df6c552,functions/Logic.java,service,cpu:=990000000  rt:=1024718792,cloudfunctions,00d087f5e04921ffa2ae878763f0217abb165fe4fe9a2e8a027ba11aed30e41dbddf4fc8615626ade2ce81a05b33cc0543a90b189fc41ef2749e7ddb07fe1c9b9eae6c,projects/modellearning/logs/run.googleapis.com%2Fstdout,,2024-02-29T20:28:28.480190779Z,sscartquery,northamerica-northeast1,modellearning,sscartquery-00011-jzl,sscartquery,cloud_run_revision,INFO,functions/Logic.java,2024-02-29T20:28:28.297096Z
65e0e8eb000ee4040599d339,functions/Logic.java,service,cpu:=150000000  rt:=164274492,cloudfunctions,00d087f5e0508b90f669d2e778e5edb119d2cf95bbdf1d474990a4029916e734b09cb9a2fbea2793facea51d590b84a7b32d827e55698dd1314956e833b1573e692dea,projects/modellearning/logs/run.googleapis.com%2Fstdout,,2024-02-29T20:28:28.146771020Z,sscartquery,northamerica-northeast1,modellearning,sscartquery-00011-jzl,sscartquery,cloud_run_revision,INFO,functions/Logic.java,2024-02-29T20:28:27.975876Z
65e0e8eb000e41eb96b9e2ab,functions/Logic.java,service,cpu:=590000000  rt:=634751515,cloudfunctions,00d087f5e0c28364f40a88ea65440fad99d864800ea3cc4f8b70fe4c04ce8ea9bd6aa21cc40c9f2508c1dde8fc79b324f27e029f2d84aed35c039754a5d33a775a009f,projects/modellearning/logs/run.googleapis.com%2Fstdout,,2024-02-29T20:28:28.146771020Z,sscartquery,northamerica-northeast1,modellearning,sscartquery-00011-jzl,sscartquery,cloud_run_revision,INFO,functions/Logic.java,2024-02-29T20:28:27.934379Z
65e0e8eb000cbb6f1174aba6,functions/Logic.java,service,cpu:=2090000000  rt:=2175105719,cloudfunctions,00d087f5e07bdae58c1f4da3364551cac54ac5362bf1a9581e7d4bf9a32f14aae9b89d873ef09e84a16dbd253a49be122c24eb757e668e06c6c2cc19262d914e45e911,projects/modellearning/logs/run.googleapis.com%2Fstdout,,2024-02-29T20:28:28.146771020Z,sscartquery,northamerica-northeast1,modellearning,sscartquery-00011-jzl,sscartquery,cloud_run_revision,INFO,functions/Logic.java,2024-02-29T20:28:27.834415Z
65e0e8eb0009e35c9dc9c005,functions/Logic.java,service,cpu:=3440000000  rt:=3555570752,cloudfunctions,00d087f5e0508b90f669d2e778e5edb119d2cf95bbdf1d474990a4029916e734b09cb9a2fbea2793facea51d590b84a7b32d827e55698dd1314956e833b1573e692dea,projects/modellearning/logs/run.googleapis.com%2Fstdout,,2024-02-29T20:28:27.813500765Z,sscartquery,northamerica-northeast1,modellearning,sscartquery-00011-jzl,sscartquery,cloud_run_revision,INFO,functions/Logic.java,2024-02-29T20:28:27.648028Z
65e0e8eb0009b05ebe22b6a4,functions/Logic.java,service,cpu:=220000000  rt:=224331025,cloudfunctions,00d087f5e025f1412d457ac9df76d9971bbb653901e64de3964b6771b432461e319b79b0f00c478208807a6c7a3fbf8874fe0596d4f63281afed598300217590a2678e,projects/modellearning/logs/run.googleapis.com%2Fstdout,,2024-02-29T20:28:27.813500765Z,sscartquery,northamerica-northeast1,modellearning,sscartquery-00011-jzl,sscartquery,cloud_run_revision,INFO,functions/Logic.java,2024-02-29T20:28:27.634974Z
65e0e8eb00012c5d1299bbcb,functions/Logic.java,service,cpu:=140000000  rt:=134354857,cloudfunctions,00d087f5e0fb53247b367efd3d5bd3eb6ec2079ea1f90edc419a49866437bf458cfeca444aeaa3b7daf5636b05c06cb47d5f161f950d27b45213cc036890ef6262ebf3,projects/modellearning/logs/run.googleapis.com%2Fstdout,,2024-02-29T20:28:27.147072213Z,sscartquery,northamerica-northeast1,modellearning,sscartquery-00011-jzl,sscartquery,cloud_run_revision,INFO,functions/Logic.java,2024-02-29T20:28:27.076893Z
65e0e8eb0000a1e946cf2b61,functions/Logic.java,service,cpu:=5500000000  rt:=5684633621,cloudfunctions,00d087f5e025f1412d457ac9df76d9971bbb653901e64de3964b6771b432461e319b79b0f00c478208807a6c7a3fbf8874fe0596d4f63281afed598300217590a2678e,projects/modellearning/logs/run.googleapis.com%2Fstdout,,2024-02-29T20:28:27.147072213Z,sscartquery,northamerica-northeast1,modellearning,sscartquery-00011-jzl,sscartquery,cloud_run_revision,INFO,functions/Logic.java,2024-02-29T20:28:27.041449Z
65e0e8ea000904823e4c3dfa,functions/Logic.java,service,cpu:=510000000  rt:=533541692,cloudfunctions,00d087f5e0c28364f40a88ea65440fad99d864800ea3cc4f8b70fe4c04ce8ea9bd6aa21cc40c9f2508c1dde8fc79b324f27e029f2d84aed35c039754a5d33a775a009f,projects/modellearning/logs/run.googleapis.com%2Fstdout,,2024-02-29T20:28:26.813728601Z,sscartquery,northamerica-northeast1,modellearning,sscartquery-00011-jzl,sscartquery,cloud_run_revision,INFO,functions/Logic.java,2024-02-29T20:28:26.590978Z
65e0e8ea0008d88174a826c5,functions/Logic.java,service,cpu:=560000000  rt:=609980598,cloudfunctions,00d087f5e04921ffa2ae878763f0217abb165fe4fe9a2e8a027ba11aed30e41dbddf4fc8615626ade2ce81a05b33cc0543a90b189fc41ef2749e7ddb07fe1c9b9eae6c,projects/modellearning/logs/run.googleapis.com%2Fstdout,,2024-02-29T20:28:26.813728601Z,sscartquery,northamerica-northeast1,modellearning,sscartquery-00011-jzl,sscartquery,cloud_run_revision,INFO,functions/Logic.java,2024-02-29T20:28:26.579713Z
65e0e8ea00074f0743c1839a,functions/Logic.java,service,cpu:=1380000000  rt:=1401079931,cloudfunctions,00d087f5e0fb53247b367efd3d5bd3eb6ec2079ea1f90edc419a49866437bf458cfeca444aeaa3b7daf5636b05c06cb47d5f161f950d27b45213cc036890ef6262ebf3,projects/modellearning/logs/run.googleapis.com%2Fstdout,,2024-02-29T20:28:26.482376557Z,sscartquery,northamerica-northeast1,modellearning,sscartquery-00011-jzl,sscartquery,cloud_run_revision,INFO,functions/Logic.java,2024-02-29T20:28:26.478983Z
65e0e8ea0003944d8885637a,functions/Logic.java,service,cpu:=1440000000  rt:=1477129603,cloudfunctions,00d087f5e096f10c047c63271bf3ad0a02126a02b2e38fa8048979e18ea67d746ffa403f88d9a80d0fd5b28bb55609f2a74100003294e282c98f0e4563ee611fd74e6e,projects/modellearning/logs/run.googleapis.com%2Fstdout,,2024-02-29T20:28:26.482376557Z,sscartquery,northamerica-northeast1,modellearning,sscartquery-00011-jzl,sscartquery,cloud_run_revision,INFO,functions/Logic.java,2024-02-29T20:28:26.234573Z
65e0e8e9000a2a94201f5b65,functions/Logic.java,service,cpu:=160000000  rt:=161503934,cloudfunctions,00d087f5e0c28364f40a88ea65440fad99d864800ea3cc4f8b70fe4c04ce8ea9bd6aa21cc40c9f2508c1dde8fc79b324f27e029f2d84aed35c039754a5d33a775a009f,projects/modellearning/logs/run.googleapis.com%2Fstdout,,2024-02-29T20:28:25.816276349Z,sscartquery,northamerica-northeast1,modellearning,sscartquery-00011-jzl,sscartquery,cloud_run_revision,INFO,functions/Logic.java,2024-02-29T20:28:25.666260Z
65e0e8e90005400df663b500,functions/Logic.java,service,cpu:=1220000000  rt:=1251265360,cloudfunctions,00d087f5e04921ffa2ae878763f0217abb165fe4fe9a2e8a027ba11aed30e41dbddf4fc8615626ade2ce81a05b33cc0543a90b189fc41ef2749e7ddb07fe1c9b9eae6c,projects/modellearning/logs/run.googleapis.com%2Fstdout,,2024-02-29T20:28:25.482736293Z,sscartquery,northamerica-northeast1,modellearning,sscartquery-00011-jzl,sscartquery,cloud_run_revision,INFO,functions/Logic.java,2024-02-29T20:28:25.344077Z
65e0e8e900013a20114443b2,functions/Logic.java,service,cpu:=800000000  rt:=842859695,cloudfunctions,00d087f5e0b82d4393d4a7bbb7f14727933f8b96724a91b37d40394984760349848f0c657a1b55ad143d87d15617c08a8ba76acddb65a7eb3b550a40e4aceccdfb8d33,projects/modellearning/logs/run.googleapis.com%2Fstdout,,2024-02-29T20:28:25.150025014Z,sscartquery,northamerica-northeast1,modellearning,sscartquery-00011-jzl,sscartquery,cloud_run_revision,INFO,functions/Logic.java,2024-02-29T20:28:25.080416Z
65e0e8e90000dfa6da90311b,functions/Logic.java,service,cpu:=1320000000  rt:=1364139390,cloudfunctions,00d087f5e0d4d81528cf22cb133c2e4dd9a2c4ce3eab40a6348fdb235a3535110a2312ab0cf8d4076c1e91472dbd37c7a81eb9097195cd3f6758925e661bb3dd5e03a2,projects/modellearning/logs/run.googleapis.com%2Fstdout,,2024-02-29T20:28:25.075012065Z,sscartquery,northamerica-northeast1,modellearning,sscartquery-00011-jzl,sscartquery,cloud_run_revision,INFO,functions/Logic.java,2024-02-29T20:28:25.057254Z
65e0e8e8000d69c4b178a355,functions/Logic.java,service,cpu:=1090000000  rt:=1113524594,cloudfunctions,00d087f5e0fb53247b367efd3d5bd3eb6ec2079ea1f90edc419a49866437bf458cfeca444aeaa3b7daf5636b05c06cb47d5f161f950d27b45213cc036890ef6262ebf3,projects/modellearning/logs/run.googleapis.com%2Fstdout,,2024-02-29T20:28:25.150025014Z,sscartquery,northamerica-northeast1,modellearning,sscartquery-00011-jzl,sscartquery,cloud_run_revision,INFO,functions/Logic.java,2024-02-29T20:28:24.879044Z
65e0e8e80009ade339c09bae,functions/Logic.java,service,cpu:=460000000  rt:=493726540,cloudfunctions,00d087f5e07bdae58c1f4da3364551cac54ac5362bf1a9581e7d4bf9a32f14aae9b89d873ef09e84a16dbd253a49be122c24eb757e668e06c6c2cc19262d914e45e911,projects/modellearning/logs/run.googleapis.com%2Fstdout,,2024-02-29T20:28:24.815733521Z,sscartquery,northamerica-northeast1,modellearning,sscartquery-00011-jzl,sscartquery,cloud_run_revision,INFO,functions/Logic.java,2024-02-29T20:28:24.634339Z
65e0e8e80009417d8eec271a,functions/Logic.java,service,cpu:=1350000000  rt:=1388745887,cloudfunctions,00d087f5e0c28364f40a88ea65440fad99d864800ea3cc4f8b70fe4c04ce8ea9bd6aa21cc40c9f2508c1dde8fc79b324f27e029f2d84aed35c039754a5d33a775a009f,projects/modellearning/logs/run.googleapis.com%2Fstdout,,2024-02-29T20:28:24.815733521Z,sscartquery,northamerica-northeast1,modellearning,sscartquery-00011-jzl,sscartquery,cloud_run_revision,INFO,functions/Logic.java,2024-02-29T20:28:24.606589Z
65e0e8e8000854ec3f376226,functions/Logic.java,service,cpu:=240000000  rt:=244605000,cloudfunctions,00d087f5e096f10c047c63271bf3ad0a02126a02b2e38fa8048979e18ea67d746ffa403f88d9a80d0fd5b28bb55609f2a74100003294e282c98f0e4563ee611fd74e6e,projects/modellearning/logs/run.googleapis.com%2Fstdout,,2024-02-29T20:28:24.815733521Z,sscartquery,northamerica-northeast1,modellearning,sscartquery-00011-jzl,sscartquery,cloud_run_revision,INFO,functions/Logic.java,2024-02-29T20:28:24.546028Z
65e0e8e800051a2a4aef1e19,functions/Logic.java,service,cpu:=1660000000  rt:=96377921,cloudfunctions,00d087f5e0b82d4393d4a7bbb7f14727933f8b96724a91b37d40394984760349848f0c657a1b55ad143d87d15617c08a8ba76acddb65a7eb3b550a40e4aceccdfb8d33,projects/modellearning/logs/run.googleapis.com%2Fstdout,,2024-02-29T20:28:24.483475847Z,sscartquery,northamerica-northeast1,modellearning,sscartquery-00011-jzl,sscartquery,cloud_run_revision,INFO,functions/Logic.java,2024-02-29T20:28:24.334378Z
65e0e8e80003934140671f36,functions/Logic.java,service,cpu:=240000000  rt:=248465496,cloudfunctions,00d087f5e096f10c047c63271bf3ad0a02126a02b2e38fa8048979e18ea67d746ffa403f88d9a80d0fd5b28bb55609f2a74100003294e282c98f0e4563ee611fd74e6e,projects/modellearning/logs/run.googleapis.com%2Fstdout,,2024-02-29T20:28:24.483475847Z,sscartquery,northamerica-northeast1,modellearning,sscartquery-00011-jzl,sscartquery,cloud_run_revision,INFO,functions/Logic.java,2024-02-29T20:28:24.234305Z
65e0e8e7000a79e41c71f0d7,functions/Logic.java,service,cpu:=-22990000000  rt:=2685340060,cloudfunctions,00d087f5e07bdae58c1f4da3364551cac54ac5362bf1a9581e7d4bf9a32f14aae9b89d873ef09e84a16dbd253a49be122c24eb757e668e06c6c2cc19262d914e45e911,projects/modellearning/logs/run.googleapis.com%2Fstdout,,2024-02-29T20:28:23.817639784Z,sscartquery,northamerica-northeast1,modellearning,sscartquery-00011-jzl,sscartquery,cloud_run_revision,INFO,functions/Logic.java,2024-02-29T20:28:23.686564Z
65e0e8e70009e70ff49c2cfb,functions/Logic.java,service,cpu:=390000000  rt:=397454178,cloudfunctions,00d087f5e0fb53247b367efd3d5bd3eb6ec2079ea1f90edc419a49866437bf458cfeca444aeaa3b7daf5636b05c06cb47d5f161f950d27b45213cc036890ef6262ebf3,projects/modellearning/logs/run.googleapis.com%2Fstdout,,2024-02-29T20:28:23.817639784Z,sscartquery,northamerica-northeast1,modellearning,sscartquery-00011-jzl,sscartquery,cloud_run_revision,INFO,functions/Logic.java,2024-02-29T20:28:23.648975Z
65e0e8e700082796875ccccd,functions/Logic.java,service,cpu:=590000000  rt:=614447304,cloudfunctions,00d087f5e04921ffa2ae878763f0217abb165fe4fe9a2e8a027ba11aed30e41dbddf4fc8615626ade2ce81a05b33cc0543a90b189fc41ef2749e7ddb07fe1c9b9eae6c,projects/modellearning/logs/run.googleapis.com%2Fstdout,,2024-02-29T20:28:23.817639784Z,sscartquery,northamerica-northeast1,modellearning,sscartquery-00011-jzl,sscartquery,cloud_run_revision,INFO,functions/Logic.java,2024-02-29T20:28:23.534422Z
65e0e8e700076302503c4432,functions/Logic.java,service,cpu:=1030000000  rt:=1043821406,cloudfunctions,00d087f5e0508b90f669d2e778e5edb119d2cf95bbdf1d474990a4029916e734b09cb9a2fbea2793facea51d590b84a7b32d827e55698dd1314956e833b1573e692dea,projects/modellearning/logs/run.googleapis.com%2Fstdout,,2024-02-29T20:28:23.817639784Z,sscartquery,northamerica-northeast1,modellearning,sscartquery-00011-jzl,sscartquery,cloud_run_revision,INFO,functions/Logic.java,2024-02-29T20:28:23.484098Z
65e0e8e70003ad01a7a2e262,functions/Logic.java,service,cpu:=400000000  rt:=420194716,cloudfunctions,00d087f5e0fb53247b367efd3d5bd3eb6ec2079ea1f90edc419a49866437bf458cfeca444aeaa3b7daf5636b05c06cb47d5f161f950d27b45213cc036890ef6262ebf3,projects/modellearning/logs/run.googleapis.com%2Fstdout,,2024-02-29T20:28:23.484385442Z,sscartquery,northamerica-northeast1,modellearning,sscartquery-00011-jzl,sscartquery,cloud_run_revision,INFO,functions/Logic.java,2024-02-29T20:28:23.240897Z
65e0e8e700020d126d7836c0,functions/Logic.java,service,cpu:=110000000  rt:=113164006,cloudfunctions,00d087f5e096f10c047c63271bf3ad0a02126a02b2e38fa8048979e18ea67d746ffa403f88d9a80d0fd5b28bb55609f2a74100003294e282c98f0e4563ee611fd74e6e,projects/modellearning/logs/run.googleapis.com%2Fstdout,,2024-02-29T20:28:23.150613483Z,sscartquery,northamerica-northeast1,modellearning,sscartquery-00011-jzl,sscartquery,cloud_run_revision,INFO,functions/Logic.java,2024-02-29T20:28:23.134418Z
65e0e8e6000de4a9e79e4893,functions/Logic.java,service,cpu:=-18670000000  rt:=1465365538,cloudfunctions,00d087f5e0b82d4393d4a7bbb7f14727933f8b96724a91b37d40394984760349848f0c657a1b55ad143d87d15617c08a8ba76acddb65a7eb3b550a40e4aceccdfb8d33,projects/modellearning/logs/run.googleapis.com%2Fstdout,,2024-02-29T20:28:23.150613483Z,sscartquery,northamerica-northeast1,modellearning,sscartquery-00011-jzl,sscartquery,cloud_run_revision,INFO,functions/Logic.java,2024-02-29T20:28:22.910505Z
65e0e8e6000b349ee4223b9e,functions/Logic.java,service,cpu:=620000000  rt:=676024590,cloudfunctions,00d087f5e0fb53247b367efd3d5bd3eb6ec2079ea1f90edc419a49866437bf458cfeca444aeaa3b7daf5636b05c06cb47d5f161f950d27b45213cc036890ef6262ebf3,projects/modellearning/logs/run.googleapis.com%2Fstdout,,2024-02-29T20:28:22.818476613Z,sscartquery,northamerica-northeast1,modellearning,sscartquery-00011-jzl,sscartquery,cloud_run_revision,INFO,functions/Logic.java,2024-02-29T20:28:22.734366Z
65e0e8e6000a40bd1449d917,functions/Logic.java,service,cpu:=60000000  rt:=59488702,cloudfunctions,00d087f5e0d4d81528cf22cb133c2e4dd9a2c4ce3eab40a6348fdb235a3535110a2312ab0cf8d4076c1e91472dbd37c7a81eb9097195cd3f6758925e661bb3dd5e03a2,projects/modellearning/logs/run.googleapis.com%2Fstdout,,2024-02-29T20:28:22.744247696Z,sscartquery,northamerica-northeast1,modellearning,sscartquery-00011-jzl,sscartquery,cloud_run_revision,INFO,functions/Logic.java,2024-02-29T20:28:22.671933Z
65e0e8e6000942f1f3b0e3a0,functions/Logic.java,service,cpu:=1440000000  rt:=1504333395,cloudfunctions,00d087f5e0c28364f40a88ea65440fad99d864800ea3cc4f8b70fe4c04ce8ea9bd6aa21cc40c9f2508c1dde8fc79b324f27e029f2d84aed35c039754a5d33a775a009f,projects/modellearning/logs/run.googleapis.com%2Fstdout,,2024-02-29T20:28:22.818476613Z,sscartquery,northamerica-northeast1,modellearning,sscartquery-00011-jzl,sscartquery,cloud_run_revision,INFO,functions/Logic.java,2024-02-29T20:28:22.606961Z
65e0e8e60006effd970242dc,functions/Logic.java,service,cpu:=230000000  rt:=233829184,cloudfunctions,00d087f5e096f10c047c63271bf3ad0a02126a02b2e38fa8048979e18ea67d746ffa403f88d9a80d0fd5b28bb55609f2a74100003294e282c98f0e4563ee611fd74e6e,projects/modellearning/logs/run.googleapis.com%2Fstdout,,2024-02-29T20:28:22.485226619Z,sscartquery,northamerica-northeast1,modellearning,sscartquery-00011-jzl,sscartquery,cloud_run_revision,INFO,functions/Logic.java,2024-02-29T20:28:22.454653Z
65e0e8e60002e707a9e88888,functions/Logic.java,service,cpu:=390000000  rt:=391448037,cloudfunctions,00d087f5e0d4d81528cf22cb133c2e4dd9a2c4ce3eab40a6348fdb235a3535110a2312ab0cf8d4076c1e91472dbd37c7a81eb9097195cd3f6758925e661bb3dd5e03a2,projects/modellearning/logs/run.googleapis.com%2Fstdout,,2024-02-29T20:28:22.409739628Z,sscartquery,northamerica-northeast1,modellearning,sscartquery-00011-jzl,sscartquery,cloud_run_revision,INFO,functions/Logic.java,2024-02-29T20:28:22.190215Z
65e0e8e60000b08834c29013,functions/Logic.java,service,cpu:=300000000  rt:=600005387,cloudfunctions,00d087f5e0b82d4393d4a7bbb7f14727933f8b96724a91b37d40394984760349848f0c657a1b55ad143d87d15617c08a8ba76acddb65a7eb3b550a40e4aceccdfb8d33,projects/modellearning/logs/run.googleapis.com%2Fstdout,,2024-02-29T20:28:22.151228103Z,sscartquery,northamerica-northeast1,modellearning,sscartquery-00011-jzl,sscartquery,cloud_run_revision,INFO,functions/Logic.java,2024-02-29T20:28:22.045192Z
65e0e8e6000086af99b50548,functions/Logic.java,service,cpu:=430000000  rt:=1033218786,cloudfunctions,00d087f5e07bdae58c1f4da3364551cac54ac5362bf1a9581e7d4bf9a32f14aae9b89d873ef09e84a16dbd253a49be122c24eb757e668e06c6c2cc19262d914e45e911,projects/modellearning/logs/run.googleapis.com%2Fstdout,,2024-02-29T20:28:22.151228103Z,sscartquery,northamerica-northeast1,modellearning,sscartquery-00011-jzl,sscartquery,cloud_run_revision,INFO,functions/Logic.java,2024-02-29T20:28:22.034479Z
65e0e8e5000db47a0e2f1ccd,functions/Logic.java,service,cpu:=900000000  rt:=915871962,cloudfunctions,00d087f5e04921ffa2ae878763f0217abb165fe4fe9a2e8a027ba11aed30e41dbddf4fc8615626ade2ce81a05b33cc0543a90b189fc41ef2749e7ddb07fe1c9b9eae6c,projects/modellearning/logs/run.googleapis.com%2Fstdout,,2024-02-29T20:28:22.151228103Z,sscartquery,northamerica-northeast1,modellearning,sscartquery-00011-jzl,sscartquery,cloud_run_revision,INFO,functions/Logic.java,2024-02-29T20:28:21.898170Z
65e0e8e5000a9fa8a14fcba0,functions/Logic.java,service,cpu:=3660000000  rt:=3796839143,cloudfunctions,00d087f5e0508b90f669d2e778e5edb119d2cf95bbdf1d474990a4029916e734b09cb9a2fbea2793facea51d590b84a7b32d827e55698dd1314956e833b1573e692dea,projects/modellearning/logs/run.googleapis.com%2Fstdout,,2024-02-29T20:28:21.818352068Z,sscartquery,northamerica-northeast1,modellearning,sscartquery-00011-jzl,sscartquery,cloud_run_revision,INFO,functions/Logic.java,2024-02-29T20:28:21.696232Z
65e0e8e5000a3a6b51db1517,functions/Logic.java,service,cpu:=2300000000  rt:=2375525610,cloudfunctions,00d087f5e0fb53247b367efd3d5bd3eb6ec2079ea1f90edc419a49866437bf458cfeca444aeaa3b7daf5636b05c06cb47d5f161f950d27b45213cc036890ef6262ebf3,projects/modellearning/logs/run.googleapis.com%2Fstdout,,2024-02-29T20:28:21.818352068Z,sscartquery,northamerica-northeast1,modellearning,sscartquery-00011-jzl,sscartquery,cloud_run_revision,INFO,functions/Logic.java,2024-02-29T20:28:21.670315Z
65e0e8e50006fc6e9cec427e,functions/Logic.java,service,cpu:=-27500000000  rt:=1286870448,cloudfunctions,00d087f5e096f10c047c63271bf3ad0a02126a02b2e38fa8048979e18ea67d746ffa403f88d9a80d0fd5b28bb55609f2a74100003294e282c98f0e4563ee611fd74e6e,projects/modellearning/logs/run.googleapis.com%2Fstdout,,2024-02-29T20:28:21.485485841Z,sscartquery,northamerica-northeast1,modellearning,sscartquery-00011-jzl,sscartquery,cloud_run_revision,INFO,functions/Logic.java,2024-02-29T20:28:21.457838Z
65e0e8e50003f7290f5b6b30,functions/Logic.java,service,cpu:=600000000  rt:=629124158,cloudfunctions,00d087f5e025f1412d457ac9df76d9971bbb653901e64de3964b6771b432461e319b79b0f00c478208807a6c7a3fbf8874fe0596d4f63281afed598300217590a2678e,projects/modellearning/logs/run.googleapis.com%2Fstdout,,2024-02-29T20:28:21.485485841Z,sscartquery,northamerica-northeast1,modellearning,sscartquery-00011-jzl,sscartquery,cloud_run_revision,INFO,functions/Logic.java,2024-02-29T20:28:21.259881Z
65e0e8e50000ba821eba6b94,functions/Logic.java,service,cpu:=1580000000  rt:=1671312701,cloudfunctions,00d087f5e0c28364f40a88ea65440fad99d864800ea3cc4f8b70fe4c04ce8ea9bd6aa21cc40c9f2508c1dde8fc79b324f27e029f2d84aed35c039754a5d33a775a009f,projects/modellearning/logs/run.googleapis.com%2Fstdout,,2024-02-29T20:28:21.152716966Z,sscartquery,northamerica-northeast1,modellearning,sscartquery-00011-jzl,sscartquery,cloud_run_revision,INFO,functions/Logic.java,2024-02-29T20:28:21.047746Z
65e0e8e4000c2b7b3036605b,functions/Logic.java,service,cpu:=920000000  rt:=940578863,cloudfunctions,00d087f5e04921ffa2ae878763f0217abb165fe4fe9a2e8a027ba11aed30e41dbddf4fc8615626ade2ce81a05b33cc0543a90b189fc41ef2749e7ddb07fe1c9b9eae6c,projects/modellearning/logs/run.googleapis.com%2Fstdout,,2024-02-29T20:28:20.820672239Z,sscartquery,northamerica-northeast1,modellearning,sscartquery-00011-jzl,sscartquery,cloud_run_revision,INFO,functions/Logic.java,2024-02-29T20:28:20.797563Z
65e0e8e40008762752de2f20,functions/Logic.java,service,cpu:=260000000  rt:=383628618,cloudfunctions,00d087f5e096f10c047c63271bf3ad0a02126a02b2e38fa8048979e18ea67d746ffa403f88d9a80d0fd5b28bb55609f2a74100003294e282c98f0e4563ee611fd74e6e,projects/modellearning/logs/run.googleapis.com%2Fstdout,,2024-02-29T20:28:20.820672239Z,sscartquery,northamerica-northeast1,modellearning,sscartquery-00011-jzl,sscartquery,cloud_run_revision,INFO,functions/Logic.java,2024-02-29T20:28:20.554535Z
65e0e8e40006ea8fa7e33a58,functions/Logic.java,service,cpu:=20000000  rt:=17793604,cloudfunctions,00d087f5e0b82d4393d4a7bbb7f14727933f8b96724a91b37d40394984760349848f0c657a1b55ad143d87d15617c08a8ba76acddb65a7eb3b550a40e4aceccdfb8d33,projects/modellearning/logs/run.googleapis.com%2Fstdout,,2024-02-29T20:28:20.487423090Z,sscartquery,northamerica-northeast1,modellearning,sscartquery-00011-jzl,sscartquery,cloud_run_revision,INFO,functions/Logic.java,2024-02-29T20:28:20.453263Z
65e0e8e400064421f208e3db,functions/Logic.java,service,cpu:=350000000  rt:=356471823,cloudfunctions,00d087f5e025f1412d457ac9df76d9971bbb653901e64de3964b6771b432461e319b79b0f00c478208807a6c7a3fbf8874fe0596d4f63281afed598300217590a2678e,projects/modellearning/logs/run.googleapis.com%2Fstdout,,2024-02-29T20:28:20.487423090Z,sscartquery,northamerica-northeast1,modellearning,sscartquery-00011-jzl,sscartquery,cloud_run_revision,INFO,functions/Logic.java,2024-02-29T20:28:20.410657Z
65e0e8e400049899fd217d6b,functions/Logic.java,service,cpu:=340000000  rt:=350034502,cloudfunctions,00d087f5e0b82d4393d4a7bbb7f14727933f8b96724a91b37d40394984760349848f0c657a1b55ad143d87d15617c08a8ba76acddb65a7eb3b550a40e4aceccdfb8d33,projects/modellearning/logs/run.googleapis.com%2Fstdout,,2024-02-29T20:28:20.487423090Z,sscartquery,northamerica-northeast1,modellearning,sscartquery-00011-jzl,sscartquery,cloud_run_revision,INFO,functions/Logic.java,2024-02-29T20:28:20.301209Z
65e0e8e4000473171dc5af39,functions/Logic.java,service,cpu:=150000000  rt:=152756346,cloudfunctions,00d087f5e07bdae58c1f4da3364551cac54ac5362bf1a9581e7d4bf9a32f14aae9b89d873ef09e84a16dbd253a49be122c24eb757e668e06c6c2cc19262d914e45e911,projects/modellearning/logs/run.googleapis.com%2Fstdout,,2024-02-29T20:28:20.487423090Z,sscartquery,northamerica-northeast1,modellearning,sscartquery-00011-jzl,sscartquery,cloud_run_revision,INFO,functions/Logic.java,2024-02-29T20:28:20.291607Z
65e0e8e3000f302791a0892e,functions/Logic.java,service,cpu:=260000000  rt:=263933993,cloudfunctions,00d087f5e07bdae58c1f4da3364551cac54ac5362bf1a9581e7d4bf9a32f14aae9b89d873ef09e84a16dbd253a49be122c24eb757e668e06c6c2cc19262d914e45e911,projects/modellearning/logs/run.googleapis.com%2Fstdout,,2024-02-29T20:28:20.153790291Z,sscartquery,northamerica-northeast1,modellearning,sscartquery-00011-jzl,sscartquery,cloud_run_revision,INFO,functions/Logic.java,2024-02-29T20:28:19.995367Z
65e0e8e30007c7f6add90579,functions/Logic.java,service,cpu:=1970000000  rt:=2036991290,cloudfunctions,00d087f5e025f1412d457ac9df76d9971bbb653901e64de3964b6771b432461e319b79b0f00c478208807a6c7a3fbf8874fe0596d4f63281afed598300217590a2678e,projects/modellearning/logs/run.googleapis.com%2Fstdout,,2024-02-29T20:28:19.820927508Z,sscartquery,northamerica-northeast1,modellearning,sscartquery-00011-jzl,sscartquery,cloud_run_revision,INFO,functions/Logic.java,2024-02-29T20:28:19.509942Z
65e0e8e30002f6851b3a7bc2,functions/Logic.java,service,cpu:=260000000  rt:=270934232,cloudfunctions,00d087f5e0fb53247b367efd3d5bd3eb6ec2079ea1f90edc419a49866437bf458cfeca444aeaa3b7daf5636b05c06cb47d5f161f950d27b45213cc036890ef6262ebf3,projects/modellearning/logs/run.googleapis.com%2Fstdout,,2024-02-29T20:28:19.486920372Z,sscartquery,northamerica-northeast1,modellearning,sscartquery-00011-jzl,sscartquery,cloud_run_revision,INFO,functions/Logic.java,2024-02-29T20:28:19.194181Z
65e0e8e30001315de072a23c,functions/Logic.java,service,cpu:=4370000000  rt:=4511895003,cloudfunctions,00d087f5e0b82d4393d4a7bbb7f14727933f8b96724a91b37d40394984760349848f0c657a1b55ad143d87d15617c08a8ba76acddb65a7eb3b550a40e4aceccdfb8d33,projects/modellearning/logs/run.googleapis.com%2Fstdout,,2024-02-29T20:28:19.154235900Z,sscartquery,northamerica-northeast1,modellearning,sscartquery-00011-jzl,sscartquery,cloud_run_revision,INFO,functions/Logic.java,2024-02-29T20:28:19.078173Z
65e0e8e2000b3de89f4133ff,functions/Logic.java,service,cpu:=1620000000  rt:=1646697262,cloudfunctions,00d087f5e0fb53247b367efd3d5bd3eb6ec2079ea1f90edc419a49866437bf458cfeca444aeaa3b7daf5636b05c06cb47d5f161f950d27b45213cc036890ef6262ebf3,projects/modellearning/logs/run.googleapis.com%2Fstdout,,2024-02-29T20:28:18.821086142Z,sscartquery,northamerica-northeast1,modellearning,sscartquery-00011-jzl,sscartquery,cloud_run_revision,INFO,functions/Logic.java,2024-02-29T20:28:18.736744Z
65e0e8e20008f6097312dabe,functions/Logic.java,service,cpu:=1340000000  rt:=1407239027,cloudfunctions,00d087f5e04921ffa2ae878763f0217abb165fe4fe9a2e8a027ba11aed30e41dbddf4fc8615626ade2ce81a05b33cc0543a90b189fc41ef2749e7ddb07fe1c9b9eae6c,projects/modellearning/logs/run.googleapis.com%2Fstdout,,2024-02-29T20:28:18.821086142Z,sscartquery,northamerica-northeast1,modellearning,sscartquery-00011-jzl,sscartquery,cloud_run_revision,INFO,functions/Logic.java,2024-02-29T20:28:18.587273Z
65e0e8e2000827a905293a71,functions/Logic.java,service,cpu:=160000000  rt:=180005472,cloudfunctions,00d087f5e07bdae58c1f4da3364551cac54ac5362bf1a9581e7d4bf9a32f14aae9b89d873ef09e84a16dbd253a49be122c24eb757e668e06c6c2cc19262d914e45e911,projects/modellearning/logs/run.googleapis.com%2Fstdout,,2024-02-29T20:28:18.821086142Z,sscartquery,northamerica-northeast1,modellearning,sscartquery-00011-jzl,sscartquery,cloud_run_revision,INFO,functions/Logic.java,2024-02-29T20:28:18.534441Z
65e0e8e20007966eb9d43055,functions/Logic.java,service,cpu:=430000000  rt:=457609766,cloudfunctions,00d087f5e0c28364f40a88ea65440fad99d864800ea3cc4f8b70fe4c04ce8ea9bd6aa21cc40c9f2508c1dde8fc79b324f27e029f2d84aed35c039754a5d33a775a009f,projects/modellearning/logs/run.googleapis.com%2Fstdout,,2024-02-29T20:28:18.821086142Z,sscartquery,northamerica-northeast1,modellearning,sscartquery-00011-jzl,sscartquery,cloud_run_revision,INFO,functions/Logic.java,2024-02-29T20:28:18.497262Z
65e0e8e20000ae150de62e22,functions/Logic.java,service,cpu:=500000000  rt:=511067117,cloudfunctions,00d087f5e096f10c047c63271bf3ad0a02126a02b2e38fa8048979e18ea67d746ffa403f88d9a80d0fd5b28bb55609f2a74100003294e282c98f0e4563ee611fd74e6e,projects/modellearning/logs/run.googleapis.com%2Fstdout,,2024-02-29T20:28:18.155175909Z,sscartquery,northamerica-northeast1,modellearning,sscartquery-00011-jzl,sscartquery,cloud_run_revision,INFO,functions/Logic.java,2024-02-29T20:28:18.044565Z
65e0e8e1000e651aa99b0d53,functions/Logic.java,service,cpu:=1370000000  rt:=1401425381,cloudfunctions,00d087f5e07bdae58c1f4da3364551cac54ac5362bf1a9581e7d4bf9a32f14aae9b89d873ef09e84a16dbd253a49be122c24eb757e668e06c6c2cc19262d914e45e911,projects/modellearning/logs/run.googleapis.com%2Fstdout,,2024-02-29T20:28:18.155175909Z,sscartquery,northamerica-northeast1,modellearning,sscartquery-00011-jzl,sscartquery,cloud_run_revision,INFO,functions/Logic.java,2024-02-29T20:28:17.943386Z
65e0e8e1000d3d6a11c5e314,functions/Logic.java,service,cpu:=2800000000  rt:=2900578377,cloudfunctions,00d087f5e0c28364f40a88ea65440fad99d864800ea3cc4f8b70fe4c04ce8ea9bd6aa21cc40c9f2508c1dde8fc79b324f27e029f2d84aed35c039754a5d33a775a009f,projects/modellearning/logs/run.googleapis.com%2Fstdout,,2024-02-29T20:28:18.155175909Z,sscartquery,northamerica-northeast1,modellearning,sscartquery-00011-jzl,sscartquery,cloud_run_revision,INFO,functions/Logic.java,2024-02-29T20:28:17.867690Z
65e0e8e1000844fc43a34b8e,functions/Logic.java,service,cpu:=2640000000  rt:=2749873429,cloudfunctions,00d087f5e0508b90f669d2e778e5edb119d2cf95bbdf1d474990a4029916e734b09cb9a2fbea2793facea51d590b84a7b32d827e55698dd1314956e833b1573e692dea,projects/modellearning/logs/run.googleapis.com%2Fstdout,,2024-02-29T20:28:17.823050355Z,sscartquery,northamerica-northeast1,modellearning,sscartquery-00011-jzl,sscartquery,cloud_run_revision,INFO,functions/Logic.java,2024-02-29T20:28:17.541948Z
65e0e8e10005ebecd3e4d83c,functions/Logic.java,service,cpu:=210000000  rt:=212398348,cloudfunctions,00d087f5e096f10c047c63271bf3ad0a02126a02b2e38fa8048979e18ea67d746ffa403f88d9a80d0fd5b28bb55609f2a74100003294e282c98f0e4563ee611fd74e6e,projects/modellearning/logs/run.googleapis.com%2Fstdout,,2024-02-29T20:28:17.489043957Z,sscartquery,northamerica-northeast1,modellearning,sscartquery-00011-jzl,sscartquery,cloud_run_revision,INFO,functions/Logic.java,2024-02-29T20:28:17.388076Z
65e0e8e0000bbbe89968c26e,functions/Logic.java,service,cpu:=2620000000  rt:=3164152807,cloudfunctions,00d087f5e0fb53247b367efd3d5bd3eb6ec2079ea1f90edc419a49866437bf458cfeca444aeaa3b7daf5636b05c06cb47d5f161f950d27b45213cc036890ef6262ebf3,projects/modellearning/logs/run.googleapis.com%2Fstdout,,2024-02-29T20:28:16.823965673Z,sscartquery,northamerica-northeast1,modellearning,sscartquery-00011-jzl,sscartquery,cloud_run_revision,INFO,functions/Logic.java,2024-02-29T20:28:16.769Z
65e0e8e0000519c0d767f699,functions/Logic.java,service,cpu:=370000000  rt:=396538120,cloudfunctions,00d087f5e025f1412d457ac9df76d9971bbb653901e64de3964b6771b432461e319b79b0f00c478208807a6c7a3fbf8874fe0596d4f63281afed598300217590a2678e,projects/modellearning/logs/run.googleapis.com%2Fstdout,,2024-02-29T20:28:16.490807368Z,sscartquery,northamerica-northeast1,modellearning,sscartquery-00011-jzl,sscartquery,cloud_run_revision,INFO,functions/Logic.java,2024-02-29T20:28:16.334272Z
65e0e8e0000439c49a21853f,functions/Logic.java,service,cpu:=130000000  rt:=158388810,cloudfunctions,00d087f5e04921ffa2ae878763f0217abb165fe4fe9a2e8a027ba11aed30e41dbddf4fc8615626ade2ce81a05b33cc0543a90b189fc41ef2749e7ddb07fe1c9b9eae6c,projects/modellearning/logs/run.googleapis.com%2Fstdout,,2024-02-29T20:28:16.490807368Z,sscartquery,northamerica-northeast1,modellearning,sscartquery-00011-jzl,sscartquery,cloud_run_revision,INFO,functions/Logic.java,2024-02-29T20:28:16.276932Z
65e0e8e00000e0b68473a472,functions/Logic.java,service,cpu:=530000000  rt:=537923047,cloudfunctions,00d087f5e096f10c047c63271bf3ad0a02126a02b2e38fa8048979e18ea67d746ffa403f88d9a80d0fd5b28bb55609f2a74100003294e282c98f0e4563ee611fd74e6e,projects/modellearning/logs/run.googleapis.com%2Fstdout,,2024-02-29T20:28:16.158695566Z,sscartquery,northamerica-northeast1,modellearning,sscartquery-00011-jzl,sscartquery,cloud_run_revision,INFO,functions/Logic.java,2024-02-29T20:28:16.057526Z
65e0e8df000d56bcfe9170f5,functions/Logic.java,service,cpu:=70000000  rt:=63385084,cloudfunctions,00d087f5e07bdae58c1f4da3364551cac54ac5362bf1a9581e7d4bf9a32f14aae9b89d873ef09e84a16dbd253a49be122c24eb757e668e06c6c2cc19262d914e45e911,projects/modellearning/logs/run.googleapis.com%2Fstdout,,2024-02-29T20:28:16.158695566Z,sscartquery,northamerica-northeast1,modellearning,sscartquery-00011-jzl,sscartquery,cloud_run_revision,INFO,functions/Logic.java,2024-02-29T20:28:15.874172Z
65e0e8df000c6bb5386448c1,functions/Logic.java,service,cpu:=710000000  rt:=725435558,cloudfunctions,00d087f5e04921ffa2ae878763f0217abb165fe4fe9a2e8a027ba11aed30e41dbddf4fc8615626ade2ce81a05b33cc0543a90b189fc41ef2749e7ddb07fe1c9b9eae6c,projects/modellearning/logs/run.googleapis.com%2Fstdout,,2024-02-29T20:28:15.825073718Z,sscartquery,northamerica-northeast1,modellearning,sscartquery-00011-jzl,sscartquery,cloud_run_revision,INFO,functions/Logic.java,2024-02-29T20:28:15.814005Z
65e0e8df0009ae098d7df892,functions/Logic.java,service,cpu:=770000000  rt:=821404593,cloudfunctions,00d087f5e025f1412d457ac9df76d9971bbb653901e64de3964b6771b432461e319b79b0f00c478208807a6c7a3fbf8874fe0596d4f63281afed598300217590a2678e,projects/modellearning/logs/run.googleapis.com%2Fstdout,,2024-02-29T20:28:15.825073718Z,sscartquery,northamerica-northeast1,modellearning,sscartquery-00011-jzl,sscartquery,cloud_run_revision,INFO,functions/Logic.java,2024-02-29T20:28:15.634377Z
65e0e8df000826f9d5a70341,functions/Logic.java,service,cpu:=1070000000  rt:=1089840336,cloudfunctions,00d087f5e07bdae58c1f4da3364551cac54ac5362bf1a9581e7d4bf9a32f14aae9b89d873ef09e84a16dbd253a49be122c24eb757e668e06c6c2cc19262d914e45e911,projects/modellearning/logs/run.googleapis.com%2Fstdout,,2024-02-29T20:28:15.825073718Z,sscartquery,northamerica-northeast1,modellearning,sscartquery-00011-jzl,sscartquery,cloud_run_revision,INFO,functions/Logic.java,2024-02-29T20:28:15.534265Z
65e0e8de000dfc55d6b2bb74,functions/Logic.java,service,cpu:=1460000000  rt:=1756875244,cloudfunctions,00d087f5e0d4d81528cf22cb133c2e4dd9a2c4ce3eab40a6348fdb235a3535110a2312ab0cf8d4076c1e91472dbd37c7a81eb9097195cd3f6758925e661bb3dd5e03a2,projects/modellearning/logs/run.googleapis.com%2Fstdout,,2024-02-29T20:28:15.084411799Z,sscartquery,northamerica-northeast1,modellearning,sscartquery-00011-jzl,sscartquery,cloud_run_revision,INFO,functions/Logic.java,2024-02-29T20:28:14.916565Z
65e0e8de000dba1f7fde095b,functions/Logic.java,service,cpu:=270000000  rt:=271448971,cloudfunctions,00d087f5e096f10c047c63271bf3ad0a02126a02b2e38fa8048979e18ea67d746ffa403f88d9a80d0fd5b28bb55609f2a74100003294e282c98f0e4563ee611fd74e6e,projects/modellearning/logs/run.googleapis.com%2Fstdout,,2024-02-29T20:28:15.157983373Z,sscartquery,northamerica-northeast1,modellearning,sscartquery-00011-jzl,sscartquery,cloud_run_revision,INFO,functions/Logic.java,2024-02-29T20:28:14.899615Z
65e0e8de0008273692be7f5e,functions/Logic.java,service,cpu:=-27570000000  rt:=929421722,cloudfunctions,00d087f5e0fb53247b367efd3d5bd3eb6ec2079ea1f90edc419a49866437bf458cfeca444aeaa3b7daf5636b05c06cb47d5f161f950d27b45213cc036890ef6262ebf3,projects/modellearning/logs/run.googleapis.com%2Fstdout,,2024-02-29T20:28:14.825390997Z,sscartquery,northamerica-northeast1,modellearning,sscartquery-00011-jzl,sscartquery,cloud_run_revision,INFO,functions/Logic.java,2024-02-29T20:28:14.534326Z
65e0e8de0005d85282ab0582,functions/Logic.java,service,cpu:=310000000  rt:=313668220,cloudfunctions,00d087f5e04921ffa2ae878763f0217abb165fe4fe9a2e8a027ba11aed30e41dbddf4fc8615626ade2ce81a05b33cc0543a90b189fc41ef2749e7ddb07fe1c9b9eae6c,projects/modellearning/logs/run.googleapis.com%2Fstdout,,2024-02-29T20:28:14.491993184Z,sscartquery,northamerica-northeast1,modellearning,sscartquery-00011-jzl,sscartquery,cloud_run_revision,INFO,functions/Logic.java,2024-02-29T20:28:14.383058Z
65e0e8de0002bed3761a6e5c,functions/Logic.java,service,cpu:=110000000  rt:=117226893,cloudfunctions,00d087f5e0c28364f40a88ea65440fad99d864800ea3cc4f8b70fe4c04ce8ea9bd6aa21cc40c9f2508c1dde8fc79b324f27e029f2d84aed35c039754a5d33a775a009f,projects/modellearning/logs/run.googleapis.com%2Fstdout,,2024-02-29T20:28:14.491993184Z,sscartquery,northamerica-northeast1,modellearning,sscartquery-00011-jzl,sscartquery,cloud_run_revision,INFO,functions/Logic.java,2024-02-29T20:28:14.179923Z
65e0e8de0001fbc92e6ec15a,functions/Logic.java,service,cpu:=60000000  rt:=60478539,cloudfunctions,00d087f5e025f1412d457ac9df76d9971bbb653901e64de3964b6771b432461e319b79b0f00c478208807a6c7a3fbf8874fe0596d4f63281afed598300217590a2678e,projects/modellearning/logs/run.googleapis.com%2Fstdout,,2024-02-29T20:28:14.158927477Z,sscartquery,northamerica-northeast1,modellearning,sscartquery-00011-jzl,sscartquery,cloud_run_revision,INFO,functions/Logic.java,2024-02-29T20:28:14.129993Z
65e0e8de000125011e0f4f62,functions/Logic.java,service,cpu:=1060000000  rt:=1082019790,cloudfunctions,00d087f5e0508b90f669d2e778e5edb119d2cf95bbdf1d474990a4029916e734b09cb9a2fbea2793facea51d590b84a7b32d827e55698dd1314956e833b1573e692dea,projects/modellearning/logs/run.googleapis.com%2Fstdout,,2024-02-29T20:28:14.158927477Z,sscartquery,northamerica-northeast1,modellearning,sscartquery-00011-jzl,sscartquery,cloud_run_revision,INFO,functions/Logic.java,2024-02-29T20:28:14.075009Z
65e0e8dd0009cc90774f8d70,functions/Logic.java,service,cpu:=-5140000000  rt:=483383473,cloudfunctions,00d087f5e0d4d81528cf22cb133c2e4dd9a2c4ce3eab40a6348fdb235a3535110a2312ab0cf8d4076c1e91472dbd37c7a81eb9097195cd3f6758925e661bb3dd5e03a2,projects/modellearning/logs/run.googleapis.com%2Fstdout,,2024-02-29T20:28:13.752403512Z,sscartquery,northamerica-northeast1,modellearning,sscartquery-00011-jzl,sscartquery,cloud_run_revision,INFO,functions/Logic.java,2024-02-29T20:28:13.642192Z
65e0e8dc000e7e4d93b10ec1,functions/Logic.java,service,cpu:=2290000000  rt:=2420135832,cloudfunctions,00d087f5e096f10c047c63271bf3ad0a02126a02b2e38fa8048979e18ea67d746ffa403f88d9a80d0fd5b28bb55609f2a74100003294e282c98f0e4563ee611fd74e6e,projects/modellearning/logs/run.googleapis.com%2Fstdout,,2024-02-29T20:28:13.160865984Z,sscartquery,northamerica-northeast1,modellearning,sscartquery-00011-jzl,sscartquery,cloud_run_revision,INFO,functions/Logic.java,2024-02-29T20:28:12.949837Z
65e0e8dc000b34733429289c,functions/Logic.java,service,cpu:=460000000  rt:=473030500,cloudfunctions,00d087f5e0fb53247b367efd3d5bd3eb6ec2079ea1f90edc419a49866437bf458cfeca444aeaa3b7daf5636b05c06cb47d5f161f950d27b45213cc036890ef6262ebf3,projects/modellearning/logs/run.googleapis.com%2Fstdout,,2024-02-29T20:28:12.826815854Z,sscartquery,northamerica-northeast1,modellearning,sscartquery-00011-jzl,sscartquery,cloud_run_revision,INFO,functions/Logic.java,2024-02-29T20:28:12.734323Z
65e0e8dc000a2de9a86767d6,functions/Logic.java,service,cpu:=1400000000  rt:=1448941966,cloudfunctions,00d087f5e0b82d4393d4a7bbb7f14727933f8b96724a91b37d40394984760349848f0c657a1b55ad143d87d15617c08a8ba76acddb65a7eb3b550a40e4aceccdfb8d33,projects/modellearning/logs/run.googleapis.com%2Fstdout,,2024-02-29T20:28:12.826815854Z,sscartquery,northamerica-northeast1,modellearning,sscartquery-00011-jzl,sscartquery,cloud_run_revision,INFO,functions/Logic.java,2024-02-29T20:28:12.667113Z
65e0e8dc0002d517de556beb,functions/Logic.java,service,cpu:=40000000  rt:=33032227,cloudfunctions,00d087f5e0fb53247b367efd3d5bd3eb6ec2079ea1f90edc419a49866437bf458cfeca444aeaa3b7daf5636b05c06cb47d5f161f950d27b45213cc036890ef6262ebf3,projects/modellearning/logs/run.googleapis.com%2Fstdout,,2024-02-29T20:28:12.494467486Z,sscartquery,northamerica-northeast1,modellearning,sscartquery-00011-jzl,sscartquery,cloud_run_revision,INFO,functions/Logic.java,2024-02-29T20:28:12.185623Z
65e0e8dc00019bc15f0fd261,functions/Logic.java,service,cpu:=250000000  rt:=271789692,cloudfunctions,00d087f5e07bdae58c1f4da3364551cac54ac5362bf1a9581e7d4bf9a32f14aae9b89d873ef09e84a16dbd253a49be122c24eb757e668e06c6c2cc19262d914e45e911,projects/modellearning/logs/run.googleapis.com%2Fstdout,,2024-02-29T20:28:12.161560512Z,sscartquery,northamerica-northeast1,modellearning,sscartquery-00011-jzl,sscartquery,cloud_run_revision,INFO,functions/Logic.java,2024-02-29T20:28:12.105409Z
65e0e8db000e5eb1c997348d,functions/Logic.java,service,cpu:=130000000  rt:=130522223,cloudfunctions,00d087f5e0fb53247b367efd3d5bd3eb6ec2079ea1f90edc419a49866437bf458cfeca444aeaa3b7daf5636b05c06cb47d5f161f950d27b45213cc036890ef6262ebf3,projects/modellearning/logs/run.googleapis.com%2Fstdout,,2024-02-29T20:28:12.161560512Z,sscartquery,northamerica-northeast1,modellearning,sscartquery-00011-jzl,sscartquery,cloud_run_revision,INFO,functions/Logic.java,2024-02-29T20:28:11.941745Z
65e0e8db000de0525fce4033,functions/Logic.java,service,cpu:=1120000000  rt:=1174244233,cloudfunctions,00d087f5e04921ffa2ae878763f0217abb165fe4fe9a2e8a027ba11aed30e41dbddf4fc8615626ade2ce81a05b33cc0543a90b189fc41ef2749e7ddb07fe1c9b9eae6c,projects/modellearning/logs/run.googleapis.com%2Fstdout,,2024-02-29T20:28:12.161560512Z,sscartquery,northamerica-northeast1,modellearning,sscartquery-00011-jzl,sscartquery,cloud_run_revision,INFO,functions/Logic.java,2024-02-29T20:28:11.909394Z
65e0e8db000ab5a0497805c4,functions/Logic.java,service,cpu:=1190000000  rt:=1215746742,cloudfunctions,00d087f5e025f1412d457ac9df76d9971bbb653901e64de3964b6771b432461e319b79b0f00c478208807a6c7a3fbf8874fe0596d4f63281afed598300217590a2678e,projects/modellearning/logs/run.googleapis.com%2Fstdout,,2024-02-29T20:28:11.828570262Z,sscartquery,northamerica-northeast1,modellearning,sscartquery-00011-jzl,sscartquery,cloud_run_revision,INFO,functions/Logic.java,2024-02-29T20:28:11.701856Z
65e0e8db000a7b06f6815b1c,functions/Logic.java,service,cpu:=1690000000  rt:=1735747443,cloudfunctions,00d087f5e0c28364f40a88ea65440fad99d864800ea3cc4f8b70fe4c04ce8ea9bd6aa21cc40c9f2508c1dde8fc79b324f27e029f2d84aed35c039754a5d33a775a009f,projects/modellearning/logs/run.googleapis.com%2Fstdout,,2024-02-29T20:28:11.828570262Z,sscartquery,northamerica-northeast1,modellearning,sscartquery-00011-jzl,sscartquery,cloud_run_revision,INFO,functions/Logic.java,2024-02-29T20:28:11.686854Z
65e0e8db000759698d3ce19a,functions/Logic.java,service,cpu:=160000000  rt:=154167260,cloudfunctions,00d087f5e0fb53247b367efd3d5bd3eb6ec2079ea1f90edc419a49866437bf458cfeca444aeaa3b7daf5636b05c06cb47d5f161f950d27b45213cc036890ef6262ebf3,projects/modellearning/logs/run.googleapis.com%2Fstdout,,2024-02-29T20:28:11.494985877Z,sscartquery,northamerica-northeast1,modellearning,sscartquery-00011-jzl,sscartquery,cloud_run_revision,INFO,functions/Logic.java,2024-02-29T20:28:11.481641Z
65e0e8db0003ed594c78c063,functions/Logic.java,service,cpu:=910000000  rt:=937927979,cloudfunctions,00d087f5e0fb53247b367efd3d5bd3eb6ec2079ea1f90edc419a49866437bf458cfeca444aeaa3b7daf5636b05c06cb47d5f161f950d27b45213cc036890ef6262ebf3,projects/modellearning/logs/run.googleapis.com%2Fstdout,,2024-02-29T20:28:11.494985877Z,sscartquery,northamerica-northeast1,modellearning,sscartquery-00011-jzl,sscartquery,cloud_run_revision,INFO,functions/Logic.java,2024-02-29T20:28:11.257369Z
65e0e8db0002b0eba70802e4,functions/Logic.java,service,cpu:=190000000  rt:=196485009,cloudfunctions,00d087f5e0508b90f669d2e778e5edb119d2cf95bbdf1d474990a4029916e734b09cb9a2fbea2793facea51d590b84a7b32d827e55698dd1314956e833b1573e692dea,projects/modellearning/logs/run.googleapis.com%2Fstdout,,2024-02-29T20:28:11.494985877Z,sscartquery,northamerica-northeast1,modellearning,sscartquery-00011-jzl,sscartquery,cloud_run_revision,INFO,functions/Logic.java,2024-02-29T20:28:11.176363Z
65e0e8db00024ff906698dc7,functions/Logic.java,service,cpu:=5380000000  rt:=5594759728,cloudfunctions,00d087f5e07bdae58c1f4da3364551cac54ac5362bf1a9581e7d4bf9a32f14aae9b89d873ef09e84a16dbd253a49be122c24eb757e668e06c6c2cc19262d914e45e911,projects/modellearning/logs/run.googleapis.com%2Fstdout,,2024-02-29T20:28:11.162814224Z,sscartquery,northamerica-northeast1,modellearning,sscartquery-00011-jzl,sscartquery,cloud_run_revision,INFO,functions/Logic.java,2024-02-29T20:28:11.151545Z
65e0e8db00014dc9bbf77559,functions/Logic.java,service,cpu:=90000000  rt:=91413541,cloudfunctions,00d087f5e0b82d4393d4a7bbb7f14727933f8b96724a91b37d40394984760349848f0c657a1b55ad143d87d15617c08a8ba76acddb65a7eb3b550a40e4aceccdfb8d33,projects/modellearning/logs/run.googleapis.com%2Fstdout,,2024-02-29T20:28:11.162814224Z,sscartquery,northamerica-northeast1,modellearning,sscartquery-00011-jzl,sscartquery,cloud_run_revision,INFO,functions/Logic.java,2024-02-29T20:28:11.085449Z
65e0e8da000c3a4dd24fd686,functions/Logic.java,service,cpu:=350000000  rt:=352366949,cloudfunctions,00d087f5e0b82d4393d4a7bbb7f14727933f8b96724a91b37d40394984760349848f0c657a1b55ad143d87d15617c08a8ba76acddb65a7eb3b550a40e4aceccdfb8d33,projects/modellearning/logs/run.googleapis.com%2Fstdout,,2024-02-29T20:28:10.829900557Z,sscartquery,northamerica-northeast1,modellearning,sscartquery-00011-jzl,sscartquery,cloud_run_revision,INFO,functions/Logic.java,2024-02-29T20:28:10.801357Z
65e0e8da000b8be45cb5d9ee,functions/Logic.java,service,cpu:=390000000  rt:=395162679,cloudfunctions,00d087f5e0508b90f669d2e778e5edb119d2cf95bbdf1d474990a4029916e734b09cb9a2fbea2793facea51d590b84a7b32d827e55698dd1314956e833b1573e692dea,projects/modellearning/logs/run.googleapis.com%2Fstdout,,2024-02-29T20:28:10.829900557Z,sscartquery,northamerica-northeast1,modellearning,sscartquery-00011-jzl,sscartquery,cloud_run_revision,INFO,functions/Logic.java,2024-02-29T20:28:10.756708Z
65e0e8da00055b6b354fd90a,functions/Logic.java,service,cpu:=230000000  rt:=233712111,cloudfunctions,00d087f5e04921ffa2ae878763f0217abb165fe4fe9a2e8a027ba11aed30e41dbddf4fc8615626ade2ce81a05b33cc0543a90b189fc41ef2749e7ddb07fe1c9b9eae6c,projects/modellearning/logs/run.googleapis.com%2Fstdout,,2024-02-29T20:28:10.495715916Z,sscartquery,northamerica-northeast1,modellearning,sscartquery-00011-jzl,sscartquery,cloud_run_revision,INFO,functions/Logic.java,2024-02-29T20:28:10.351083Z
65e0e8da0003a19e317b96a3,functions/Logic.java,service,cpu:=390000000  rt:=390594011,cloudfunctions,00d087f5e0fb53247b367efd3d5bd3eb6ec2079ea1f90edc419a49866437bf458cfeca444aeaa3b7daf5636b05c06cb47d5f161f950d27b45213cc036890ef6262ebf3,projects/modellearning/logs/run.googleapis.com%2Fstdout,,2024-02-29T20:28:10.495715916Z,sscartquery,northamerica-northeast1,modellearning,sscartquery-00011-jzl,sscartquery,cloud_run_revision,INFO,functions/Logic.java,2024-02-29T20:28:10.237982Z
65e0e8da000311537b33394b,functions/Logic.java,service,cpu:=150000000  rt:=152365170,cloudfunctions,00d087f5e0d4d81528cf22cb133c2e4dd9a2c4ce3eab40a6348fdb235a3535110a2312ab0cf8d4076c1e91472dbd37c7a81eb9097195cd3f6758925e661bb3dd5e03a2,projects/modellearning/logs/run.googleapis.com%2Fstdout,,2024-02-29T20:28:10.422379675Z,sscartquery,northamerica-northeast1,modellearning,sscartquery-00011-jzl,sscartquery,cloud_run_revision,INFO,functions/Logic.java,2024-02-29T20:28:10.201043Z
65e0e8d9000a80b8d5c7611b,functions/Logic.java,service,cpu:=930000000  rt:=973211601,cloudfunctions,00d087f5e0fb53247b367efd3d5bd3eb6ec2079ea1f90edc419a49866437bf458cfeca444aeaa3b7daf5636b05c06cb47d5f161f950d27b45213cc036890ef6262ebf3,projects/modellearning/logs/run.googleapis.com%2Fstdout,,2024-02-29T20:28:09.830774498Z,sscartquery,northamerica-northeast1,modellearning,sscartquery-00011-jzl,sscartquery,cloud_run_revision,INFO,functions/Logic.java,2024-02-29T20:28:09.688312Z
65e0e8d90008770894deb26e,functions/Logic.java,service,cpu:=230000000  rt:=232730029,cloudfunctions,00d087f5e096f10c047c63271bf3ad0a02126a02b2e38fa8048979e18ea67d746ffa403f88d9a80d0fd5b28bb55609f2a74100003294e282c98f0e4563ee611fd74e6e,projects/modellearning/logs/run.googleapis.com%2Fstdout,,2024-02-29T20:28:09.830774498Z,sscartquery,northamerica-northeast1,modellearning,sscartquery-00011-jzl,sscartquery,cloud_run_revision,INFO,functions/Logic.java,2024-02-29T20:28:09.554760Z
65e0e8d90008271d47adf8d4,functions/Logic.java,service,cpu:=360000000  rt:=369305429,cloudfunctions,00d087f5e025f1412d457ac9df76d9971bbb653901e64de3964b6771b432461e319b79b0f00c478208807a6c7a3fbf8874fe0596d4f63281afed598300217590a2678e,projects/modellearning/logs/run.googleapis.com%2Fstdout,,2024-02-29T20:28:09.830774498Z,sscartquery,northamerica-northeast1,modellearning,sscartquery-00011-jzl,sscartquery,cloud_run_revision,INFO,functions/Logic.java,2024-02-29T20:28:09.534301Z
65e0e8d90001b42b0ca72898,functions/Logic.java,service,cpu:=290000000  rt:=294725030,cloudfunctions,00d087f5e0b82d4393d4a7bbb7f14727933f8b96724a91b37d40394984760349848f0c657a1b55ad143d87d15617c08a8ba76acddb65a7eb3b550a40e4aceccdfb8d33,projects/modellearning/logs/run.googleapis.com%2Fstdout,,2024-02-29T20:28:09.164315845Z,sscartquery,northamerica-northeast1,modellearning,sscartquery-00011-jzl,sscartquery,cloud_run_revision,INFO,functions/Logic.java,2024-02-29T20:28:09.111659Z
65e0e8d90000077bccd4ea25,functions/Logic.java,service,cpu:=-39200000000  rt:=1075974868,cloudfunctions,00d087f5e0508b90f669d2e778e5edb119d2cf95bbdf1d474990a4029916e734b09cb9a2fbea2793facea51d590b84a7b32d827e55698dd1314956e833b1573e692dea,projects/modellearning/logs/run.googleapis.com%2Fstdout,,2024-02-29T20:28:09.164315845Z,sscartquery,northamerica-northeast1,modellearning,sscartquery-00011-jzl,sscartquery,cloud_run_revision,INFO,functions/Logic.java,2024-02-29T20:28:09.001915Z
65e0e8d8000b34c9d7a56eaf,functions/Logic.java,service,cpu:=380000000  rt:=808437006,cloudfunctions,00d087f5e0508b90f669d2e778e5edb119d2cf95bbdf1d474990a4029916e734b09cb9a2fbea2793facea51d590b84a7b32d827e55698dd1314956e833b1573e692dea,projects/modellearning/logs/run.googleapis.com%2Fstdout,,2024-02-29T20:28:08.831462789Z,sscartquery,northamerica-northeast1,modellearning,sscartquery-00011-jzl,sscartquery,cloud_run_revision,INFO,functions/Logic.java,2024-02-29T20:28:08.734409Z
65e0e8d8000b349cc6e6d702,functions/Logic.java,service,cpu:=1110000000  rt:=1142744471,cloudfunctions,00d087f5e04921ffa2ae878763f0217abb165fe4fe9a2e8a027ba11aed30e41dbddf4fc8615626ade2ce81a05b33cc0543a90b189fc41ef2749e7ddb07fe1c9b9eae6c,projects/modellearning/logs/run.googleapis.com%2Fstdout,,2024-02-29T20:28:08.831462789Z,sscartquery,northamerica-northeast1,modellearning,sscartquery-00011-jzl,sscartquery,cloud_run_revision,INFO,functions/Logic.java,2024-02-29T20:28:08.734364Z
65e0e8d80006f18deb820701,functions/Logic.java,service,cpu:=1370000000  rt:=1412400370,cloudfunctions,00d087f5e0c28364f40a88ea65440fad99d864800ea3cc4f8b70fe4c04ce8ea9bd6aa21cc40c9f2508c1dde8fc79b324f27e029f2d84aed35c039754a5d33a775a009f,projects/modellearning/logs/run.googleapis.com%2Fstdout,,2024-02-29T20:28:08.498172959Z,sscartquery,northamerica-northeast1,modellearning,sscartquery-00011-jzl,sscartquery,cloud_run_revision,INFO,functions/Logic.java,2024-02-29T20:28:08.455053Z
65e0e8d80005a5d195dd53bd,functions/Logic.java,service,cpu:=480000000  rt:=509342011,cloudfunctions,00d087f5e096f10c047c63271bf3ad0a02126a02b2e38fa8048979e18ea67d746ffa403f88d9a80d0fd5b28bb55609f2a74100003294e282c98f0e4563ee611fd74e6e,projects/modellearning/logs/run.googleapis.com%2Fstdout,,2024-02-29T20:28:08.498172959Z,sscartquery,northamerica-northeast1,modellearning,sscartquery-00011-jzl,sscartquery,cloud_run_revision,INFO,functions/Logic.java,2024-02-29T20:28:08.370129Z
65e0e8d8000412d921d17887,functions/Logic.java,service,cpu:=1680000000  rt:=1736655555,cloudfunctions,00d087f5e0fb53247b367efd3d5bd3eb6ec2079ea1f90edc419a49866437bf458cfeca444aeaa3b7daf5636b05c06cb47d5f161f950d27b45213cc036890ef6262ebf3,projects/modellearning/logs/run.googleapis.com%2Fstdout,,2024-02-29T20:28:08.498172959Z,sscartquery,northamerica-northeast1,modellearning,sscartquery-00011-jzl,sscartquery,cloud_run_revision,INFO,functions/Logic.java,2024-02-29T20:28:08.266969Z
65e0e8d8000311866fc0adce,functions/Logic.java,service,cpu:=2360000000  rt:=2474159982,cloudfunctions,00d087f5e025f1412d457ac9df76d9971bbb653901e64de3964b6771b432461e319b79b0f00c478208807a6c7a3fbf8874fe0596d4f63281afed598300217590a2678e,projects/modellearning/logs/run.googleapis.com%2Fstdout,,2024-02-29T20:28:08.498172959Z,sscartquery,northamerica-northeast1,modellearning,sscartquery-00011-jzl,sscartquery,cloud_run_revision,INFO,functions/Logic.java,2024-02-29T20:28:08.201094Z
65e0e8d7000e42684c4666a4,functions/Logic.java,service,cpu:=32430000000  rt:=73546944,cloudfunctions,00d087f5e096f10c047c63271bf3ad0a02126a02b2e38fa8048979e18ea67d746ffa403f88d9a80d0fd5b28bb55609f2a74100003294e282c98f0e4563ee611fd74e6e,projects/modellearning/logs/run.googleapis.com%2Fstdout,,2024-02-29T20:28:08.164596590Z,sscartquery,northamerica-northeast1,modellearning,sscartquery-00011-jzl,sscartquery,cloud_run_revision,INFO,functions/Logic.java,2024-02-29T20:28:07.934504Z
65e0e8d7000e4246d4f07db6,functions/Logic.java,service,cpu:=2120000000  rt:=2206442801,cloudfunctions,00d087f5e0b82d4393d4a7bbb7f14727933f8b96724a91b37d40394984760349848f0c657a1b55ad143d87d15617c08a8ba76acddb65a7eb3b550a40e4aceccdfb8d33,projects/modellearning/logs/run.googleapis.com%2Fstdout,,2024-02-29T20:28:08.164596590Z,sscartquery,northamerica-northeast1,modellearning,sscartquery-00011-jzl,sscartquery,cloud_run_revision,INFO,functions/Logic.java,2024-02-29T20:28:07.934470Z
65e0e8d7000439ded46d709b,functions/Logic.java,service,cpu:=330000000  rt:=343541486,cloudfunctions,00d087f5e04921ffa2ae878763f0217abb165fe4fe9a2e8a027ba11aed30e41dbddf4fc8615626ade2ce81a05b33cc0543a90b189fc41ef2749e7ddb07fe1c9b9eae6c,projects/modellearning/logs/run.googleapis.com%2Fstdout,,2024-02-29T20:28:07.500056633Z,sscartquery,northamerica-northeast1,modellearning,sscartquery-00011-jzl,sscartquery,cloud_run_revision,INFO,functions/Logic.java,2024-02-29T20:28:07.276958Z
65e0e8d70000ff3b3f1bb07f,functions/Logic.java,service,cpu:=280000000  rt:=283852699,cloudfunctions,00d087f5e096f10c047c63271bf3ad0a02126a02b2e38fa8048979e18ea67d746ffa403f88d9a80d0fd5b28bb55609f2a74100003294e282c98f0e4563ee611fd74e6e,projects/modellearning/logs/run.googleapis.com%2Fstdout,,2024-02-29T20:28:07.166432456Z,sscartquery,northamerica-northeast1,modellearning,sscartquery-00011-jzl,sscartquery,cloud_run_revision,INFO,functions/Logic.java,2024-02-29T20:28:07.065339Z
65e0e8d6000f3ca69a0ec560,functions/Logic.java,service,cpu:=940000000  rt:=985358054,cloudfunctions,00d087f5e0c28364f40a88ea65440fad99d864800ea3cc4f8b70fe4c04ce8ea9bd6aa21cc40c9f2508c1dde8fc79b324f27e029f2d84aed35c039754a5d33a775a009f,projects/modellearning/logs/run.googleapis.com%2Fstdout,,2024-02-29T20:28:07.166432456Z,sscartquery,northamerica-northeast1,modellearning,sscartquery-00011-jzl,sscartquery,cloud_run_revision,INFO,functions/Logic.java,2024-02-29T20:28:06.998566Z
65e0e8d60007b496471fb3bb,functions/Logic.java,service,cpu:=1300000000  rt:=1374235962,cloudfunctions,00d087f5e0fb53247b367efd3d5bd3eb6ec2079ea1f90edc419a49866437bf458cfeca444aeaa3b7daf5636b05c06cb47d5f161f950d27b45213cc036890ef6262ebf3,projects/modellearning/logs/run.googleapis.com%2Fstdout,,2024-02-29T20:28:06.832564860Z,sscartquery,northamerica-northeast1,modellearning,sscartquery-00011-jzl,sscartquery,cloud_run_revision,INFO,functions/Logic.java,2024-02-29T20:28:06.504982Z
65e0e8d60006a0d66ebe1a3f,functions/Logic.java,service,cpu:=840000000  rt:=865719713,cloudfunctions,00d087f5e04921ffa2ae878763f0217abb165fe4fe9a2e8a027ba11aed30e41dbddf4fc8615626ade2ce81a05b33cc0543a90b189fc41ef2749e7ddb07fe1c9b9eae6c,projects/modellearning/logs/run.googleapis.com%2Fstdout,,2024-02-29T20:28:06.500436091Z,sscartquery,northamerica-northeast1,modellearning,sscartquery-00011-jzl,sscartquery,cloud_run_revision,INFO,functions/Logic.java,2024-02-29T20:28:06.434390Z
65e0e8d600049c7a73c45c37,functions/Logic.java,service,cpu:=80000000  rt:=80455877,cloudfunctions,00d087f5e0508b90f669d2e778e5edb119d2cf95bbdf1d474990a4029916e734b09cb9a2fbea2793facea51d590b84a7b32d827e55698dd1314956e833b1573e692dea,projects/modellearning/logs/run.googleapis.com%2Fstdout,,2024-02-29T20:28:06.500436091Z,sscartquery,northamerica-northeast1,modellearning,sscartquery-00011-jzl,sscartquery,cloud_run_revision,INFO,functions/Logic.java,2024-02-29T20:28:06.302202Z
65e0e8d6000145ca9edec10e,functions/Logic.java,service,cpu:=450000000  rt:=475233396,cloudfunctions,00d087f5e0d4d81528cf22cb133c2e4dd9a2c4ce3eab40a6348fdb235a3535110a2312ab0cf8d4076c1e91472dbd37c7a81eb9097195cd3f6758925e661bb3dd5e03a2,projects/modellearning/logs/run.googleapis.com%2Fstdout,,2024-02-29T20:28:06.093104056Z,sscartquery,northamerica-northeast1,modellearning,sscartquery-00011-jzl,sscartquery,cloud_run_revision,INFO,functions/Logic.java,2024-02-29T20:28:06.083402Z
65e0e8d5000e72291c21ef27,functions/Logic.java,service,cpu:=700000000  rt:=723973515,cloudfunctions,00d087f5e096f10c047c63271bf3ad0a02126a02b2e38fa8048979e18ea67d746ffa403f88d9a80d0fd5b28bb55609f2a74100003294e282c98f0e4563ee611fd74e6e,projects/modellearning/logs/run.googleapis.com%2Fstdout,,2024-02-29T20:28:06.166520013Z,sscartquery,northamerica-northeast1,modellearning,sscartquery-00011-jzl,sscartquery,cloud_run_revision,INFO,functions/Logic.java,2024-02-29T20:28:05.946729Z
65e0e8d5000baba0f0b7233a,functions/Logic.java,service,cpu:=1240000000  rt:=1292750805,cloudfunctions,00d087f5e0508b90f669d2e778e5edb119d2cf95bbdf1d474990a4029916e734b09cb9a2fbea2793facea51d590b84a7b32d827e55698dd1314956e833b1573e692dea,projects/modellearning/logs/run.googleapis.com%2Fstdout,,2024-02-29T20:28:05.833904224Z,sscartquery,northamerica-northeast1,modellearning,sscartquery-00011-jzl,sscartquery,cloud_run_revision,INFO,functions/Logic.java,2024-02-29T20:28:05.764832Z
65e0e8d500051ce0e27df15d,functions/Logic.java,service,cpu:=-48610000000  rt:=204515813,cloudfunctions,00d087f5e0fb53247b367efd3d5bd3eb6ec2079ea1f90edc419a49866437bf458cfeca444aeaa3b7daf5636b05c06cb47d5f161f950d27b45213cc036890ef6262ebf3,projects/modellearning/logs/run.googleapis.com%2Fstdout,,2024-02-29T20:28:05.501637715Z,sscartquery,northamerica-northeast1,modellearning,sscartquery-00011-jzl,sscartquery,cloud_run_revision,INFO,functions/Logic.java,2024-02-29T20:28:05.335072Z
65e0e8d4000e9450d0af4f75,functions/Logic.java,service,cpu:=150000000  rt:=144131372,cloudfunctions,00d087f5e0fb53247b367efd3d5bd3eb6ec2079ea1f90edc419a49866437bf458cfeca444aeaa3b7daf5636b05c06cb47d5f161f950d27b45213cc036890ef6262ebf3,projects/modellearning/logs/run.googleapis.com%2Fstdout,,2024-02-29T20:28:05.168308996Z,sscartquery,northamerica-northeast1,modellearning,sscartquery-00011-jzl,sscartquery,cloud_run_revision,INFO,functions/Logic.java,2024-02-29T20:28:04.955472Z
65e0e8d4000b4199c7f93713,functions/Logic.java,service,cpu:=440000000  rt:=442289148,cloudfunctions,00d087f5e0c28364f40a88ea65440fad99d864800ea3cc4f8b70fe4c04ce8ea9bd6aa21cc40c9f2508c1dde8fc79b324f27e029f2d84aed35c039754a5d33a775a009f,projects/modellearning/logs/run.googleapis.com%2Fstdout,,2024-02-29T20:28:04.838459038Z,sscartquery,northamerica-northeast1,modellearning,sscartquery-00011-jzl,sscartquery,cloud_run_revision,INFO,functions/Logic.java,2024-02-29T20:28:04.737689Z
65e0e8d4000ab2e77049408e,functions/Logic.java,service,cpu:=590000000  rt:=599619161,cloudfunctions,00d087f5e0fb53247b367efd3d5bd3eb6ec2079ea1f90edc419a49866437bf458cfeca444aeaa3b7daf5636b05c06cb47d5f161f950d27b45213cc036890ef6262ebf3,projects/modellearning/logs/run.googleapis.com%2Fstdout,,2024-02-29T20:28:04.838459038Z,sscartquery,northamerica-northeast1,modellearning,sscartquery-00011-jzl,sscartquery,cloud_run_revision,INFO,functions/Logic.java,2024-02-29T20:28:04.701159Z
65e0e8d4000a325bd390e448,functions/Logic.java,service,cpu:=550000000  rt:=556973806,cloudfunctions,00d087f5e0b82d4393d4a7bbb7f14727933f8b96724a91b37d40394984760349848f0c657a1b55ad143d87d15617c08a8ba76acddb65a7eb3b550a40e4aceccdfb8d33,projects/modellearning/logs/run.googleapis.com%2Fstdout,,2024-02-29T20:28:04.838459038Z,sscartquery,northamerica-northeast1,modellearning,sscartquery-00011-jzl,sscartquery,cloud_run_revision,INFO,functions/Logic.java,2024-02-29T20:28:04.668251Z
65e0e8d400077fa4f3d647ac,functions/Logic.java,service,cpu:=100000000  rt:=99577833,cloudfunctions,00d087f5e025f1412d457ac9df76d9971bbb653901e64de3964b6771b432461e319b79b0f00c478208807a6c7a3fbf8874fe0596d4f63281afed598300217590a2678e,projects/modellearning/logs/run.googleapis.com%2Fstdout,,2024-02-29T20:28:04.501474996Z,sscartquery,northamerica-northeast1,modellearning,sscartquery-00011-jzl,sscartquery,cloud_run_revision,INFO,functions/Logic.java,2024-02-29T20:28:04.491428Z
65e0e8d400077a3e0933298a,functions/Logic.java,service,cpu:=2960000000  rt:=3041932184,cloudfunctions,00d087f5e04921ffa2ae878763f0217abb165fe4fe9a2e8a027ba11aed30e41dbddf4fc8615626ade2ce81a05b33cc0543a90b189fc41ef2749e7ddb07fe1c9b9eae6c,projects/modellearning/logs/run.googleapis.com%2Fstdout,,2024-02-29T20:28:04.501474996Z,sscartquery,northamerica-northeast1,modellearning,sscartquery-00011-jzl,sscartquery,cloud_run_revision,INFO,functions/Logic.java,2024-02-29T20:28:04.490046Z
65e0e8d40003ed2ebecec4f3,functions/Logic.java,service,cpu:=1750000000  rt:=1796920278,cloudfunctions,00d087f5e0d4d81528cf22cb133c2e4dd9a2c4ce3eab40a6348fdb235a3535110a2312ab0cf8d4076c1e91472dbd37c7a81eb9097195cd3f6758925e661bb3dd5e03a2,projects/modellearning/logs/run.googleapis.com%2Fstdout,,2024-02-29T20:28:04.427945077Z,sscartquery,northamerica-northeast1,modellearning,sscartquery-00011-jzl,sscartquery,cloud_run_revision,INFO,functions/Logic.java,2024-02-29T20:28:04.257326Z
65e0e8d400013de9a358750b,functions/Logic.java,service,cpu:=480000000  rt:=508449693,cloudfunctions,00d087f5e07bdae58c1f4da3364551cac54ac5362bf1a9581e7d4bf9a32f14aae9b89d873ef09e84a16dbd253a49be122c24eb757e668e06c6c2cc19262d914e45e911,projects/modellearning/logs/run.googleapis.com%2Fstdout,,2024-02-29T20:28:04.169433914Z,sscartquery,northamerica-northeast1,modellearning,sscartquery-00011-jzl,sscartquery,cloud_run_revision,INFO,functions/Logic.java,2024-02-29T20:28:04.081385Z
65e0e8d40000868d8ac89792,functions/Logic.java,service,cpu:=2320000000  rt:=2365992471,cloudfunctions,00d087f5e096f10c047c63271bf3ad0a02126a02b2e38fa8048979e18ea67d746ffa403f88d9a80d0fd5b28bb55609f2a74100003294e282c98f0e4563ee611fd74e6e,projects/modellearning/logs/run.googleapis.com%2Fstdout,,2024-02-29T20:28:04.169433914Z,sscartquery,northamerica-northeast1,modellearning,sscartquery-00011-jzl,sscartquery,cloud_run_revision,INFO,functions/Logic.java,2024-02-29T20:28:04.034445Z
65e0e8d3000ee648e232b800,functions/Logic.java,service,cpu:=620000000  rt:=648964152,cloudfunctions,00d087f5e0508b90f669d2e778e5edb119d2cf95bbdf1d474990a4029916e734b09cb9a2fbea2793facea51d590b84a7b32d827e55698dd1314956e833b1573e692dea,projects/modellearning/logs/run.googleapis.com%2Fstdout,,2024-02-29T20:28:04.169433914Z,sscartquery,northamerica-northeast1,modellearning,sscartquery-00011-jzl,sscartquery,cloud_run_revision,INFO,functions/Logic.java,2024-02-29T20:28:03.976456Z
65e0e8d3000d18ff3a37e8b0,functions/Logic.java,service,cpu:=290000000  rt:=292873517,cloudfunctions,00d087f5e025f1412d457ac9df76d9971bbb653901e64de3964b6771b432461e319b79b0f00c478208807a6c7a3fbf8874fe0596d4f63281afed598300217590a2678e,projects/modellearning/logs/run.googleapis.com%2Fstdout,,2024-02-29T20:28:04.169433914Z,sscartquery,northamerica-northeast1,modellearning,sscartquery-00011-jzl,sscartquery,cloud_run_revision,INFO,functions/Logic.java,2024-02-29T20:28:03.858367Z
65e0e8d30009add694e232b9,functions/Logic.java,service,cpu:=760000000  rt:=777469355,cloudfunctions,00d087f5e0fb53247b367efd3d5bd3eb6ec2079ea1f90edc419a49866437bf458cfeca444aeaa3b7daf5636b05c06cb47d5f161f950d27b45213cc036890ef6262ebf3,projects/modellearning/logs/run.googleapis.com%2Fstdout,,2024-02-29T20:28:03.835367371Z,sscartquery,northamerica-northeast1,modellearning,sscartquery-00011-jzl,sscartquery,cloud_run_revision,INFO,functions/Logic.java,2024-02-29T20:28:03.634326Z
65e0e8d300051a6f46bf14d9,functions/Logic.java,service,cpu:=820000000  rt:=840485338,cloudfunctions,00d087f5e0c28364f40a88ea65440fad99d864800ea3cc4f8b70fe4c04ce8ea9bd6aa21cc40c9f2508c1dde8fc79b324f27e029f2d84aed35c039754a5d33a775a009f,projects/modellearning/logs/run.googleapis.com%2Fstdout,,2024-02-29T20:28:03.502324144Z,sscartquery,northamerica-northeast1,modellearning,sscartquery-00011-jzl,sscartquery,cloud_run_revision,INFO,functions/Logic.java,2024-02-29T20:28:03.334447Z
65e0e8d30004a08b8ba7368d,functions/Logic.java,service,cpu:=-15320000000  rt:=1268091821,cloudfunctions,00d087f5e0b82d4393d4a7bbb7f14727933f8b96724a91b37d40394984760349848f0c657a1b55ad143d87d15617c08a8ba76acddb65a7eb3b550a40e4aceccdfb8d33,projects/modellearning/logs/run.googleapis.com%2Fstdout,,2024-02-29T20:28:03.502324144Z,sscartquery,northamerica-northeast1,modellearning,sscartquery-00011-jzl,sscartquery,cloud_run_revision,INFO,functions/Logic.java,2024-02-29T20:28:03.303243Z
65e0e8d2000eb4360b4b6ade,functions/Logic.java,service,cpu:=1270000000  rt:=1292188738,cloudfunctions,00d087f5e07bdae58c1f4da3364551cac54ac5362bf1a9581e7d4bf9a32f14aae9b89d873ef09e84a16dbd253a49be122c24eb757e668e06c6c2cc19262d914e45e911,projects/modellearning/logs/run.googleapis.com%2Fstdout,,2024-02-29T20:28:03.170554678Z,sscartquery,northamerica-northeast1,modellearning,sscartquery-00011-jzl,sscartquery,cloud_run_revision,INFO,functions/Logic.java,2024-02-29T20:28:02.963638Z
65e0e8d2000cbae6a5db798a,functions/Logic.java,service,cpu:=130000000  rt:=130919354,cloudfunctions,00d087f5e0fb53247b367efd3d5bd3eb6ec2079ea1f90edc419a49866437bf458cfeca444aeaa3b7daf5636b05c06cb47d5f161f950d27b45213cc036890ef6262ebf3,projects/modellearning/logs/run.googleapis.com%2Fstdout,,2024-02-29T20:28:02.836634133Z,sscartquery,northamerica-northeast1,modellearning,sscartquery-00011-jzl,sscartquery,cloud_run_revision,INFO,functions/Logic.java,2024-02-29T20:28:02.834278Z
65e0e8d2000b350fc9b2dba9,functions/Logic.java,service,cpu:=2070000000  rt:=2193878380,cloudfunctions,00d087f5e025f1412d457ac9df76d9971bbb653901e64de3964b6771b432461e319b79b0f00c478208807a6c7a3fbf8874fe0596d4f63281afed598300217590a2678e,projects/modellearning/logs/run.googleapis.com%2Fstdout,,2024-02-29T20:28:02.836634133Z,sscartquery,northamerica-northeast1,modellearning,sscartquery-00011-jzl,sscartquery,cloud_run_revision,INFO,functions/Logic.java,2024-02-29T20:28:02.734479Z
65e0e8d200091e479254a05e,functions/Logic.java,service,cpu:=200000000  rt:=200399778,cloudfunctions,00d087f5e0508b90f669d2e778e5edb119d2cf95bbdf1d474990a4029916e734b09cb9a2fbea2793facea51d590b84a7b32d827e55698dd1314956e833b1573e692dea,projects/modellearning/logs/run.googleapis.com%2Fstdout,,2024-02-29T20:28:02.836634133Z,sscartquery,northamerica-northeast1,modellearning,sscartquery-00011-jzl,sscartquery,cloud_run_revision,INFO,functions/Logic.java,2024-02-29T20:28:02.597575Z
65e0e8d20008747ccca73f4a,functions/Logic.java,service,cpu:=3910000000  rt:=4057267326,cloudfunctions,00d087f5e0fb53247b367efd3d5bd3eb6ec2079ea1f90edc419a49866437bf458cfeca444aeaa3b7daf5636b05c06cb47d5f161f950d27b45213cc036890ef6262ebf3,projects/modellearning/logs/run.googleapis.com%2Fstdout,,2024-02-29T20:28:02.836634133Z,sscartquery,northamerica-northeast1,modellearning,sscartquery-00011-jzl,sscartquery,cloud_run_revision,INFO,functions/Logic.java,2024-02-29T20:28:02.554108Z
65e0e8d2000519ce7efcc735,functions/Logic.java,service,cpu:=110000000  rt:=299080701,cloudfunctions,00d087f5e0b82d4393d4a7bbb7f14727933f8b96724a91b37d40394984760349848f0c657a1b55ad143d87d15617c08a8ba76acddb65a7eb3b550a40e4aceccdfb8d33,projects/modellearning/logs/run.googleapis.com%2Fstdout,,2024-02-29T20:28:02.504246577Z,sscartquery,northamerica-northeast1,modellearning,sscartquery-00011-jzl,sscartquery,cloud_run_revision,INFO,functions/Logic.java,2024-02-29T20:28:02.334286Z
65e0e8d20002ef010c4d31bd,functions/Logic.java,service,cpu:=210000000  rt:=215501069,cloudfunctions,00d087f5e0c28364f40a88ea65440fad99d864800ea3cc4f8b70fe4c04ce8ea9bd6aa21cc40c9f2508c1dde8fc79b324f27e029f2d84aed35c039754a5d33a775a009f,projects/modellearning/logs/run.googleapis.com%2Fstdout,,2024-02-29T20:28:02.504246577Z,sscartquery,northamerica-northeast1,modellearning,sscartquery-00011-jzl,sscartquery,cloud_run_revision,INFO,functions/Logic.java,2024-02-29T20:28:02.192257Z
65e0e8d20001b0729075673b,functions/Logic.java,service,cpu:=330000000  rt:=335168806,cloudfunctions,00d087f5e0508b90f669d2e778e5edb119d2cf95bbdf1d474990a4029916e734b09cb9a2fbea2793facea51d590b84a7b32d827e55698dd1314956e833b1573e692dea,projects/modellearning/logs/run.googleapis.com%2Fstdout,,2024-02-29T20:28:02.170282603Z,sscartquery,northamerica-northeast1,modellearning,sscartquery-00011-jzl,sscartquery,cloud_run_revision,INFO,functions/Logic.java,2024-02-29T20:28:02.110706Z
65e0e8d1000e6a5f517eabf2,functions/Logic.java,service,cpu:=1810000000  rt:=1899827785,cloudfunctions,00d087f5e0c28364f40a88ea65440fad99d864800ea3cc4f8b70fe4c04ce8ea9bd6aa21cc40c9f2508c1dde8fc79b324f27e029f2d84aed35c039754a5d33a775a009f,projects/modellearning/logs/run.googleapis.com%2Fstdout,,2024-02-29T20:28:02.170282603Z,sscartquery,northamerica-northeast1,modellearning,sscartquery-00011-jzl,sscartquery,cloud_run_revision,INFO,functions/Logic.java,2024-02-29T20:28:01.944735Z
65e0e8d100082770b4260954,functions/Logic.java,service,cpu:=4190000000  rt:=5054993782,cloudfunctions,00d087f5e0508b90f669d2e778e5edb119d2cf95bbdf1d474990a4029916e734b09cb9a2fbea2793facea51d590b84a7b32d827e55698dd1314956e833b1573e692dea,projects/modellearning/logs/run.googleapis.com%2Fstdout,,2024-02-29T20:28:01.838169650Z,sscartquery,northamerica-northeast1,modellearning,sscartquery-00011-jzl,sscartquery,cloud_run_revision,INFO,functions/Logic.java,2024-02-29T20:28:01.534384Z
65e0e8d100051ab825b0045c,functions/Logic.java,service,cpu:=250000000  rt:=297646551,cloudfunctions,00d087f5e07bdae58c1f4da3364551cac54ac5362bf1a9581e7d4bf9a32f14aae9b89d873ef09e84a16dbd253a49be122c24eb757e668e06c6c2cc19262d914e45e911,projects/modellearning/logs/run.googleapis.com%2Fstdout,,2024-02-29T20:28:01.505336353Z,sscartquery,northamerica-northeast1,modellearning,sscartquery-00011-jzl,sscartquery,cloud_run_revision,INFO,functions/Logic.java,2024-02-29T20:28:01.334520Z
65e0e8d10000a6bb87019214,functions/Logic.java,service,cpu:=290000000  rt:=297337803,cloudfunctions,00d087f5e096f10c047c63271bf3ad0a02126a02b2e38fa8048979e18ea67d746ffa403f88d9a80d0fd5b28bb55609f2a74100003294e282c98f0e4563ee611fd74e6e,projects/modellearning/logs/run.googleapis.com%2Fstdout,,2024-02-29T20:28:01.171200858Z,sscartquery,northamerica-northeast1,modellearning,sscartquery-00011-jzl,sscartquery,cloud_run_revision,INFO,functions/Logic.java,2024-02-29T20:28:01.042683Z
65e0e8d0000bc6e456e7ee1b,functions/Logic.java,service,cpu:=290000000  rt:=296955932,cloudfunctions,00d087f5e04921ffa2ae878763f0217abb165fe4fe9a2e8a027ba11aed30e41dbddf4fc8615626ade2ce81a05b33cc0543a90b189fc41ef2749e7ddb07fe1c9b9eae6c,projects/modellearning/logs/run.googleapis.com%2Fstdout,,2024-02-29T20:28:00.838156414Z,sscartquery,northamerica-northeast1,modellearning,sscartquery-00011-jzl,sscartquery,cloud_run_revision,INFO,functions/Logic.java,2024-02-29T20:28:00.771812Z
65e0e8d0000a140972a89af3,functions/Logic.java,service,cpu:=2010000000  rt:=2078089190,cloudfunctions,00d087f5e07bdae58c1f4da3364551cac54ac5362bf1a9581e7d4bf9a32f14aae9b89d873ef09e84a16dbd253a49be122c24eb757e668e06c6c2cc19262d914e45e911,projects/modellearning/logs/run.googleapis.com%2Fstdout,,2024-02-29T20:28:00.838156414Z,sscartquery,northamerica-northeast1,modellearning,sscartquery-00011-jzl,sscartquery,cloud_run_revision,INFO,functions/Logic.java,2024-02-29T20:28:00.660489Z
65e0e8d000041c2bdae32519,functions/Logic.java,service,cpu:=2330000000  rt:=2390618249,cloudfunctions,00d087f5e0d4d81528cf22cb133c2e4dd9a2c4ce3eab40a6348fdb235a3535110a2312ab0cf8d4076c1e91472dbd37c7a81eb9097195cd3f6758925e661bb3dd5e03a2,projects/modellearning/logs/run.googleapis.com%2Fstdout,,2024-02-29T20:28:00.432643388Z,sscartquery,northamerica-northeast1,modellearning,sscartquery-00011-jzl,sscartquery,cloud_run_revision,INFO,functions/Logic.java,2024-02-29T20:28:00.269355Z
65e0e8cf000d680dcdc02d7c,functions/Logic.java,service,cpu:=560000000  rt:=600167889,cloudfunctions,00d087f5e0b82d4393d4a7bbb7f14727933f8b96724a91b37d40394984760349848f0c657a1b55ad143d87d15617c08a8ba76acddb65a7eb3b550a40e4aceccdfb8d33,projects/modellearning/logs/run.googleapis.com%2Fstdout,,2024-02-29T20:28:00.172225871Z,sscartquery,northamerica-northeast1,modellearning,sscartquery-00011-jzl,sscartquery,cloud_run_revision,INFO,functions/Logic.java,2024-02-29T20:27:59.878605Z
65e0e8cf0009ebe83071ba55,functions/Logic.java,service,cpu:=450000000  rt:=477838116,cloudfunctions,00d087f5e096f10c047c63271bf3ad0a02126a02b2e38fa8048979e18ea67d746ffa403f88d9a80d0fd5b28bb55609f2a74100003294e282c98f0e4563ee611fd74e6e,projects/modellearning/logs/run.googleapis.com%2Fstdout,,2024-02-29T20:27:59.839412584Z,sscartquery,northamerica-northeast1,modellearning,sscartquery-00011-jzl,sscartquery,cloud_run_revision,INFO,functions/Logic.java,2024-02-29T20:27:59.650216Z
65e0e8cf00060fb6c6145bb6,functions/Logic.java,service,cpu:=390000000  rt:=424168608,cloudfunctions,00d087f5e025f1412d457ac9df76d9971bbb653901e64de3964b6771b432461e319b79b0f00c478208807a6c7a3fbf8874fe0596d4f63281afed598300217590a2678e,projects/modellearning/logs/run.googleapis.com%2Fstdout,,2024-02-29T20:27:59.506232015Z,sscartquery,northamerica-northeast1,modellearning,sscartquery-00011-jzl,sscartquery,cloud_run_revision,INFO,functions/Logic.java,2024-02-29T20:27:59.397238Z
65e0e8cf0005c8129f993070,functions/Logic.java,service,cpu:=2650000000  rt:=2726432538,cloudfunctions,00d087f5e04921ffa2ae878763f0217abb165fe4fe9a2e8a027ba11aed30e41dbddf4fc8615626ade2ce81a05b33cc0543a90b189fc41ef2749e7ddb07fe1c9b9eae6c,projects/modellearning/logs/run.googleapis.com%2Fstdout,,2024-02-29T20:27:59.506232015Z,sscartquery,northamerica-northeast1,modellearning,sscartquery-00011-jzl,sscartquery,cloud_run_revision,INFO,functions/Logic.java,2024-02-29T20:27:59.378898Z
65e0e8cf00044526288b5169,functions/Logic.java,service,cpu:=100000000  rt:=99092670,cloudfunctions,00d087f5e0c28364f40a88ea65440fad99d864800ea3cc4f8b70fe4c04ce8ea9bd6aa21cc40c9f2508c1dde8fc79b324f27e029f2d84aed35c039754a5d33a775a009f,projects/modellearning/logs/run.googleapis.com%2Fstdout,,2024-02-29T20:27:59.506232015Z,sscartquery,northamerica-northeast1,modellearning,sscartquery-00011-jzl,sscartquery,cloud_run_revision,INFO,functions/Logic.java,2024-02-29T20:27:59.279846Z
65e0e8cf000393178a2f1d1b,functions/Logic.java,service,cpu:=3440000000  rt:=3545489543,cloudfunctions,00d087f5e0b82d4393d4a7bbb7f14727933f8b96724a91b37d40394984760349848f0c657a1b55ad143d87d15617c08a8ba76acddb65a7eb3b550a40e4aceccdfb8d33,projects/modellearning/logs/run.googleapis.com%2Fstdout,,2024-02-29T20:27:59.506232015Z,sscartquery,northamerica-northeast1,modellearning,sscartquery-00011-jzl,sscartquery,cloud_run_revision,INFO,functions/Logic.java,2024-02-29T20:27:59.234263Z
65e0e8cf00020d00ea8a291a,functions/Logic.java,service,cpu:=960000000  rt:=981950831,cloudfunctions,00d087f5e0c28364f40a88ea65440fad99d864800ea3cc4f8b70fe4c04ce8ea9bd6aa21cc40c9f2508c1dde8fc79b324f27e029f2d84aed35c039754a5d33a775a009f,projects/modellearning/logs/run.googleapis.com%2Fstdout,,2024-02-29T20:27:59.173356578Z,sscartquery,northamerica-northeast1,modellearning,sscartquery-00011-jzl,sscartquery,cloud_run_revision,INFO,functions/Logic.java,2024-02-29T20:27:59.134400Z
65e0e8ce000ce30be56f304a,functions/Logic.java,service,cpu:=110000000  rt:=115907296,cloudfunctions,00d087f5e096f10c047c63271bf3ad0a02126a02b2e38fa8048979e18ea67d746ffa403f88d9a80d0fd5b28bb55609f2a74100003294e282c98f0e4563ee611fd74e6e,projects/modellearning/logs/run.googleapis.com%2Fstdout,,2024-02-29T20:27:59.173356578Z,sscartquery,northamerica-northeast1,modellearning,sscartquery-00011-jzl,sscartquery,cloud_run_revision,INFO,functions/Logic.java,2024-02-29T20:27:58.844555Z
65e0e8ce000b656d28fa502e,functions/Logic.java,service,cpu:=1620000000  rt:=3224152575,cloudfunctions,00d087f5e025f1412d457ac9df76d9971bbb653901e64de3964b6771b432461e319b79b0f00c478208807a6c7a3fbf8874fe0596d4f63281afed598300217590a2678e,projects/modellearning/logs/run.googleapis.com%2Fstdout,,2024-02-29T20:27:58.840764798Z,sscartquery,northamerica-northeast1,modellearning,sscartquery-00011-jzl,sscartquery,cloud_run_revision,INFO,functions/Logic.java,2024-02-29T20:27:58.746861Z
65e0e8ce0009ae3edcf162b1,functions/Logic.java,service,cpu:=-12120000000  rt:=3111781019,cloudfunctions,00d087f5e025f1412d457ac9df76d9971bbb653901e64de3964b6771b432461e319b79b0f00c478208807a6c7a3fbf8874fe0596d4f63281afed598300217590a2678e,projects/modellearning/logs/run.googleapis.com%2Fstdout,,2024-02-29T20:27:58.840764798Z,sscartquery,northamerica-northeast1,modellearning,sscartquery-00011-jzl,sscartquery,cloud_run_revision,INFO,functions/Logic.java,2024-02-29T20:27:58.634430Z
65e0e8ce00072cf4f481aa4f,functions/Logic.java,service,cpu:=840000000  rt:=912781768,cloudfunctions,00d087f5e0fb53247b367efd3d5bd3eb6ec2079ea1f90edc419a49866437bf458cfeca444aeaa3b7daf5636b05c06cb47d5f161f950d27b45213cc036890ef6262ebf3,projects/modellearning/logs/run.googleapis.com%2Fstdout,,2024-02-29T20:27:58.507191463Z,sscartquery,northamerica-northeast1,modellearning,sscartquery-00011-jzl,sscartquery,cloud_run_revision,INFO,functions/Logic.java,2024-02-29T20:27:58.470260Z
65e0e8ce0006a088516f7d6f,functions/Logic.java,service,cpu:=520000000  rt:=615719133,cloudfunctions,00d087f5e096f10c047c63271bf3ad0a02126a02b2e38fa8048979e18ea67d746ffa403f88d9a80d0fd5b28bb55609f2a74100003294e282c98f0e4563ee611fd74e6e,projects/modellearning/logs/run.googleapis.com%2Fstdout,,2024-02-29T20:27:58.507191463Z,sscartquery,northamerica-northeast1,modellearning,sscartquery-00011-jzl,sscartquery,cloud_run_revision,INFO,functions/Logic.java,2024-02-29T20:27:58.434312Z
65e0e8ce00041eb04f55bb7e,functions/Logic.java,service,cpu:=90000000  rt:=97708745,cloudfunctions,00d087f5e07bdae58c1f4da3364551cac54ac5362bf1a9581e7d4bf9a32f14aae9b89d873ef09e84a16dbd253a49be122c24eb757e668e06c6c2cc19262d914e45e911,projects/modellearning/logs/run.googleapis.com%2Fstdout,,2024-02-29T20:27:58.507191463Z,sscartquery,northamerica-northeast1,modellearning,sscartquery-00011-jzl,sscartquery,cloud_run_revision,INFO,functions/Logic.java,2024-02-29T20:27:58.270Z
65e0e8cd000f11cf24c74c89,functions/Logic.java,service,cpu:=1980000000  rt:=2058044429,cloudfunctions,00d087f5e07bdae58c1f4da3364551cac54ac5362bf1a9581e7d4bf9a32f14aae9b89d873ef09e84a16dbd253a49be122c24eb757e668e06c6c2cc19262d914e45e911,projects/modellearning/logs/run.googleapis.com%2Fstdout,,2024-02-29T20:27:58.175683618Z,sscartquery,northamerica-northeast1,modellearning,sscartquery-00011-jzl,sscartquery,cloud_run_revision,INFO,functions/Logic.java,2024-02-29T20:27:57.987599Z
65e0e8cd000e4f581850b91b,functions/Logic.java,service,cpu:=1210000000  rt:=1226544838,cloudfunctions,00d087f5e0c28364f40a88ea65440fad99d864800ea3cc4f8b70fe4c04ce8ea9bd6aa21cc40c9f2508c1dde8fc79b324f27e029f2d84aed35c039754a5d33a775a009f,projects/modellearning/logs/run.googleapis.com%2Fstdout,,2024-02-29T20:27:58.175683618Z,sscartquery,northamerica-northeast1,modellearning,sscartquery-00011-jzl,sscartquery,cloud_run_revision,INFO,functions/Logic.java,2024-02-29T20:27:57.937816Z
65e0e8cd000b838159e38667,functions/Logic.java,service,cpu:=-3170000000  rt:=1275049390,cloudfunctions,00d087f5e0508b90f669d2e778e5edb119d2cf95bbdf1d474990a4029916e734b09cb9a2fbea2793facea51d590b84a7b32d827e55698dd1314956e833b1573e692dea,projects/modellearning/logs/run.googleapis.com%2Fstdout,,2024-02-29T20:27:57.841723145Z,sscartquery,northamerica-northeast1,modellearning,sscartquery-00011-jzl,sscartquery,cloud_run_revision,INFO,functions/Logic.java,2024-02-29T20:27:57.754561Z
65e0e8cd0005fafd4c8d31d0,functions/Logic.java,service,cpu:=320000000  rt:=323886183,cloudfunctions,00d087f5e096f10c047c63271bf3ad0a02126a02b2e38fa8048979e18ea67d746ffa403f88d9a80d0fd5b28bb55609f2a74100003294e282c98f0e4563ee611fd74e6e,projects/modellearning/logs/run.googleapis.com%2Fstdout,,2024-02-29T20:27:57.508196578Z,sscartquery,northamerica-northeast1,modellearning,sscartquery-00011-jzl,sscartquery,cloud_run_revision,INFO,functions/Logic.java,2024-02-29T20:27:57.391933Z
65e0e8cd0002ff8ca46375b0,functions/Logic.java,service,cpu:=1000000000  rt:=1020872048,cloudfunctions,00d087f5e0fb53247b367efd3d5bd3eb6ec2079ea1f90edc419a49866437bf458cfeca444aeaa3b7daf5636b05c06cb47d5f161f950d27b45213cc036890ef6262ebf3,projects/modellearning/logs/run.googleapis.com%2Fstdout,,2024-02-29T20:27:57.508196578Z,sscartquery,northamerica-northeast1,modellearning,sscartquery-00011-jzl,sscartquery,cloud_run_revision,INFO,functions/Logic.java,2024-02-29T20:27:57.196492Z
65e0e8cc000ce3fb017216c7,functions/Logic.java,service,cpu:=280000000  rt:=277517794,cloudfunctions,00d087f5e06379a276e4a585f3c5060b28341f9ba1aae00b35146eef3c6bfe293ee854779cb36f3cc9ba10b75867900165815dba5f5fb35677f9397372dd0e41039340,projects/modellearning/logs/run.googleapis.com%2Fstdout,,2024-02-29T20:27:57.175130347Z,sscartquery,northamerica-northeast1,modellearning,sscartquery-00011-jzl,sscartquery,cloud_run_revision,INFO,functions/Logic.java,2024-02-29T20:27:56.844795Z
65e0e8cc000b346de0216995,functions/Logic.java,service,cpu:=1140000000  rt:=1919266055,cloudfunctions,00d087f5e096f10c047c63271bf3ad0a02126a02b2e38fa8048979e18ea67d746ffa403f88d9a80d0fd5b28bb55609f2a74100003294e282c98f0e4563ee611fd74e6e,projects/modellearning/logs/run.googleapis.com%2Fstdout,,2024-02-29T20:27:56.842797314Z,sscartquery,northamerica-northeast1,modellearning,sscartquery-00011-jzl,sscartquery,cloud_run_revision,INFO,functions/Logic.java,2024-02-29T20:27:56.734317Z
65e0e8cc0009b023a08d7295,functions/Logic.java,service,cpu:=13270000000  rt:=1819328924,cloudfunctions,00d087f5e096f10c047c63271bf3ad0a02126a02b2e38fa8048979e18ea67d746ffa403f88d9a80d0fd5b28bb55609f2a74100003294e282c98f0e4563ee611fd74e6e,projects/modellearning/logs/run.googleapis.com%2Fstdout,,2024-02-29T20:27:56.842797314Z,sscartquery,northamerica-northeast1,modellearning,sscartquery-00011-jzl,sscartquery,cloud_run_revision,INFO,functions/Logic.java,2024-02-29T20:27:56.634915Z
65e0e8cc0009adc1727c2fe2,functions/Logic.java,service,cpu:=170000000  rt:=308755250,cloudfunctions,00d087f5e0c28364f40a88ea65440fad99d864800ea3cc4f8b70fe4c04ce8ea9bd6aa21cc40c9f2508c1dde8fc79b324f27e029f2d84aed35c039754a5d33a775a009f,projects/modellearning/logs/run.googleapis.com%2Fstdout,,2024-02-29T20:27:56.842797314Z,sscartquery,northamerica-northeast1,modellearning,sscartquery-00011-jzl,sscartquery,cloud_run_revision,INFO,functions/Logic.java,2024-02-29T20:27:56.634305Z
65e0e8cc0008a74f55eff79f,functions/Logic.java,service,cpu:=1180000000  rt:=1569889658,cloudfunctions,00d087f5e04921ffa2ae878763f0217abb165fe4fe9a2e8a027ba11aed30e41dbddf4fc8615626ade2ce81a05b33cc0543a90b189fc41ef2749e7ddb07fe1c9b9eae6c,projects/modellearning/logs/run.googleapis.com%2Fstdout,,2024-02-29T20:27:56.842797314Z,sscartquery,northamerica-northeast1,modellearning,sscartquery-00011-jzl,sscartquery,cloud_run_revision,INFO,functions/Logic.java,2024-02-29T20:27:56.567119Z
65e0e8cc000862d4e5ea5895,functions/Logic.java,service,cpu:=26420000000  rt:=223962581,cloudfunctions,00d087f5e0c28364f40a88ea65440fad99d864800ea3cc4f8b70fe4c04ce8ea9bd6aa21cc40c9f2508c1dde8fc79b324f27e029f2d84aed35c039754a5d33a775a009f,projects/modellearning/logs/run.googleapis.com%2Fstdout,,2024-02-29T20:27:56.842797314Z,sscartquery,northamerica-northeast1,modellearning,sscartquery-00011-jzl,sscartquery,cloud_run_revision,INFO,functions/Logic.java,2024-02-29T20:27:56.549588Z
65e0e8cc000721dbd74d364c,functions/Logic.java,service,cpu:=170000000  rt:=172600815,cloudfunctions,00d087f5e06379a276e4a585f3c5060b28341f9ba1aae00b35146eef3c6bfe293ee854779cb36f3cc9ba10b75867900165815dba5f5fb35677f9397372dd0e41039340,projects/modellearning/logs/run.googleapis.com%2Fstdout,,2024-02-29T20:27:56.509800724Z,sscartquery,northamerica-northeast1,modellearning,sscartquery-00011-jzl,sscartquery,cloud_run_revision,INFO,functions/Logic.java,2024-02-29T20:27:56.467419Z
65e0e8cc0005258d447fe41f,functions/Logic.java,service,cpu:=4740000000  rt:=4968097433,cloudfunctions,00d087f5e0d4d81528cf22cb133c2e4dd9a2c4ce3eab40a6348fdb235a3535110a2312ab0cf8d4076c1e91472dbd37c7a81eb9097195cd3f6758925e661bb3dd5e03a2,projects/modellearning/logs/run.googleapis.com%2Fstdout,,2024-02-29T20:27:56.435680004Z,sscartquery,northamerica-northeast1,modellearning,sscartquery-00011-jzl,sscartquery,cloud_run_revision,INFO,functions/Logic.java,2024-02-29T20:27:56.337293Z
65e0e8cc00051a2c0d25636c,functions/Logic.java,service,cpu:=840000000  rt:=1335904544,cloudfunctions,00d087f5e0508b90f669d2e778e5edb119d2cf95bbdf1d474990a4029916e734b09cb9a2fbea2793facea51d590b84a7b32d827e55698dd1314956e833b1573e692dea,projects/modellearning/logs/run.googleapis.com%2Fstdout,,2024-02-29T20:27:56.509800724Z,sscartquery,northamerica-northeast1,modellearning,sscartquery-00011-jzl,sscartquery,cloud_run_revision,INFO,functions/Logic.java,2024-02-29T20:27:56.334380Z
65e0e8cc000085fd362500ab,functions/Logic.java,service,cpu:=-26560000000  rt:=1930488701,cloudfunctions,00d087f5e0fb53247b367efd3d5bd3eb6ec2079ea1f90edc419a49866437bf458cfeca444aeaa3b7daf5636b05c06cb47d5f161f950d27b45213cc036890ef6262ebf3,projects/modellearning/logs/run.googleapis.com%2Fstdout,,2024-02-29T20:27:56.176920969Z,sscartquery,northamerica-northeast1,modellearning,sscartquery-00011-jzl,sscartquery,cloud_run_revision,INFO,functions/Logic.java,2024-02-29T20:27:56.034301Z
65e0e8cb000f3f96be936f77,functions/Logic.java,service,cpu:=1980000000  rt:=2042237451,cloudfunctions,00d087f5e06379a276e4a585f3c5060b28341f9ba1aae00b35146eef3c6bfe293ee854779cb36f3cc9ba10b75867900165815dba5f5fb35677f9397372dd0e41039340,projects/modellearning/logs/run.googleapis.com%2Fstdout,,2024-02-29T20:27:56.176920969Z,sscartquery,northamerica-northeast1,modellearning,sscartquery-00011-jzl,sscartquery,cloud_run_revision,INFO,functions/Logic.java,2024-02-29T20:27:55.999318Z
65e0e8cb000e4226bf01cab8,functions/Logic.java,service,cpu:=-28980000000  rt:=936814266,cloudfunctions,00d087f5e04921ffa2ae878763f0217abb165fe4fe9a2e8a027ba11aed30e41dbddf4fc8615626ade2ce81a05b33cc0543a90b189fc41ef2749e7ddb07fe1c9b9eae6c,projects/modellearning/logs/run.googleapis.com%2Fstdout,,2024-02-29T20:27:56.176920969Z,sscartquery,northamerica-northeast1,modellearning,sscartquery-00011-jzl,sscartquery,cloud_run_revision,INFO,functions/Logic.java,2024-02-29T20:27:55.934438Z
65e0e8cb000ad110da08ca84,functions/Logic.java,service,cpu:=520000000  rt:=529881363,cloudfunctions,00d087f5e07bdae58c1f4da3364551cac54ac5362bf1a9581e7d4bf9a32f14aae9b89d873ef09e84a16dbd253a49be122c24eb757e668e06c6c2cc19262d914e45e911,projects/modellearning/logs/run.googleapis.com%2Fstdout,,2024-02-29T20:27:55.843191010Z,sscartquery,northamerica-northeast1,modellearning,sscartquery-00011-jzl,sscartquery,cloud_run_revision,INFO,functions/Logic.java,2024-02-29T20:27:55.708880Z
65e0e8cb000a4da90dd26899,functions/Logic.java,service,cpu:=410000000  rt:=719685244,cloudfunctions,00d087f5e0c28364f40a88ea65440fad99d864800ea3cc4f8b70fe4c04ce8ea9bd6aa21cc40c9f2508c1dde8fc79b324f27e029f2d84aed35c039754a5d33a775a009f,projects/modellearning/logs/run.googleapis.com%2Fstdout,,2024-02-29T20:27:55.843191010Z,sscartquery,northamerica-northeast1,modellearning,sscartquery-00011-jzl,sscartquery,cloud_run_revision,INFO,functions/Logic.java,2024-02-29T20:27:55.675241Z
65e0e8cb000a0d40219d8495,functions/Logic.java,service,cpu:=380000000  rt:=378001360,cloudfunctions,00d087f5e0b82d4393d4a7bbb7f14727933f8b96724a91b37d40394984760349848f0c657a1b55ad143d87d15617c08a8ba76acddb65a7eb3b550a40e4aceccdfb8d33,projects/modellearning/logs/run.googleapis.com%2Fstdout,,2024-02-29T20:27:55.843191010Z,sscartquery,northamerica-northeast1,modellearning,sscartquery-00011-jzl,sscartquery,cloud_run_revision,INFO,functions/Logic.java,2024-02-29T20:27:55.658752Z
65e0e8cb00082746c0e7918c,functions/Logic.java,service,cpu:=1030000000  rt:=1430720586,cloudfunctions,00d087f5e0fb53247b367efd3d5bd3eb6ec2079ea1f90edc419a49866437bf458cfeca444aeaa3b7daf5636b05c06cb47d5f161f950d27b45213cc036890ef6262ebf3,projects/modellearning/logs/run.googleapis.com%2Fstdout,,2024-02-29T20:27:55.843191010Z,sscartquery,northamerica-northeast1,modellearning,sscartquery-00011-jzl,sscartquery,cloud_run_revision,INFO,functions/Logic.java,2024-02-29T20:27:55.534342Z
65e0e8cb000519db60cd520f,functions/Logic.java,service,cpu:=820000000  rt:=905657465,cloudfunctions,00d087f5e025f1412d457ac9df76d9971bbb653901e64de3964b6771b432461e319b79b0f00c478208807a6c7a3fbf8874fe0596d4f63281afed598300217590a2678e,projects/modellearning/logs/run.googleapis.com%2Fstdout,,2024-02-29T20:27:55.510697064Z,sscartquery,northamerica-northeast1,modellearning,sscartquery-00011-jzl,sscartquery,cloud_run_revision,INFO,functions/Logic.java,2024-02-29T20:27:55.334299Z
65e0e8cb0001ab7e9b7eec71,functions/Logic.java,service,cpu:=450000000  rt:=456896694,cloudfunctions,00d087f5e0b82d4393d4a7bbb7f14727933f8b96724a91b37d40394984760349848f0c657a1b55ad143d87d15617c08a8ba76acddb65a7eb3b550a40e4aceccdfb8d33,projects/modellearning/logs/run.googleapis.com%2Fstdout,,2024-02-29T20:27:55.177101538Z,sscartquery,northamerica-northeast1,modellearning,sscartquery-00011-jzl,sscartquery,cloud_run_revision,INFO,functions/Logic.java,2024-02-29T20:27:55.109438Z
65e0e8cb00014e7241ae8045,functions/Logic.java,service,cpu:=1980000000  rt:=2038224113,cloudfunctions,00d087f5e07bdae58c1f4da3364551cac54ac5362bf1a9581e7d4bf9a32f14aae9b89d873ef09e84a16dbd253a49be122c24eb757e668e06c6c2cc19262d914e45e911,projects/modellearning/logs/run.googleapis.com%2Fstdout,,2024-02-29T20:27:55.177101538Z,sscartquery,northamerica-northeast1,modellearning,sscartquery-00011-jzl,sscartquery,cloud_run_revision,INFO,functions/Logic.java,2024-02-29T20:27:55.085618Z
65e0e8ca0005341e671756ee,functions/Logic.java,service,cpu:=440000000  rt:=449880512,cloudfunctions,00d087f5e0c28364f40a88ea65440fad99d864800ea3cc4f8b70fe4c04ce8ea9bd6aa21cc40c9f2508c1dde8fc79b324f27e029f2d84aed35c039754a5d33a775a009f,projects/modellearning/logs/run.googleapis.com%2Fstdout,,2024-02-29T20:27:54.512111082Z,sscartquery,northamerica-northeast1,modellearning,sscartquery-00011-jzl,sscartquery,cloud_run_revision,INFO,functions/Logic.java,2024-02-29T20:27:54.341022Z
65e0e8ca000393682da0e7c5,functions/Logic.java,service,cpu:=1570000000  rt:=1609222132,cloudfunctions,00d087f5e0b82d4393d4a7bbb7f14727933f8b96724a91b37d40394984760349848f0c657a1b55ad143d87d15617c08a8ba76acddb65a7eb3b550a40e4aceccdfb8d33,projects/modellearning/logs/run.googleapis.com%2Fstdout,,2024-02-29T20:27:54.512111082Z,sscartquery,northamerica-northeast1,modellearning,sscartquery-00011-jzl,sscartquery,cloud_run_revision,INFO,functions/Logic.java,2024-02-29T20:27:54.234344Z
65e0e8c9000a42181cc3e731,functions/Logic.java,service,cpu:=570000000  rt:=579924384,cloudfunctions,00d087f5e0508b90f669d2e778e5edb119d2cf95bbdf1d474990a4029916e734b09cb9a2fbea2793facea51d590b84a7b32d827e55698dd1314956e833b1573e692dea,projects/modellearning/logs/run.googleapis.com%2Fstdout,,2024-02-29T20:27:53.845075475Z,sscartquery,northamerica-northeast1,modellearning,sscartquery-00011-jzl,sscartquery,cloud_run_revision,INFO,functions/Logic.java,2024-02-29T20:27:53.672280Z
65e0e8c9000863399c10affc,functions/Logic.java,service,cpu:=570000000  rt:=577502350,cloudfunctions,00d087f5e0fb53247b367efd3d5bd3eb6ec2079ea1f90edc419a49866437bf458cfeca444aeaa3b7daf5636b05c06cb47d5f161f950d27b45213cc036890ef6262ebf3,projects/modellearning/logs/run.googleapis.com%2Fstdout,,2024-02-29T20:27:53.845075475Z,sscartquery,northamerica-northeast1,modellearning,sscartquery-00011-jzl,sscartquery,cloud_run_revision,INFO,functions/Logic.java,2024-02-29T20:27:53.549689Z
65e0e8c900056dd2cca99208,functions/Logic.java,service,cpu:=170000000  rt:=176041380,cloudfunctions,00d087f5e025f1412d457ac9df76d9971bbb653901e64de3964b6771b432461e319b79b0f00c478208807a6c7a3fbf8874fe0596d4f63281afed598300217590a2678e,projects/modellearning/logs/run.googleapis.com%2Fstdout,,2024-02-29T20:27:53.512712048Z,sscartquery,northamerica-northeast1,modellearning,sscartquery-00011-jzl,sscartquery,cloud_run_revision,INFO,functions/Logic.java,2024-02-29T20:27:53.355794Z
65e0e8c9000419173607725b,functions/Logic.java,service,cpu:=990000000  rt:=1009302257,cloudfunctions,00d087f5e04921ffa2ae878763f0217abb165fe4fe9a2e8a027ba11aed30e41dbddf4fc8615626ade2ce81a05b33cc0543a90b189fc41ef2749e7ddb07fe1c9b9eae6c,projects/modellearning/logs/run.googleapis.com%2Fstdout,,2024-02-29T20:27:53.512712048Z,sscartquery,northamerica-northeast1,modellearning,sscartquery-00011-jzl,sscartquery,cloud_run_revision,INFO,functions/Logic.java,2024-02-29T20:27:53.268567Z
65e0e8c90002f94ae757ee0b,functions/Logic.java,service,cpu:=840000000  rt:=900600213,cloudfunctions,00d087f5e096f10c047c63271bf3ad0a02126a02b2e38fa8048979e18ea67d746ffa403f88d9a80d0fd5b28bb55609f2a74100003294e282c98f0e4563ee611fd74e6e,projects/modellearning/logs/run.googleapis.com%2Fstdout,,2024-02-29T20:27:53.512712048Z,sscartquery,northamerica-northeast1,modellearning,sscartquery-00011-jzl,sscartquery,cloud_run_revision,INFO,functions/Logic.java,2024-02-29T20:27:53.194890Z
65e0e8c900014da95736243f,functions/Logic.java,service,cpu:=3640000000  rt:=3780325002,cloudfunctions,00d087f5e06379a276e4a585f3c5060b28341f9ba1aae00b35146eef3c6bfe293ee854779cb36f3cc9ba10b75867900165815dba5f5fb35677f9397372dd0e41039340,projects/modellearning/logs/run.googleapis.com%2Fstdout,,2024-02-29T20:27:53.179048598Z,sscartquery,northamerica-northeast1,modellearning,sscartquery-00011-jzl,sscartquery,cloud_run_revision,INFO,functions/Logic.java,2024-02-29T20:27:53.085417Z
65e0e8c8000c3830b81f53a9,functions/Logic.java,service,cpu:=430000000  rt:=452474385,cloudfunctions,00d087f5e0c28364f40a88ea65440fad99d864800ea3cc4f8b70fe4c04ce8ea9bd6aa21cc40c9f2508c1dde8fc79b324f27e029f2d84aed35c039754a5d33a775a009f,projects/modellearning/logs/run.googleapis.com%2Fstdout,,2024-02-29T20:27:52.846758508Z,sscartquery,northamerica-northeast1,modellearning,sscartquery-00011-jzl,sscartquery,cloud_run_revision,INFO,functions/Logic.java,2024-02-29T20:27:52.800816Z
65e0e8c8000bc0742852f228,functions/Logic.java,service,cpu:=710000000  rt:=741266495,cloudfunctions,00d087f5e0fb53247b367efd3d5bd3eb6ec2079ea1f90edc419a49866437bf458cfeca444aeaa3b7daf5636b05c06cb47d5f161f950d27b45213cc036890ef6262ebf3,projects/modellearning/logs/run.googleapis.com%2Fstdout,,2024-02-29T20:27:52.846758508Z,sscartquery,northamerica-northeast1,modellearning,sscartquery-00011-jzl,sscartquery,cloud_run_revision,INFO,functions/Logic.java,2024-02-29T20:27:52.770164Z
65e0e8c8000827d80b3c0384,functions/Logic.java,service,cpu:=1560000000  rt:=1653537808,cloudfunctions,00d087f5e025f1412d457ac9df76d9971bbb653901e64de3964b6771b432461e319b79b0f00c478208807a6c7a3fbf8874fe0596d4f63281afed598300217590a2678e,projects/modellearning/logs/run.googleapis.com%2Fstdout,,2024-02-29T20:27:52.846758508Z,sscartquery,northamerica-northeast1,modellearning,sscartquery-00011-jzl,sscartquery,cloud_run_revision,INFO,functions/Logic.java,2024-02-29T20:27:52.534488Z
65e0e8c80006b59cd5a5d225,functions/Logic.java,service,cpu:=520000000  rt:=585605064,cloudfunctions,00d087f5e0508b90f669d2e778e5edb119d2cf95bbdf1d474990a4029916e734b09cb9a2fbea2793facea51d590b84a7b32d827e55698dd1314956e833b1573e692dea,projects/modellearning/logs/run.googleapis.com%2Fstdout,,2024-02-29T20:27:52.513038556Z,sscartquery,northamerica-northeast1,modellearning,sscartquery-00011-jzl,sscartquery,cloud_run_revision,INFO,functions/Logic.java,2024-02-29T20:27:52.439708Z
65e0e8c800027526246c441d,functions/Logic.java,service,cpu:=650000000  rt:=671828163,cloudfunctions,00d087f5e07bdae58c1f4da3364551cac54ac5362bf1a9581e7d4bf9a32f14aae9b89d873ef09e84a16dbd253a49be122c24eb757e668e06c6c2cc19262d914e45e911,projects/modellearning/logs/run.googleapis.com%2Fstdout,,2024-02-29T20:27:52.179800224Z,sscartquery,northamerica-northeast1,modellearning,sscartquery-00011-jzl,sscartquery,cloud_run_revision,INFO,functions/Logic.java,2024-02-29T20:27:52.161062Z
65e0e8c800009d1c6460ec11,functions/Logic.java,service,cpu:=180000000  rt:=180602792,cloudfunctions,00d087f5e0b82d4393d4a7bbb7f14727933f8b96724a91b37d40394984760349848f0c657a1b55ad143d87d15617c08a8ba76acddb65a7eb3b550a40e4aceccdfb8d33,projects/modellearning/logs/run.googleapis.com%2Fstdout,,2024-02-29T20:27:52.179800224Z,sscartquery,northamerica-northeast1,modellearning,sscartquery-00011-jzl,sscartquery,cloud_run_revision,INFO,functions/Logic.java,2024-02-29T20:27:52.040220Z
65e0e8c7000de4769a2fc972,functions/Logic.java,service,cpu:=370000000  rt:=367786527,cloudfunctions,00d087f5e0c28364f40a88ea65440fad99d864800ea3cc4f8b70fe4c04ce8ea9bd6aa21cc40c9f2508c1dde8fc79b324f27e029f2d84aed35c039754a5d33a775a009f,projects/modellearning/logs/run.googleapis.com%2Fstdout,,2024-02-29T20:27:52.179800224Z,sscartquery,northamerica-northeast1,modellearning,sscartquery-00011-jzl,sscartquery,cloud_run_revision,INFO,functions/Logic.java,2024-02-29T20:27:51.910454Z
65e0e8c7000dd0eb6239a23d,functions/Logic.java,service,cpu:=180000000  rt:=175567486,cloudfunctions,00d087f5e0fb53247b367efd3d5bd3eb6ec2079ea1f90edc419a49866437bf458cfeca444aeaa3b7daf5636b05c06cb47d5f161f950d27b45213cc036890ef6262ebf3,projects/modellearning/logs/run.googleapis.com%2Fstdout,,2024-02-29T20:27:52.179800224Z,sscartquery,northamerica-northeast1,modellearning,sscartquery-00011-jzl,sscartquery,cloud_run_revision,INFO,functions/Logic.java,2024-02-29T20:27:51.905451Z
65e0e8c7000dbdfa798519ea,functions/Logic.java,service,cpu:=1550000000  rt:=1627646955,cloudfunctions,00d087f5e096f10c047c63271bf3ad0a02126a02b2e38fa8048979e18ea67d746ffa403f88d9a80d0fd5b28bb55609f2a74100003294e282c98f0e4563ee611fd74e6e,projects/modellearning/logs/run.googleapis.com%2Fstdout,,2024-02-29T20:27:52.179800224Z,sscartquery,northamerica-northeast1,modellearning,sscartquery-00011-jzl,sscartquery,cloud_run_revision,INFO,functions/Logic.java,2024-02-29T20:27:51.900602Z
65e0e8c700096887bb3e8053,functions/Logic.java,service,cpu:=-8330000000  rt:=247967128,cloudfunctions,00d087f5e0d4d81528cf22cb133c2e4dd9a2c4ce3eab40a6348fdb235a3535110a2312ab0cf8d4076c1e91472dbd37c7a81eb9097195cd3f6758925e661bb3dd5e03a2,projects/modellearning/logs/run.googleapis.com%2Fstdout,,2024-02-29T20:27:51.773770785Z,sscartquery,northamerica-northeast1,modellearning,sscartquery-00011-jzl,sscartquery,cloud_run_revision,INFO,functions/Logic.java,2024-02-29T20:27:51.616583Z
65e0e8c70009258172b869be,functions/Logic.java,service,cpu:=1090000000  rt:=1119653054,cloudfunctions,00d087f5e0fb53247b367efd3d5bd3eb6ec2079ea1f90edc419a49866437bf458cfeca444aeaa3b7daf5636b05c06cb47d5f161f950d27b45213cc036890ef6262ebf3,projects/modellearning/logs/run.googleapis.com%2Fstdout,,2024-02-29T20:27:51.847655999Z,sscartquery,northamerica-northeast1,modellearning,sscartquery-00011-jzl,sscartquery,cloud_run_revision,INFO,functions/Logic.java,2024-02-29T20:27:51.599425Z
65e0e8c6000eb4d986b30e6e,functions/Logic.java,service,cpu:=720000000  rt:=733043479,cloudfunctions,00d087f5e04921ffa2ae878763f0217abb165fe4fe9a2e8a027ba11aed30e41dbddf4fc8615626ade2ce81a05b33cc0543a90b189fc41ef2749e7ddb07fe1c9b9eae6c,projects/modellearning/logs/run.googleapis.com%2Fstdout,,2024-02-29T20:27:51.181014593Z,sscartquery,northamerica-northeast1,modellearning,sscartquery-00011-jzl,sscartquery,cloud_run_revision,INFO,functions/Logic.java,2024-02-29T20:27:50.963801Z
65e0e8c6000e469880d336ad,functions/Logic.java,service,cpu:=130000000  rt:=171353923,cloudfunctions,00d087f5e0b82d4393d4a7bbb7f14727933f8b96724a91b37d40394984760349848f0c657a1b55ad143d87d15617c08a8ba76acddb65a7eb3b550a40e4aceccdfb8d33,projects/modellearning/logs/run.googleapis.com%2Fstdout,,2024-02-29T20:27:51.181014593Z,sscartquery,northamerica-northeast1,modellearning,sscartquery-00011-jzl,sscartquery,cloud_run_revision,INFO,functions/Logic.java,2024-02-29T20:27:50.935576Z
65e0e8c600084b09ae2087ab,functions/Logic.java,service,cpu:=3610000000  rt:=3746279787,cloudfunctions,00d087f5e0508b90f669d2e778e5edb119d2cf95bbdf1d474990a4029916e734b09cb9a2fbea2793facea51d590b84a7b32d827e55698dd1314956e833b1573e692dea,projects/modellearning/logs/run.googleapis.com%2Fstdout,,2024-02-29T20:27:50.849019315Z,sscartquery,northamerica-northeast1,modellearning,sscartquery-00011-jzl,sscartquery,cloud_run_revision,INFO,functions/Logic.java,2024-02-29T20:27:50.543497Z
65e0e8c60007335784b6da88,functions/Logic.java,service,cpu:=2070000000  rt:=2163723536,cloudfunctions,00d087f5e0fb53247b367efd3d5bd3eb6ec2079ea1f90edc419a49866437bf458cfeca444aeaa3b7daf5636b05c06cb47d5f161f950d27b45213cc036890ef6262ebf3,projects/modellearning/logs/run.googleapis.com%2Fstdout,,2024-02-29T20:27:50.514715744Z,sscartquery,northamerica-northeast1,modellearning,sscartquery-00011-jzl,sscartquery,cloud_run_revision,INFO,functions/Logic.java,2024-02-29T20:27:50.471895Z
65e0e8c60005b8abe03b2b27,functions/Logic.java,service,cpu:=540000000  rt:=551440314,cloudfunctions,00d087f5e0c28364f40a88ea65440fad99d864800ea3cc4f8b70fe4c04ce8ea9bd6aa21cc40c9f2508c1dde8fc79b324f27e029f2d84aed35c039754a5d33a775a009f,projects/modellearning/logs/run.googleapis.com%2Fstdout,,2024-02-29T20:27:50.514715744Z,sscartquery,northamerica-northeast1,modellearning,sscartquery-00011-jzl,sscartquery,cloud_run_revision,INFO,functions/Logic.java,2024-02-29T20:27:50.374955Z
65e0e8c60002ad806c8d401e,functions/Logic.java,service,cpu:=1080000000  rt:=1124088016,cloudfunctions,00d087f5e07bdae58c1f4da3364551cac54ac5362bf1a9581e7d4bf9a32f14aae9b89d873ef09e84a16dbd253a49be122c24eb757e668e06c6c2cc19262d914e45e911,projects/modellearning/logs/run.googleapis.com%2Fstdout,,2024-02-29T20:27:50.182933661Z,sscartquery,northamerica-northeast1,modellearning,sscartquery-00011-jzl,sscartquery,cloud_run_revision,INFO,functions/Logic.java,2024-02-29T20:27:50.175488Z
65e0e8c5000e6a617b5f5754,functions/Logic.java,service,cpu:=80000000  rt:=79334659,cloudfunctions,00d087f5e025f1412d457ac9df76d9971bbb653901e64de3964b6771b432461e319b79b0f00c478208807a6c7a3fbf8874fe0596d4f63281afed598300217590a2678e,projects/modellearning/logs/run.googleapis.com%2Fstdout,,2024-02-29T20:27:50.182933661Z,sscartquery,northamerica-northeast1,modellearning,sscartquery-00011-jzl,sscartquery,cloud_run_revision,INFO,functions/Logic.java,2024-02-29T20:27:49.944737Z
65e0e8c50006a0ce190af860,functions/Logic.java,service,cpu:=1650000000  rt:=1698342376,cloudfunctions,00d087f5e0b82d4393d4a7bbb7f14727933f8b96724a91b37d40394984760349848f0c657a1b55ad143d87d15617c08a8ba76acddb65a7eb3b550a40e4aceccdfb8d33,projects/modellearning/logs/run.googleapis.com%2Fstdout,,2024-02-29T20:27:49.515534720Z,sscartquery,northamerica-northeast1,modellearning,sscartquery-00011-jzl,sscartquery,cloud_run_revision,INFO,functions/Logic.java,2024-02-29T20:27:49.434382Z
65e0e8c50005a22b5baa4fb3,functions/Logic.java,service,cpu:=420000000  rt:=430542930,cloudfunctions,00d087f5e096f10c047c63271bf3ad0a02126a02b2e38fa8048979e18ea67d746ffa403f88d9a80d0fd5b28bb55609f2a74100003294e282c98f0e4563ee611fd74e6e,projects/modellearning/logs/run.googleapis.com%2Fstdout,,2024-02-29T20:27:49.515534720Z,sscartquery,northamerica-northeast1,modellearning,sscartquery-00011-jzl,sscartquery,cloud_run_revision,INFO,functions/Logic.java,2024-02-29T20:27:49.369195Z
65e0e8c50003936846f0f9e4,functions/Logic.java,service,cpu:=1110000000  rt:=1241358944,cloudfunctions,00d087f5e04921ffa2ae878763f0217abb165fe4fe9a2e8a027ba11aed30e41dbddf4fc8615626ade2ce81a05b33cc0543a90b189fc41ef2749e7ddb07fe1c9b9eae6c,projects/modellearning/logs/run.googleapis.com%2Fstdout,,2024-02-29T20:27:49.515534720Z,sscartquery,northamerica-northeast1,modellearning,sscartquery-00011-jzl,sscartquery,cloud_run_revision,INFO,functions/Logic.java,2024-02-29T20:27:49.234344Z
65e0e8c4000d7e9aff4346ab,functions/Logic.java,service,cpu:=1030000000  rt:=1059055275,cloudfunctions,00d087f5e025f1412d457ac9df76d9971bbb653901e64de3964b6771b432461e319b79b0f00c478208807a6c7a3fbf8874fe0596d4f63281afed598300217590a2678e,projects/modellearning/logs/run.googleapis.com%2Fstdout,,2024-02-29T20:27:49.182859870Z,sscartquery,northamerica-northeast1,modellearning,sscartquery-00011-jzl,sscartquery,cloud_run_revision,INFO,functions/Logic.java,2024-02-29T20:27:48.884378Z
65e0e8c4000d2e6d00365258,functions/Logic.java,service,cpu:=390000000  rt:=393703430,cloudfunctions,00d087f5e0c28364f40a88ea65440fad99d864800ea3cc4f8b70fe4c04ce8ea9bd6aa21cc40c9f2508c1dde8fc79b324f27e029f2d84aed35c039754a5d33a775a009f,projects/modellearning/logs/run.googleapis.com%2Fstdout,,2024-02-29T20:27:49.182859870Z,sscartquery,northamerica-northeast1,modellearning,sscartquery-00011-jzl,sscartquery,cloud_run_revision,INFO,functions/Logic.java,2024-02-29T20:27:48.863853Z
65e0e8c400072c0037cffe8f,functions/Logic.java,service,cpu:=1350000000  rt:=1454446615,cloudfunctions,00d087f5e06379a276e4a585f3c5060b28341f9ba1aae00b35146eef3c6bfe293ee854779cb36f3cc9ba10b75867900165815dba5f5fb35677f9397372dd0e41039340,projects/modellearning/logs/run.googleapis.com%2Fstdout,,2024-02-29T20:27:48.516375464Z,sscartquery,northamerica-northeast1,modellearning,sscartquery-00011-jzl,sscartquery,cloud_run_revision,INFO,functions/Logic.java,2024-02-29T20:27:48.470016Z
65e0e8c40002fa9df9dc94f3,functions/Logic.java,service,cpu:=260000000  rt:=265162160,cloudfunctions,00d087f5e07bdae58c1f4da3364551cac54ac5362bf1a9581e7d4bf9a32f14aae9b89d873ef09e84a16dbd253a49be122c24eb757e668e06c6c2cc19262d914e45e911,projects/modellearning/logs/run.googleapis.com%2Fstdout,,2024-02-29T20:27:48.516375464Z,sscartquery,northamerica-northeast1,modellearning,sscartquery-00011-jzl,sscartquery,cloud_run_revision,INFO,functions/Logic.java,2024-02-29T20:27:48.195229Z
65e0e8c400012e8ab997d2f5,functions/Logic.java,service,cpu:=1540000000  rt:=1582011469,cloudfunctions,00d087f5e0fb53247b367efd3d5bd3eb6ec2079ea1f90edc419a49866437bf458cfeca444aeaa3b7daf5636b05c06cb47d5f161f950d27b45213cc036890ef6262ebf3,projects/modellearning/logs/run.googleapis.com%2Fstdout,,2024-02-29T20:27:48.183519579Z,sscartquery,northamerica-northeast1,modellearning,sscartquery-00011-jzl,sscartquery,cloud_run_revision,INFO,functions/Logic.java,2024-02-29T20:27:48.077450Z
65e0e8c3000e5c286dc550e0,functions/Logic.java,service,cpu:=320000000  rt:=326060605,cloudfunctions,00d087f5e096f10c047c63271bf3ad0a02126a02b2e38fa8048979e18ea67d746ffa403f88d9a80d0fd5b28bb55609f2a74100003294e282c98f0e4563ee611fd74e6e,projects/modellearning/logs/run.googleapis.com%2Fstdout,,2024-02-29T20:27:48.183519579Z,sscartquery,northamerica-northeast1,modellearning,sscartquery-00011-jzl,sscartquery,cloud_run_revision,INFO,functions/Logic.java,2024-02-29T20:27:47.941096Z
65e0e8c3000be7af36fdd266,functions/Logic.java,service,cpu:=870000000  rt:=906222582,cloudfunctions,00d087f5e0c28364f40a88ea65440fad99d864800ea3cc4f8b70fe4c04ce8ea9bd6aa21cc40c9f2508c1dde8fc79b324f27e029f2d84aed35c039754a5d33a775a009f,projects/modellearning/logs/run.googleapis.com%2Fstdout,,2024-02-29T20:27:47.850364788Z,sscartquery,northamerica-northeast1,modellearning,sscartquery-00011-jzl,sscartquery,cloud_run_revision,INFO,functions/Logic.java,2024-02-29T20:27:47.780207Z
65e0e8c30003f6f19c9431ed,functions/Logic.java,service,cpu:=550000000  rt:=580225423,cloudfunctions,00d087f5e04921ffa2ae878763f0217abb165fe4fe9a2e8a027ba11aed30e41dbddf4fc8615626ade2ce81a05b33cc0543a90b189fc41ef2749e7ddb07fe1c9b9eae6c,projects/modellearning/logs/run.googleapis.com%2Fstdout,,2024-02-29T20:27:47.518488815Z,sscartquery,northamerica-northeast1,modellearning,sscartquery-00011-jzl,sscartquery,cloud_run_revision,INFO,functions/Logic.java,2024-02-29T20:27:47.259825Z
65e0e8c2000e5f5b87f97702,functions/Logic.java,service,cpu:=1130000000  rt:=1164237657,cloudfunctions,00d087f5e07bdae58c1f4da3364551cac54ac5362bf1a9581e7d4bf9a32f14aae9b89d873ef09e84a16dbd253a49be122c24eb757e668e06c6c2cc19262d914e45e911,projects/modellearning/logs/run.googleapis.com%2Fstdout,,2024-02-29T20:27:47.184678962Z,sscartquery,northamerica-northeast1,modellearning,sscartquery-00011-jzl,sscartquery,cloud_run_revision,INFO,functions/Logic.java,2024-02-29T20:27:46.941915Z
65e0e8c2000de164926afa17,functions/Logic.java,service,cpu:=1510000000  rt:=1576660030,cloudfunctions,00d087f5e025f1412d457ac9df76d9971bbb653901e64de3964b6771b432461e319b79b0f00c478208807a6c7a3fbf8874fe0596d4f63281afed598300217590a2678e,projects/modellearning/logs/run.googleapis.com%2Fstdout,,2024-02-29T20:27:47.184678962Z,sscartquery,northamerica-northeast1,modellearning,sscartquery-00011-jzl,sscartquery,cloud_run_revision,INFO,functions/Logic.java,2024-02-29T20:27:46.909668Z
65e0e8c2000dd8bbbdeaa7a7,functions/Logic.java,service,cpu:=240000000  rt:=254528956,cloudfunctions,00d087f5e0b82d4393d4a7bbb7f14727933f8b96724a91b37d40394984760349848f0c657a1b55ad143d87d15617c08a8ba76acddb65a7eb3b550a40e4aceccdfb8d33,projects/modellearning/logs/run.googleapis.com%2Fstdout,,2024-02-29T20:27:47.184678962Z,sscartquery,northamerica-northeast1,modellearning,sscartquery-00011-jzl,sscartquery,cloud_run_revision,INFO,functions/Logic.java,2024-02-29T20:27:46.907451Z
65e0e8c2000ced18f24d42a5,functions/Logic.java,service,cpu:=730000000  rt:=772006781,cloudfunctions,00d087f5e096f10c047c63271bf3ad0a02126a02b2e38fa8048979e18ea67d746ffa403f88d9a80d0fd5b28bb55609f2a74100003294e282c98f0e4563ee611fd74e6e,projects/modellearning/logs/run.googleapis.com%2Fstdout,,2024-02-29T20:27:46.852182044Z,sscartquery,northamerica-northeast1,modellearning,sscartquery-00011-jzl,sscartquery,cloud_run_revision,INFO,functions/Logic.java,2024-02-29T20:27:46.847128Z
65e0e8c2000a1b2891e7d540,functions/Logic.java,service,cpu:=130000000  rt:=140449743,cloudfunctions,00d087f5e06379a276e4a585f3c5060b28341f9ba1aae00b35146eef3c6bfe293ee854779cb36f3cc9ba10b75867900165815dba5f5fb35677f9397372dd0e41039340,projects/modellearning/logs/run.googleapis.com%2Fstdout,,2024-02-29T20:27:46.852182044Z,sscartquery,northamerica-northeast1,modellearning,sscartquery-00011-jzl,sscartquery,cloud_run_revision,INFO,functions/Logic.java,2024-02-29T20:27:46.662312Z
65e0e8c20009b12e6011f147,functions/Logic.java,service,cpu:=2890000000  rt:=3023743741,cloudfunctions,00d087f5e0c28364f40a88ea65440fad99d864800ea3cc4f8b70fe4c04ce8ea9bd6aa21cc40c9f2508c1dde8fc79b324f27e029f2d84aed35c039754a5d33a775a009f,projects/modellearning/logs/run.googleapis.com%2Fstdout,,2024-02-29T20:27:46.852182044Z,sscartquery,northamerica-northeast1,modellearning,sscartquery-00011-jzl,sscartquery,cloud_run_revision,INFO,functions/Logic.java,2024-02-29T20:27:46.635182Z
65e0e8c20006baf48dc30f93,functions/Logic.java,service,cpu:=460000000  rt:=482138529,cloudfunctions,00d087f5e0508b90f669d2e778e5edb119d2cf95bbdf1d474990a4029916e734b09cb9a2fbea2793facea51d590b84a7b32d827e55698dd1314956e833b1573e692dea,projects/modellearning/logs/run.googleapis.com%2Fstdout,,2024-02-29T20:27:46.519309727Z,sscartquery,northamerica-northeast1,modellearning,sscartquery-00011-jzl,sscartquery,cloud_run_revision,INFO,functions/Logic.java,2024-02-29T20:27:46.441076Z
65e0e8c200051a9f9f91fbb7,functions/Logic.java,service,cpu:=350000000  rt:=383672910,cloudfunctions,00d087f5e04921ffa2ae878763f0217abb165fe4fe9a2e8a027ba11aed30e41dbddf4fc8615626ade2ce81a05b33cc0543a90b189fc41ef2749e7ddb07fe1c9b9eae6c,projects/modellearning/logs/run.googleapis.com%2Fstdout,,2024-02-29T20:27:46.519309727Z,sscartquery,northamerica-northeast1,modellearning,sscartquery-00011-jzl,sscartquery,cloud_run_revision,INFO,functions/Logic.java,2024-02-29T20:27:46.334495Z
65e0e8c200025c61a5498d07,functions/Logic.java,service,cpu:=26610000000  rt:=3409095258,cloudfunctions,00d087f5e0b82d4393d4a7bbb7f14727933f8b96724a91b37d40394984760349848f0c657a1b55ad143d87d15617c08a8ba76acddb65a7eb3b550a40e4aceccdfb8d33,projects/modellearning/logs/run.googleapis.com%2Fstdout,,2024-02-29T20:27:46.186098312Z,sscartquery,northamerica-northeast1,modellearning,sscartquery-00011-jzl,sscartquery,cloud_run_revision,INFO,functions/Logic.java,2024-02-29T20:27:46.154721Z
65e0e8c200020d64f632c1eb,functions/Logic.java,service,cpu:=1670000000  rt:=1727899885,cloudfunctions,00d087f5e0fb53247b367efd3d5bd3eb6ec2079ea1f90edc419a49866437bf458cfeca444aeaa3b7daf5636b05c06cb47d5f161f950d27b45213cc036890ef6262ebf3,projects/modellearning/logs/run.googleapis.com%2Fstdout,,2024-02-29T20:27:46.186098312Z,sscartquery,northamerica-northeast1,modellearning,sscartquery-00011-jzl,sscartquery,cloud_run_revision,INFO,functions/Logic.java,2024-02-29T20:27:46.134500Z
65e0e8c1000e421455ad1934,functions/Logic.java,service,cpu:=930000000  rt:=963927282,cloudfunctions,00d087f5e06379a276e4a585f3c5060b28341f9ba1aae00b35146eef3c6bfe293ee854779cb36f3cc9ba10b75867900165815dba5f5fb35677f9397372dd0e41039340,projects/modellearning/logs/run.googleapis.com%2Fstdout,,2024-02-29T20:27:46.186098312Z,sscartquery,northamerica-northeast1,modellearning,sscartquery-00011-jzl,sscartquery,cloud_run_revision,INFO,functions/Logic.java,2024-02-29T20:27:45.934420Z
65e0e8c1000a4d08d4b57b95,functions/Logic.java,service,cpu:=3150000000  rt:=3271972922,cloudfunctions,00d087f5e096f10c047c63271bf3ad0a02126a02b2e38fa8048979e18ea67d746ffa403f88d9a80d0fd5b28bb55609f2a74100003294e282c98f0e4563ee611fd74e6e,projects/modellearning/logs/run.googleapis.com%2Fstdout,,2024-02-29T20:27:45.852216360Z,sscartquery,northamerica-northeast1,modellearning,sscartquery-00011-jzl,sscartquery,cloud_run_revision,INFO,functions/Logic.java,2024-02-29T20:27:45.675080Z
65e0e8c100093200f5c2c398,functions/Logic.java,service,cpu:=510000000  rt:=525631186,cloudfunctions,00d087f5e0508b90f669d2e778e5edb119d2cf95bbdf1d474990a4029916e734b09cb9a2fbea2793facea51d590b84a7b32d827e55698dd1314956e833b1573e692dea,projects/modellearning/logs/run.googleapis.com%2Fstdout,,2024-02-29T20:27:45.852216360Z,sscartquery,northamerica-northeast1,modellearning,sscartquery-00011-jzl,sscartquery,cloud_run_revision,INFO,functions/Logic.java,2024-02-29T20:27:45.602624Z
65e0e8c1000307be466535bc,functions/Logic.java,service,cpu:=170000000  rt:=166459284,cloudfunctions,00d087f5e04921ffa2ae878763f0217abb165fe4fe9a2e8a027ba11aed30e41dbddf4fc8615626ade2ce81a05b33cc0543a90b189fc41ef2749e7ddb07fe1c9b9eae6c,projects/modellearning/logs/run.googleapis.com%2Fstdout,,2024-02-29T20:27:45.519817573Z,sscartquery,northamerica-northeast1,modellearning,sscartquery-00011-jzl,sscartquery,cloud_run_revision,INFO,functions/Logic.java,2024-02-29T20:27:45.198590Z
65e0e8c1000119c1ee0e8ce7,functions/Logic.java,service,cpu:=-20770000000  rt:=4229785683,cloudfunctions,00d087f5e07bdae58c1f4da3364551cac54ac5362bf1a9581e7d4bf9a32f14aae9b89d873ef09e84a16dbd253a49be122c24eb757e668e06c6c2cc19262d914e45e911,projects/modellearning/logs/run.googleapis.com%2Fstdout,,2024-02-29T20:27:45.187176558Z,sscartquery,northamerica-northeast1,modellearning,sscartquery-00011-jzl,sscartquery,cloud_run_revision,INFO,functions/Logic.java,2024-02-29T20:27:45.072129Z
65e0e8c0000e568b2017ccc6,functions/Logic.java,service,cpu:=40000000  rt:=47443655,cloudfunctions,00d087f5e0d4d81528cf22cb133c2e4dd9a2c4ce3eab40a6348fdb235a3535110a2312ab0cf8d4076c1e91472dbd37c7a81eb9097195cd3f6758925e661bb3dd5e03a2,projects/modellearning/logs/run.googleapis.com%2Fstdout,,2024-02-29T20:27:45.113102087Z,sscartquery,northamerica-northeast1,modellearning,sscartquery-00011-jzl,sscartquery,cloud_run_revision,INFO,functions/Logic.java,2024-02-29T20:27:44.939659Z
65e0e8c0000e42127ab98a7e,functions/Logic.java,service,cpu:=2080000000  rt:=4092029079,cloudfunctions,00d087f5e07bdae58c1f4da3364551cac54ac5362bf1a9581e7d4bf9a32f14aae9b89d873ef09e84a16dbd253a49be122c24eb757e668e06c6c2cc19262d914e45e911,projects/modellearning/logs/run.googleapis.com%2Fstdout,,2024-02-29T20:27:45.187176558Z,sscartquery,northamerica-northeast1,modellearning,sscartquery-00011-jzl,sscartquery,cloud_run_revision,INFO,functions/Logic.java,2024-02-29T20:27:44.934418Z
65e0e8c00004aeefa4bc8ae8,functions/Logic.java,service,cpu:=500000000  rt:=508807545,cloudfunctions,00d087f5e0fb53247b367efd3d5bd3eb6ec2079ea1f90edc419a49866437bf458cfeca444aeaa3b7daf5636b05c06cb47d5f161f950d27b45213cc036890ef6262ebf3,projects/modellearning/logs/run.googleapis.com%2Fstdout,,2024-02-29T20:27:44.520262864Z,sscartquery,northamerica-northeast1,modellearning,sscartquery-00011-jzl,sscartquery,cloud_run_revision,INFO,functions/Logic.java,2024-02-29T20:27:44.306927Z
65e0e8c0000175c0218b4511,functions/Logic.java,service,cpu:=780000000  rt:=793478936,cloudfunctions,00d087f5e025f1412d457ac9df76d9971bbb653901e64de3964b6771b432461e319b79b0f00c478208807a6c7a3fbf8874fe0596d4f63281afed598300217590a2678e,projects/modellearning/logs/run.googleapis.com%2Fstdout,,2024-02-29T20:27:44.188278096Z,sscartquery,northamerica-northeast1,modellearning,sscartquery-00011-jzl,sscartquery,cloud_run_revision,INFO,functions/Logic.java,2024-02-29T20:27:44.095680Z
65e0e8bf000f163d6dd19f86,functions/Logic.java,service,cpu:=1950000000  rt:=2020375068,cloudfunctions,00d087f5e0508b90f669d2e778e5edb119d2cf95bbdf1d474990a4029916e734b09cb9a2fbea2793facea51d590b84a7b32d827e55698dd1314956e833b1573e692dea,projects/modellearning/logs/run.googleapis.com%2Fstdout,,2024-02-29T20:27:44.188278096Z,sscartquery,northamerica-northeast1,modellearning,sscartquery-00011-jzl,sscartquery,cloud_run_revision,INFO,functions/Logic.java,2024-02-29T20:27:43.988733Z
65e0e8bf000e84436da6013f,functions/Logic.java,service,cpu:=1280000000  rt:=1352085219,cloudfunctions,00d087f5e04921ffa2ae878763f0217abb165fe4fe9a2e8a027ba11aed30e41dbddf4fc8615626ade2ce81a05b33cc0543a90b189fc41ef2749e7ddb07fe1c9b9eae6c,projects/modellearning/logs/run.googleapis.com%2Fstdout,,2024-02-29T20:27:44.188278096Z,sscartquery,northamerica-northeast1,modellearning,sscartquery-00011-jzl,sscartquery,cloud_run_revision,INFO,functions/Logic.java,2024-02-29T20:27:43.951363Z
65e0e8bf000b87f6d083af3e,functions/Logic.java,service,cpu:=830000000  rt:=862519945,cloudfunctions,00d087f5e0fb53247b367efd3d5bd3eb6ec2079ea1f90edc419a49866437bf458cfeca444aeaa3b7daf5636b05c06cb47d5f161f950d27b45213cc036890ef6262ebf3,projects/modellearning/logs/run.googleapis.com%2Fstdout,,2024-02-29T20:27:43.854939342Z,sscartquery,northamerica-northeast1,modellearning,sscartquery-00011-jzl,sscartquery,cloud_run_revision,INFO,functions/Logic.java,2024-02-29T20:27:43.755702Z
65e0e8bf000400d2b3332384,functions/Logic.java,service,cpu:=560000000  rt:=571799702,cloudfunctions,00d087f5e06379a276e4a585f3c5060b28341f9ba1aae00b35146eef3c6bfe293ee854779cb36f3cc9ba10b75867900165815dba5f5fb35677f9397372dd0e41039340,projects/modellearning/logs/run.googleapis.com%2Fstdout,,2024-02-29T20:27:43.522159607Z,sscartquery,northamerica-northeast1,modellearning,sscartquery-00011-jzl,sscartquery,cloud_run_revision,INFO,functions/Logic.java,2024-02-29T20:27:43.262354Z
65e0e8bf00020ce059236c06,functions/Logic.java,service,cpu:=220000000  rt:=388129286,cloudfunctions,00d087f5e0b82d4393d4a7bbb7f14727933f8b96724a91b37d40394984760349848f0c657a1b55ad143d87d15617c08a8ba76acddb65a7eb3b550a40e4aceccdfb8d33,projects/modellearning/logs/run.googleapis.com%2Fstdout,,2024-02-29T20:27:43.189132101Z,sscartquery,northamerica-northeast1,modellearning,sscartquery-00011-jzl,sscartquery,cloud_run_revision,INFO,functions/Logic.java,2024-02-29T20:27:43.134368Z
65e0e8be000cfa80a08203e9,functions/Logic.java,service,cpu:=3140000000  rt:=3242825933,cloudfunctions,00d087f5e0c28364f40a88ea65440fad99d864800ea3cc4f8b70fe4c04ce8ea9bd6aa21cc40c9f2508c1dde8fc79b324f27e029f2d84aed35c039754a5d33a775a009f,projects/modellearning/logs/run.googleapis.com%2Fstdout,,2024-02-29T20:27:42.856007026Z,sscartquery,northamerica-northeast1,modellearning,sscartquery-00011-jzl,sscartquery,cloud_run_revision,INFO,functions/Logic.java,2024-02-29T20:27:42.850560Z
65e0e8be000c61e60e1cd54e,functions/Logic.java,service,cpu:=1780000000  rt:=1831159621,cloudfunctions,00d087f5e025f1412d457ac9df76d9971bbb653901e64de3964b6771b432461e319b79b0f00c478208807a6c7a3fbf8874fe0596d4f63281afed598300217590a2678e,projects/modellearning/logs/run.googleapis.com%2Fstdout,,2024-02-29T20:27:42.856007026Z,sscartquery,northamerica-northeast1,modellearning,sscartquery-00011-jzl,sscartquery,cloud_run_revision,INFO,functions/Logic.java,2024-02-29T20:27:42.811494Z
65e0e8be000c4ad358196645,functions/Logic.java,service,cpu:=900000000  rt:=940857546,cloudfunctions,00d087f5e0fb53247b367efd3d5bd3eb6ec2079ea1f90edc419a49866437bf458cfeca444aeaa3b7daf5636b05c06cb47d5f161f950d27b45213cc036890ef6262ebf3,projects/modellearning/logs/run.googleapis.com%2Fstdout,,2024-02-29T20:27:42.856007026Z,sscartquery,northamerica-northeast1,modellearning,sscartquery-00011-jzl,sscartquery,cloud_run_revision,INFO,functions/Logic.java,2024-02-29T20:27:42.805587Z
65e0e8be0008f3e43276d5eb,functions/Logic.java,service,cpu:=860000000  rt:=901187574,cloudfunctions,00d087f5e06379a276e4a585f3c5060b28341f9ba1aae00b35146eef3c6bfe293ee854779cb36f3cc9ba10b75867900165815dba5f5fb35677f9397372dd0e41039340,projects/modellearning/logs/run.googleapis.com%2Fstdout,,2024-02-29T20:27:42.856007026Z,sscartquery,northamerica-northeast1,modellearning,sscartquery-00011-jzl,sscartquery,cloud_run_revision,INFO,functions/Logic.java,2024-02-29T20:27:42.586724Z
65e0e8be000104af5e3f9d64,functions/Logic.java,service,cpu:=410000000  rt:=414658908,cloudfunctions,00d087f5e0d4d81528cf22cb133c2e4dd9a2c4ce3eab40a6348fdb235a3535110a2312ab0cf8d4076c1e91472dbd37c7a81eb9097195cd3f6758925e661bb3dd5e03a2,projects/modellearning/logs/run.googleapis.com%2Fstdout,,2024-02-29T20:27:42.116039931Z,sscartquery,northamerica-northeast1,modellearning,sscartquery-00011-jzl,sscartquery,cloud_run_revision,INFO,functions/Logic.java,2024-02-29T20:27:42.066735Z
65e0e8bd000d0be6d3542c47,functions/Logic.java,service,cpu:=190000000  rt:=208578269,cloudfunctions,00d087f5e0b82d4393d4a7bbb7f14727933f8b96724a91b37d40394984760349848f0c657a1b55ad143d87d15617c08a8ba76acddb65a7eb3b550a40e4aceccdfb8d33,projects/modellearning/logs/run.googleapis.com%2Fstdout,,2024-02-29T20:27:42.187697723Z,sscartquery,northamerica-northeast1,modellearning,sscartquery-00011-jzl,sscartquery,cloud_run_revision,INFO,functions/Logic.java,2024-02-29T20:27:41.855014Z
65e0e8bd000a7efbbfe5a43d,functions/Logic.java,service,cpu:=1010000000  rt:=1027568778,cloudfunctions,00d087f5e0fb53247b367efd3d5bd3eb6ec2079ea1f90edc419a49866437bf458cfeca444aeaa3b7daf5636b05c06cb47d5f161f950d27b45213cc036890ef6262ebf3,projects/modellearning/logs/run.googleapis.com%2Fstdout,,2024-02-29T20:27:41.857330876Z,sscartquery,northamerica-northeast1,modellearning,sscartquery-00011-jzl,sscartquery,cloud_run_revision,INFO,functions/Logic.java,2024-02-29T20:27:41.687867Z
65e0e8bd0007e3c13a16dddc,functions/Logic.java,service,cpu:=1220000000  rt:=1251784449,cloudfunctions,00d087f5e04921ffa2ae878763f0217abb165fe4fe9a2e8a027ba11aed30e41dbddf4fc8615626ade2ce81a05b33cc0543a90b189fc41ef2749e7ddb07fe1c9b9eae6c,projects/modellearning/logs/run.googleapis.com%2Fstdout,,2024-02-29T20:27:41.521817012Z,sscartquery,northamerica-northeast1,modellearning,sscartquery-00011-jzl,sscartquery,cloud_run_revision,INFO,functions/Logic.java,2024-02-29T20:27:41.517057Z
65e0e8bd00071ec94dd4bd36,functions/Logic.java,service,cpu:=1020000000  rt:=1046133533,cloudfunctions,00d087f5e096f10c047c63271bf3ad0a02126a02b2e38fa8048979e18ea67d746ffa403f88d9a80d0fd5b28bb55609f2a74100003294e282c98f0e4563ee611fd74e6e,projects/modellearning/logs/run.googleapis.com%2Fstdout,,2024-02-29T20:27:41.521817012Z,sscartquery,northamerica-northeast1,modellearning,sscartquery-00011-jzl,sscartquery,cloud_run_revision,INFO,functions/Logic.java,2024-02-29T20:27:41.466633Z
65e0e8bd0005fb1657539b2b,functions/Logic.java,service,cpu:=1580000000  rt:=1608687706,cloudfunctions,00d087f5e0508b90f669d2e778e5edb119d2cf95bbdf1d474990a4029916e734b09cb9a2fbea2793facea51d590b84a7b32d827e55698dd1314956e833b1573e692dea,projects/modellearning/logs/run.googleapis.com%2Fstdout,,2024-02-29T20:27:41.521817012Z,sscartquery,northamerica-northeast1,modellearning,sscartquery-00011-jzl,sscartquery,cloud_run_revision,INFO,functions/Logic.java,2024-02-29T20:27:41.391958Z
65e0e8bd00042cd979bc001c,functions/Logic.java,service,cpu:=870000000  rt:=885737834,cloudfunctions,00d087f5e06379a276e4a585f3c5060b28341f9ba1aae00b35146eef3c6bfe293ee854779cb36f3cc9ba10b75867900165815dba5f5fb35677f9397372dd0e41039340,projects/modellearning/logs/run.googleapis.com%2Fstdout,,2024-02-29T20:27:41.521817012Z,sscartquery,northamerica-northeast1,modellearning,sscartquery-00011-jzl,sscartquery,cloud_run_revision,INFO,functions/Logic.java,2024-02-29T20:27:41.273625Z
65e0e8bc000f3405f6b3c44e,functions/Logic.java,service,cpu:=2070000000  rt:=2150469683,cloudfunctions,00d087f5e0b82d4393d4a7bbb7f14727933f8b96724a91b37d40394984760349848f0c657a1b55ad143d87d15617c08a8ba76acddb65a7eb3b550a40e4aceccdfb8d33,projects/modellearning/logs/run.googleapis.com%2Fstdout,,2024-02-29T20:27:41.187686460Z,sscartquery,northamerica-northeast1,modellearning,sscartquery-00011-jzl,sscartquery,cloud_run_revision,INFO,functions/Logic.java,2024-02-29T20:27:40.996357Z
65e0e8bc000e4245b0d485ed,functions/Logic.java,service,cpu:=260000000  rt:=268727316,cloudfunctions,00d087f5e025f1412d457ac9df76d9971bbb653901e64de3964b6771b432461e319b79b0f00c478208807a6c7a3fbf8874fe0596d4f63281afed598300217590a2678e,projects/modellearning/logs/run.googleapis.com%2Fstdout,,2024-02-29T20:27:41.187686460Z,sscartquery,northamerica-northeast1,modellearning,sscartquery-00011-jzl,sscartquery,cloud_run_revision,INFO,functions/Logic.java,2024-02-29T20:27:40.934469Z
65e0e8bc000b636013372c4d,functions/Logic.java,service,cpu:=280000000  rt:=584421044,cloudfunctions,00d087f5e07bdae58c1f4da3364551cac54ac5362bf1a9581e7d4bf9a32f14aae9b89d873ef09e84a16dbd253a49be122c24eb757e668e06c6c2cc19262d914e45e911,projects/modellearning/logs/run.googleapis.com%2Fstdout,,2024-02-29T20:27:40.855026708Z,sscartquery,northamerica-northeast1,modellearning,sscartquery-00011-jzl,sscartquery,cloud_run_revision,INFO,functions/Logic.java,2024-02-29T20:27:40.746336Z
65e0e8bc00092b89513e6f62,functions/Logic.java,service,cpu:=2680000000  rt:=2793733427,cloudfunctions,00d087f5e0fb53247b367efd3d5bd3eb6ec2079ea1f90edc419a49866437bf458cfeca444aeaa3b7daf5636b05c06cb47d5f161f950d27b45213cc036890ef6262ebf3,projects/modellearning/logs/run.googleapis.com%2Fstdout,,2024-02-29T20:27:40.855026708Z,sscartquery,northamerica-northeast1,modellearning,sscartquery-00011-jzl,sscartquery,cloud_run_revision,INFO,functions/Logic.java,2024-02-29T20:27:40.600969Z
65e0e8bc0005a4b20f027921,functions/Logic.java,service,cpu:=900000000  rt:=920140477,cloudfunctions,00d087f5e025f1412d457ac9df76d9971bbb653901e64de3964b6771b432461e319b79b0f00c478208807a6c7a3fbf8874fe0596d4f63281afed598300217590a2678e,projects/modellearning/logs/run.googleapis.com%2Fstdout,,2024-02-29T20:27:40.521447495Z,sscartquery,northamerica-northeast1,modellearning,sscartquery-00011-jzl,sscartquery,cloud_run_revision,INFO,functions/Logic.java,2024-02-29T20:27:40.369842Z
65e0e8bc00043e7cbc312858,functions/Logic.java,service,cpu:=1620000000  rt:=1667210018,cloudfunctions,00d087f5e096f10c047c63271bf3ad0a02126a02b2e38fa8048979e18ea67d746ffa403f88d9a80d0fd5b28bb55609f2a74100003294e282c98f0e4563ee611fd74e6e,projects/modellearning/logs/run.googleapis.com%2Fstdout,,2024-02-29T20:27:40.521447495Z,sscartquery,northamerica-northeast1,modellearning,sscartquery-00011-jzl,sscartquery,cloud_run_revision,INFO,functions/Logic.java,2024-02-29T20:27:40.278140Z
65e0e8bc0003f547639ec77c,functions/Logic.java,service,cpu:=1500000000  rt:=1562252750,cloudfunctions,00d087f5e06379a276e4a585f3c5060b28341f9ba1aae00b35146eef3c6bfe293ee854779cb36f3cc9ba10b75867900165815dba5f5fb35677f9397372dd0e41039340,projects/modellearning/logs/run.googleapis.com%2Fstdout,,2024-02-29T20:27:40.521447495Z,sscartquery,northamerica-northeast1,modellearning,sscartquery-00011-jzl,sscartquery,cloud_run_revision,INFO,functions/Logic.java,2024-02-29T20:27:40.259399Z
65e0e8bc0003c3f681cc3acb,functions/Logic.java,service,cpu:=1210000000  rt:=1244008825,cloudfunctions,00d087f5e04921ffa2ae878763f0217abb165fe4fe9a2e8a027ba11aed30e41dbddf4fc8615626ade2ce81a05b33cc0543a90b189fc41ef2749e7ddb07fe1c9b9eae6c,projects/modellearning/logs/run.googleapis.com%2Fstdout,,2024-02-29T20:27:40.521447495Z,sscartquery,northamerica-northeast1,modellearning,sscartquery-00011-jzl,sscartquery,cloud_run_revision,INFO,functions/Logic.java,2024-02-29T20:27:40.246774Z
65e0e8bc0002832450f69b1d,functions/Logic.java,service,cpu:=3030000000  rt:=3748254260,cloudfunctions,00d087f5e0d4d81528cf22cb133c2e4dd9a2c4ce3eab40a6348fdb235a3535110a2312ab0cf8d4076c1e91472dbd37c7a81eb9097195cd3f6758925e661bb3dd5e03a2,projects/modellearning/logs/run.googleapis.com%2Fstdout,,2024-02-29T20:27:40.451211343Z,sscartquery,northamerica-northeast1,modellearning,sscartquery-00011-jzl,sscartquery,cloud_run_revision,INFO,functions/Logic.java,2024-02-29T20:27:40.164644Z
65e0e8bb000948818829b281,functions/Logic.java,service,cpu:=27640000000  rt:=537909734,cloudfunctions,00d087f5e07bdae58c1f4da3364551cac54ac5362bf1a9581e7d4bf9a32f14aae9b89d873ef09e84a16dbd253a49be122c24eb757e668e06c6c2cc19262d914e45e911,projects/modellearning/logs/run.googleapis.com%2Fstdout,,2024-02-29T20:27:39.857462796Z,sscartquery,northamerica-northeast1,modellearning,sscartquery-00011-jzl,sscartquery,cloud_run_revision,INFO,functions/Logic.java,2024-02-29T20:27:39.608385Z
65e0e8bb000828659c09d463,functions/Logic.java,service,cpu:=1250000000  rt:=1302702053,cloudfunctions,00d087f5e0508b90f669d2e778e5edb119d2cf95bbdf1d474990a4029916e734b09cb9a2fbea2793facea51d590b84a7b32d827e55698dd1314956e833b1573e692dea,projects/modellearning/logs/run.googleapis.com%2Fstdout,,2024-02-29T20:27:39.857462796Z,sscartquery,northamerica-northeast1,modellearning,sscartquery-00011-jzl,sscartquery,cloud_run_revision,INFO,functions/Logic.java,2024-02-29T20:27:39.534629Z
65e0e8bb00080090f5c38cd6,functions/Logic.java,service,cpu:=20000000  rt:=18660148,cloudfunctions,00d087f5e0c28364f40a88ea65440fad99d864800ea3cc4f8b70fe4c04ce8ea9bd6aa21cc40c9f2508c1dde8fc79b324f27e029f2d84aed35c039754a5d33a775a009f,projects/modellearning/logs/run.googleapis.com%2Fstdout,,2024-02-29T20:27:39.857462796Z,sscartquery,northamerica-northeast1,modellearning,sscartquery-00011-jzl,sscartquery,cloud_run_revision,INFO,functions/Logic.java,2024-02-29T20:27:39.524432Z
65e0e8bb0005c17473dcdf8e,functions/Logic.java,service,cpu:=3970000000  rt:=4246636871,cloudfunctions,00d087f5e0c28364f40a88ea65440fad99d864800ea3cc4f8b70fe4c04ce8ea9bd6aa21cc40c9f2508c1dde8fc79b324f27e029f2d84aed35c039754a5d33a775a009f,projects/modellearning/logs/run.googleapis.com%2Fstdout,,2024-02-29T20:27:39.523634696Z,sscartquery,northamerica-northeast1,modellearning,sscartquery-00011-jzl,sscartquery,cloud_run_revision,INFO,functions/Logic.java,2024-02-29T20:27:39.377204Z
65e0e8bb0002fad8871778e4,functions/Logic.java,service,cpu:=2290000000  rt:=2401342684,cloudfunctions,00d087f5e025f1412d457ac9df76d9971bbb653901e64de3964b6771b432461e319b79b0f00c478208807a6c7a3fbf8874fe0596d4f63281afed598300217590a2678e,projects/modellearning/logs/run.googleapis.com%2Fstdout,,2024-02-29T20:27:39.523634696Z,sscartquery,northamerica-northeast1,modellearning,sscartquery-00011-jzl,sscartquery,cloud_run_revision,INFO,functions/Logic.java,2024-02-29T20:27:39.195288Z
65e0e8bb0002869d4361a4d5,functions/Logic.java,service,cpu:=20000000  rt:=95228582,cloudfunctions,00d087f5e07bdae58c1f4da3364551cac54ac5362bf1a9581e7d4bf9a32f14aae9b89d873ef09e84a16dbd253a49be122c24eb757e668e06c6c2cc19262d914e45e911,projects/modellearning/logs/run.googleapis.com%2Fstdout,,2024-02-29T20:27:39.189753645Z,sscartquery,northamerica-northeast1,modellearning,sscartquery-00011-jzl,sscartquery,cloud_run_revision,INFO,functions/Logic.java,2024-02-29T20:27:39.165533Z
65e0e8ba000d1ff4c04a3269,functions/Logic.java,service,cpu:=280000000  rt:=292473168,cloudfunctions,00d087f5e04921ffa2ae878763f0217abb165fe4fe9a2e8a027ba11aed30e41dbddf4fc8615626ade2ce81a05b33cc0543a90b189fc41ef2749e7ddb07fe1c9b9eae6c,projects/modellearning/logs/run.googleapis.com%2Fstdout,,2024-02-29T20:27:39.189753645Z,sscartquery,northamerica-northeast1,modellearning,sscartquery-00011-jzl,sscartquery,cloud_run_revision,INFO,functions/Logic.java,2024-02-29T20:27:38.860148Z
65e0e8ba000c2930bda0c1fc,functions/Logic.java,service,cpu:=40000000  rt:=49235728,cloudfunctions,00d087f5e0b82d4393d4a7bbb7f14727933f8b96724a91b37d40394984760349848f0c657a1b55ad143d87d15617c08a8ba76acddb65a7eb3b550a40e4aceccdfb8d33,projects/modellearning/logs/run.googleapis.com%2Fstdout,,2024-02-29T20:27:38.857983545Z,sscartquery,northamerica-northeast1,modellearning,sscartquery-00011-jzl,sscartquery,cloud_run_revision,INFO,functions/Logic.java,2024-02-29T20:27:38.796976Z
65e0e8ba00094446e55d8ac6,functions/Logic.java,service,cpu:=640000000  rt:=679362354,cloudfunctions,00d087f5e07bdae58c1f4da3364551cac54ac5362bf1a9581e7d4bf9a32f14aae9b89d873ef09e84a16dbd253a49be122c24eb757e668e06c6c2cc19262d914e45e911,projects/modellearning/logs/run.googleapis.com%2Fstdout,,2024-02-29T20:27:38.857983545Z,sscartquery,northamerica-northeast1,modellearning,sscartquery-00011-jzl,sscartquery,cloud_run_revision,INFO,functions/Logic.java,2024-02-29T20:27:38.607302Z
65e0e8ba0008cdb574da3923,functions/Logic.java,service,cpu:=1570000000  rt:=1627963935,cloudfunctions,00d087f5e0b82d4393d4a7bbb7f14727933f8b96724a91b37d40394984760349848f0c657a1b55ad143d87d15617c08a8ba76acddb65a7eb3b550a40e4aceccdfb8d33,projects/modellearning/logs/run.googleapis.com%2Fstdout,,2024-02-29T20:27:38.857983545Z,sscartquery,northamerica-northeast1,modellearning,sscartquery-00011-jzl,sscartquery,cloud_run_revision,INFO,functions/Logic.java,2024-02-29T20:27:38.576949Z
65e0e8ba0008c73ecaec42f3,functions/Logic.java,service,cpu:=890000000  rt:=939934057,cloudfunctions,00d087f5e06379a276e4a585f3c5060b28341f9ba1aae00b35146eef3c6bfe293ee854779cb36f3cc9ba10b75867900165815dba5f5fb35677f9397372dd0e41039340,projects/modellearning/logs/run.googleapis.com%2Fstdout,,2024-02-29T20:27:38.857983545Z,sscartquery,northamerica-northeast1,modellearning,sscartquery-00011-jzl,sscartquery,cloud_run_revision,INFO,functions/Logic.java,2024-02-29T20:27:38.575294Z
65e0e8ba0005198f156fff47,functions/Logic.java,service,cpu:=1580000000  rt:=1641286345,cloudfunctions,00d087f5e096f10c047c63271bf3ad0a02126a02b2e38fa8048979e18ea67d746ffa403f88d9a80d0fd5b28bb55609f2a74100003294e282c98f0e4563ee611fd74e6e,projects/modellearning/logs/run.googleapis.com%2Fstdout,,2024-02-29T20:27:38.524499178Z,sscartquery,northamerica-northeast1,modellearning,sscartquery-00011-jzl,sscartquery,cloud_run_revision,INFO,functions/Logic.java,2024-02-29T20:27:38.334223Z
65e0e8ba0003f12982739c75,functions/Logic.java,service,cpu:=1060000000  rt:=1097851132,cloudfunctions,00d087f5e04921ffa2ae878763f0217abb165fe4fe9a2e8a027ba11aed30e41dbddf4fc8615626ade2ce81a05b33cc0543a90b189fc41ef2749e7ddb07fe1c9b9eae6c,projects/modellearning/logs/run.googleapis.com%2Fstdout,,2024-02-29T20:27:38.524499178Z,sscartquery,northamerica-northeast1,modellearning,sscartquery-00011-jzl,sscartquery,cloud_run_revision,INFO,functions/Logic.java,2024-02-29T20:27:38.258345Z
65e0e8ba00030112305d2c0f,functions/Logic.java,service,cpu:=90000000  rt:=89519205,cloudfunctions,00d087f5e0508b90f669d2e778e5edb119d2cf95bbdf1d474990a4029916e734b09cb9a2fbea2793facea51d590b84a7b32d827e55698dd1314956e833b1573e692dea,projects/modellearning/logs/run.googleapis.com%2Fstdout,,2024-02-29T20:27:38.524499178Z,sscartquery,northamerica-northeast1,modellearning,sscartquery-00011-jzl,sscartquery,cloud_run_revision,INFO,functions/Logic.java,2024-02-29T20:27:38.196882Z
65e0e8ba0000424fe2f57ce0,functions/Logic.java,service,cpu:=9870000000  rt:=1599511207,cloudfunctions,00d087f5e0d4d81528cf22cb133c2e4dd9a2c4ce3eab40a6348fdb235a3535110a2312ab0cf8d4076c1e91472dbd37c7a81eb9097195cd3f6758925e661bb3dd5e03a2,projects/modellearning/logs/run.googleapis.com%2Fstdout,,2024-02-29T20:27:38.118877472Z,sscartquery,northamerica-northeast1,modellearning,sscartquery-00011-jzl,sscartquery,cloud_run_revision,INFO,functions/Logic.java,2024-02-29T20:27:38.016975Z
65e0e8b90009ae03122c7544,functions/Logic.java,service,cpu:=270000000  rt:=293800927,cloudfunctions,00d087f5e0fb53247b367efd3d5bd3eb6ec2079ea1f90edc419a49866437bf458cfeca444aeaa3b7daf5636b05c06cb47d5f161f950d27b45213cc036890ef6262ebf3,projects/modellearning/logs/run.googleapis.com%2Fstdout,,2024-02-29T20:27:37.857634304Z,sscartquery,northamerica-northeast1,modellearning,sscartquery-00011-jzl,sscartquery,cloud_run_revision,INFO,functions/Logic.java,2024-02-29T20:27:37.634371Z
65e0e8b90003fe0e8e62661e,functions/Logic.java,service,cpu:=650000000  rt:=686170899,cloudfunctions,00d087f5e0fb53247b367efd3d5bd3eb6ec2079ea1f90edc419a49866437bf458cfeca444aeaa3b7daf5636b05c06cb47d5f161f950d27b45213cc036890ef6262ebf3,projects/modellearning/logs/run.googleapis.com%2Fstdout,,2024-02-29T20:27:37.525078323Z,sscartquery,northamerica-northeast1,modellearning,sscartquery-00011-jzl,sscartquery,cloud_run_revision,INFO,functions/Logic.java,2024-02-29T20:27:37.261646Z
65e0e8b90003a2bbcf76d2e9,functions/Logic.java,service,cpu:=1290000000  rt:=1379777191,cloudfunctions,00d087f5e0508b90f669d2e778e5edb119d2cf95bbdf1d474990a4029916e734b09cb9a2fbea2793facea51d590b84a7b32d827e55698dd1314956e833b1573e692dea,projects/modellearning/logs/run.googleapis.com%2Fstdout,,2024-02-29T20:27:37.525078323Z,sscartquery,northamerica-northeast1,modellearning,sscartquery-00011-jzl,sscartquery,cloud_run_revision,INFO,functions/Logic.java,2024-02-29T20:27:37.238267Z
65e0e8b8000b7b082edc344a,functions/Logic.java,service,cpu:=40000000  rt:=39999521,cloudfunctions,00d087f5e07bdae58c1f4da3364551cac54ac5362bf1a9581e7d4bf9a32f14aae9b89d873ef09e84a16dbd253a49be122c24eb757e668e06c6c2cc19262d914e45e911,projects/modellearning/logs/run.googleapis.com%2Fstdout,,2024-02-29T20:27:36.858565328Z,sscartquery,northamerica-northeast1,modellearning,sscartquery-00011-jzl,sscartquery,cloud_run_revision,INFO,functions/Logic.java,2024-02-29T20:27:36.752392Z
65e0e8b80006e47636ee27b0,functions/Logic.java,service,cpu:=1940000000  rt:=2037339427,cloudfunctions,00d087f5e0fb53247b367efd3d5bd3eb6ec2079ea1f90edc419a49866437bf458cfeca444aeaa3b7daf5636b05c06cb47d5f161f950d27b45213cc036890ef6262ebf3,projects/modellearning/logs/run.googleapis.com%2Fstdout,,2024-02-29T20:27:36.525487623Z,sscartquery,northamerica-northeast1,modellearning,sscartquery-00011-jzl,sscartquery,cloud_run_revision,INFO,functions/Logic.java,2024-02-29T20:27:36.451702Z
65e0e8b80005ea8655e349b8,functions/Logic.java,service,cpu:=690000000  rt:=716546961,cloudfunctions,00d087f5e06379a276e4a585f3c5060b28341f9ba1aae00b35146eef3c6bfe293ee854779cb36f3cc9ba10b75867900165815dba5f5fb35677f9397372dd0e41039340,projects/modellearning/logs/run.googleapis.com%2Fstdout,,2024-02-29T20:27:36.525487623Z,sscartquery,northamerica-northeast1,modellearning,sscartquery-00011-jzl,sscartquery,cloud_run_revision,INFO,functions/Logic.java,2024-02-29T20:27:36.387718Z
65e0e8b800051a0ff12806b9,functions/Logic.java,service,cpu:=2190000000  rt:=2237419702,cloudfunctions,00d087f5e04921ffa2ae878763f0217abb165fe4fe9a2e8a027ba11aed30e41dbddf4fc8615626ade2ce81a05b33cc0543a90b189fc41ef2749e7ddb07fe1c9b9eae6c,projects/modellearning/logs/run.googleapis.com%2Fstdout,,2024-02-29T20:27:36.525487623Z,sscartquery,northamerica-northeast1,modellearning,sscartquery-00011-jzl,sscartquery,cloud_run_revision,INFO,functions/Logic.java,2024-02-29T20:27:36.334351Z
65e0e8b80004951efb82f851,functions/Logic.java,service,cpu:=140000000  rt:=145839208,cloudfunctions,00d087f5e0b82d4393d4a7bbb7f14727933f8b96724a91b37d40394984760349848f0c657a1b55ad143d87d15617c08a8ba76acddb65a7eb3b550a40e4aceccdfb8d33,projects/modellearning/logs/run.googleapis.com%2Fstdout,,2024-02-29T20:27:36.525487623Z,sscartquery,northamerica-northeast1,modellearning,sscartquery-00011-jzl,sscartquery,cloud_run_revision,INFO,functions/Logic.java,2024-02-29T20:27:36.300318Z
65e0e8b7000c3a89d79ed107,functions/Logic.java,service,cpu:=190000000  rt:=193836856,cloudfunctions,00d087f5e025f1412d457ac9df76d9971bbb653901e64de3964b6771b432461e319b79b0f00c478208807a6c7a3fbf8874fe0596d4f63281afed598300217590a2678e,projects/modellearning/logs/run.googleapis.com%2Fstdout,,2024-02-29T20:27:35.859615802Z,sscartquery,northamerica-northeast1,modellearning,sscartquery-00011-jzl,sscartquery,cloud_run_revision,INFO,functions/Logic.java,2024-02-29T20:27:35.801417Z
65e0e8b7000c19c159dcbced,functions/Logic.java,service,cpu:=140000000  rt:=139477391,cloudfunctions,00d087f5e0d4d81528cf22cb133c2e4dd9a2c4ce3eab40a6348fdb235a3535110a2312ab0cf8d4076c1e91472dbd37c7a81eb9097195cd3f6758925e661bb3dd5e03a2,projects/modellearning/logs/run.googleapis.com%2Fstdout,,2024-02-29T20:27:36.120774071Z,sscartquery,northamerica-northeast1,modellearning,sscartquery-00011-jzl,sscartquery,cloud_run_revision,INFO,functions/Logic.java,2024-02-29T20:27:35.793025Z
65e0e8b7000b53c464cd8560,functions/Logic.java,service,cpu:=270000000  rt:=307625844,cloudfunctions,00d087f5e07bdae58c1f4da3364551cac54ac5362bf1a9581e7d4bf9a32f14aae9b89d873ef09e84a16dbd253a49be122c24eb757e668e06c6c2cc19262d914e45e911,projects/modellearning/logs/run.googleapis.com%2Fstdout,,2024-02-29T20:27:35.859615802Z,sscartquery,northamerica-northeast1,modellearning,sscartquery-00011-jzl,sscartquery,cloud_run_revision,INFO,functions/Logic.java,2024-02-29T20:27:35.742340Z
65e0e8b7000b36973d6e85e0,functions/Logic.java,service,cpu:=250000000  rt:=263481862,cloudfunctions,00d087f5e096f10c047c63271bf3ad0a02126a02b2e38fa8048979e18ea67d746ffa403f88d9a80d0fd5b28bb55609f2a74100003294e282c98f0e4563ee611fd74e6e,projects/modellearning/logs/run.googleapis.com%2Fstdout,,2024-02-29T20:27:35.859615802Z,sscartquery,northamerica-northeast1,modellearning,sscartquery-00011-jzl,sscartquery,cloud_run_revision,INFO,functions/Logic.java,2024-02-29T20:27:35.734871Z
65e0e8b7000b1059a0f10b2c,functions/Logic.java,service,cpu:=30000000  rt:=26824646,cloudfunctions,00d087f5e0b82d4393d4a7bbb7f14727933f8b96724a91b37d40394984760349848f0c657a1b55ad143d87d15617c08a8ba76acddb65a7eb3b550a40e4aceccdfb8d33,projects/modellearning/logs/run.googleapis.com%2Fstdout,,2024-02-29T20:27:35.859615802Z,sscartquery,northamerica-northeast1,modellearning,sscartquery-00011-jzl,sscartquery,cloud_run_revision,INFO,functions/Logic.java,2024-02-29T20:27:35.725081Z
65e0e8b7000a042dc2e1443a,functions/Logic.java,service,cpu:=930000000  rt:=941953311,cloudfunctions,00d087f5e0508b90f669d2e778e5edb119d2cf95bbdf1d474990a4029916e734b09cb9a2fbea2793facea51d590b84a7b32d827e55698dd1314956e833b1573e692dea,projects/modellearning/logs/run.googleapis.com%2Fstdout,,2024-02-29T20:27:35.859615802Z,sscartquery,northamerica-northeast1,modellearning,sscartquery-00011-jzl,sscartquery,cloud_run_revision,INFO,functions/Logic.java,2024-02-29T20:27:35.656429Z
65e0e8b70006beebbdd2dba8,functions/Logic.java,service,cpu:=630000000  rt:=666915457,cloudfunctions,00d087f5e0b82d4393d4a7bbb7f14727933f8b96724a91b37d40394984760349848f0c657a1b55ad143d87d15617c08a8ba76acddb65a7eb3b550a40e4aceccdfb8d33,projects/modellearning/logs/run.googleapis.com%2Fstdout,,2024-02-29T20:27:35.526605599Z,sscartquery,northamerica-northeast1,modellearning,sscartquery-00011-jzl,sscartquery,cloud_run_revision,INFO,functions/Logic.java,2024-02-29T20:27:35.442091Z
65e0e8b70005668a83ac1646,functions/Logic.java,service,cpu:=30000000  rt:=29533491,cloudfunctions,00d087f5e06379a276e4a585f3c5060b28341f9ba1aae00b35146eef3c6bfe293ee854779cb36f3cc9ba10b75867900165815dba5f5fb35677f9397372dd0e41039340,projects/modellearning/logs/run.googleapis.com%2Fstdout,,2024-02-29T20:27:35.526605599Z,sscartquery,northamerica-northeast1,modellearning,sscartquery-00011-jzl,sscartquery,cloud_run_revision,INFO,functions/Logic.java,2024-02-29T20:27:35.353930Z
65e0e8b700000bccffa3572a,functions/Logic.java,service,cpu:=430000000  rt:=442271055,cloudfunctions,00d087f5e025f1412d457ac9df76d9971bbb653901e64de3964b6771b432461e319b79b0f00c478208807a6c7a3fbf8874fe0596d4f63281afed598300217590a2678e,projects/modellearning/logs/run.googleapis.com%2Fstdout,,2024-02-29T20:27:35.193419286Z,sscartquery,northamerica-northeast1,modellearning,sscartquery-00011-jzl,sscartquery,cloud_run_revision,INFO,functions/Logic.java,2024-02-29T20:27:35.003020Z
65e0e8b600084bf1fe9c6d7d,functions/Logic.java,service,cpu:=410000000  rt:=417490431,cloudfunctions,00d087f5e096f10c047c63271bf3ad0a02126a02b2e38fa8048979e18ea67d746ffa403f88d9a80d0fd5b28bb55609f2a74100003294e282c98f0e4563ee611fd74e6e,projects/modellearning/logs/run.googleapis.com%2Fstdout,,2024-02-29T20:27:34.861123873Z,sscartquery,northamerica-northeast1,modellearning,sscartquery-00011-jzl,sscartquery,cloud_run_revision,INFO,functions/Logic.java,2024-02-29T20:27:34.543729Z
65e0e8b6000483c398863984,functions/Logic.java,service,cpu:=350000000  rt:=372108666,cloudfunctions,00d087f5e07bdae58c1f4da3364551cac54ac5362bf1a9581e7d4bf9a32f14aae9b89d873ef09e84a16dbd253a49be122c24eb757e668e06c6c2cc19262d914e45e911,projects/modellearning/logs/run.googleapis.com%2Fstdout,,2024-02-29T20:27:34.528605717Z,sscartquery,northamerica-northeast1,modellearning,sscartquery-00011-jzl,sscartquery,cloud_run_revision,INFO,functions/Logic.java,2024-02-29T20:27:34.295875Z
65e0e8b600048244edabf675,functions/Logic.java,service,cpu:=1570000000  rt:=1588348849,cloudfunctions,00d087f5e0fb53247b367efd3d5bd3eb6ec2079ea1f90edc419a49866437bf458cfeca444aeaa3b7daf5636b05c06cb47d5f161f950d27b45213cc036890ef6262ebf3,projects/modellearning/logs/run.googleapis.com%2Fstdout,,2024-02-29T20:27:34.528605717Z,sscartquery,northamerica-northeast1,modellearning,sscartquery-00011-jzl,sscartquery,cloud_run_revision,INFO,functions/Logic.java,2024-02-29T20:27:34.295492Z
65e0e8b60003402aedc633cf,functions/Logic.java,service,cpu:=640000000  rt:=663354993,cloudfunctions,00d087f5e06379a276e4a585f3c5060b28341f9ba1aae00b35146eef3c6bfe293ee854779cb36f3cc9ba10b75867900165815dba5f5fb35677f9397372dd0e41039340,projects/modellearning/logs/run.googleapis.com%2Fstdout,,2024-02-29T20:27:34.528605717Z,sscartquery,northamerica-northeast1,modellearning,sscartquery-00011-jzl,sscartquery,cloud_run_revision,INFO,functions/Logic.java,2024-02-29T20:27:34.213034Z
65e0e8b5000acb658d619785,functions/Logic.java,service,cpu:=840000000  rt:=857577583,cloudfunctions,00d087f5e0c28364f40a88ea65440fad99d864800ea3cc4f8b70fe4c04ce8ea9bd6aa21cc40c9f2508c1dde8fc79b324f27e029f2d84aed35c039754a5d33a775a009f,projects/modellearning/logs/run.googleapis.com%2Fstdout,,2024-02-29T20:27:33.861406173Z,sscartquery,northamerica-northeast1,modellearning,sscartquery-00011-jzl,sscartquery,cloud_run_revision,INFO,functions/Logic.java,2024-02-29T20:27:33.707429Z
65e0e8b50006fe2c5eef3bd4,functions/Logic.java,service,cpu:=37090000000  rt:=2275956912,cloudfunctions,00d087f5e0b82d4393d4a7bbb7f14727933f8b96724a91b37d40394984760349848f0c657a1b55ad143d87d15617c08a8ba76acddb65a7eb3b550a40e4aceccdfb8d33,projects/modellearning/logs/run.googleapis.com%2Fstdout,,2024-02-29T20:27:33.529291765Z,sscartquery,northamerica-northeast1,modellearning,sscartquery-00011-jzl,sscartquery,cloud_run_revision,INFO,functions/Logic.java,2024-02-29T20:27:33.458284Z
65e0e8b500051a2e5731047e,functions/Logic.java,service,cpu:=380000000  rt:=419624053,cloudfunctions,00d087f5e0508b90f669d2e778e5edb119d2cf95bbdf1d474990a4029916e734b09cb9a2fbea2793facea51d590b84a7b32d827e55698dd1314956e833b1573e692dea,projects/modellearning/logs/run.googleapis.com%2Fstdout,,2024-02-29T20:27:33.529291765Z,sscartquery,northamerica-northeast1,modellearning,sscartquery-00011-jzl,sscartquery,cloud_run_revision,INFO,functions/Logic.java,2024-02-29T20:27:33.334382Z
65e0e8b500042b005c712a21,functions/Logic.java,service,cpu:=1380000000  rt:=1422781153,cloudfunctions,00d087f5e025f1412d457ac9df76d9971bbb653901e64de3964b6771b432461e319b79b0f00c478208807a6c7a3fbf8874fe0596d4f63281afed598300217590a2678e,projects/modellearning/logs/run.googleapis.com%2Fstdout,,2024-02-29T20:27:33.529291765Z,sscartquery,northamerica-northeast1,modellearning,sscartquery-00011-jzl,sscartquery,cloud_run_revision,INFO,functions/Logic.java,2024-02-29T20:27:33.273152Z
65e0e8b50000e58778c28dee,functions/Logic.java,service,cpu:=50000000  rt:=59074344,cloudfunctions,00d087f5e096f10c047c63271bf3ad0a02126a02b2e38fa8048979e18ea67d746ffa403f88d9a80d0fd5b28bb55609f2a74100003294e282c98f0e4563ee611fd74e6e,projects/modellearning/logs/run.googleapis.com%2Fstdout,,2024-02-29T20:27:33.195443256Z,sscartquery,northamerica-northeast1,modellearning,sscartquery-00011-jzl,sscartquery,cloud_run_revision,INFO,functions/Logic.java,2024-02-29T20:27:33.058759Z
65e0e8b500008644b8b18f84,functions/Logic.java,service,cpu:=2030000000  rt:=2079919244,cloudfunctions,00d087f5e04921ffa2ae878763f0217abb165fe4fe9a2e8a027ba11aed30e41dbddf4fc8615626ade2ce81a05b33cc0543a90b189fc41ef2749e7ddb07fe1c9b9eae6c,projects/modellearning/logs/run.googleapis.com%2Fstdout,,2024-02-29T20:27:33.195443256Z,sscartquery,northamerica-northeast1,modellearning,sscartquery-00011-jzl,sscartquery,cloud_run_revision,INFO,functions/Logic.java,2024-02-29T20:27:33.034372Z
65e0e8b4000f39222e0bf2dd,functions/Logic.java,service,cpu:=160000000  rt:=160746433,cloudfunctions,00d087f5e07bdae58c1f4da3364551cac54ac5362bf1a9581e7d4bf9a32f14aae9b89d873ef09e84a16dbd253a49be122c24eb757e668e06c6c2cc19262d914e45e911,projects/modellearning/logs/run.googleapis.com%2Fstdout,,2024-02-29T20:27:33.195443256Z,sscartquery,northamerica-northeast1,modellearning,sscartquery-00011-jzl,sscartquery,cloud_run_revision,INFO,functions/Logic.java,2024-02-29T20:27:32.997666Z
65e0e8b4000a65ccac5cd655,functions/Logic.java,service,cpu:=2010000000  rt:=2120458266,cloudfunctions,00d087f5e06379a276e4a585f3c5060b28341f9ba1aae00b35146eef3c6bfe293ee854779cb36f3cc9ba10b75867900165815dba5f5fb35677f9397372dd0e41039340,projects/modellearning/logs/run.googleapis.com%2Fstdout,,2024-02-29T20:27:32.862392353Z,sscartquery,northamerica-northeast1,modellearning,sscartquery-00011-jzl,sscartquery,cloud_run_revision,INFO,functions/Logic.java,2024-02-29T20:27:32.681420Z
65e0e8b40009b60aa91072f1,functions/Logic.java,service,cpu:=140000000  rt:=136868711,cloudfunctions,00d087f5e0fb53247b367efd3d5bd3eb6ec2079ea1f90edc419a49866437bf458cfeca444aeaa3b7daf5636b05c06cb47d5f161f950d27b45213cc036890ef6262ebf3,projects/modellearning/logs/run.googleapis.com%2Fstdout,,2024-02-29T20:27:32.862392353Z,sscartquery,northamerica-northeast1,modellearning,sscartquery-00011-jzl,sscartquery,cloud_run_revision,INFO,functions/Logic.java,2024-02-29T20:27:32.636426Z
65e0e8b400092ac3665e608c,functions/Logic.java,service,cpu:=340000000  rt:=353346609,cloudfunctions,00d087f5e096f10c047c63271bf3ad0a02126a02b2e38fa8048979e18ea67d746ffa403f88d9a80d0fd5b28bb55609f2a74100003294e282c98f0e4563ee611fd74e6e,projects/modellearning/logs/run.googleapis.com%2Fstdout,,2024-02-29T20:27:32.862392353Z,sscartquery,northamerica-northeast1,modellearning,sscartquery-00011-jzl,sscartquery,cloud_run_revision,INFO,functions/Logic.java,2024-02-29T20:27:32.600771Z
65e0e8b40007455f8bf0578e,functions/Logic.java,service,cpu:=900000000  rt:=1015413422,cloudfunctions,00d087f5e0508b90f669d2e778e5edb119d2cf95bbdf1d474990a4029916e734b09cb9a2fbea2793facea51d590b84a7b32d827e55698dd1314956e833b1573e692dea,projects/modellearning/logs/run.googleapis.com%2Fstdout,,2024-02-29T20:27:32.529298798Z,sscartquery,northamerica-northeast1,modellearning,sscartquery-00011-jzl,sscartquery,cloud_run_revision,INFO,functions/Logic.java,2024-02-29T20:27:32.476511Z
65e0e8b40006490fad5cf75a,functions/Logic.java,service,cpu:=20000000  rt:=18600667,cloudfunctions,00d087f5e0fb53247b367efd3d5bd3eb6ec2079ea1f90edc419a49866437bf458cfeca444aeaa3b7daf5636b05c06cb47d5f161f950d27b45213cc036890ef6262ebf3,projects/modellearning/logs/run.googleapis.com%2Fstdout,,2024-02-29T20:27:32.529298798Z,sscartquery,northamerica-northeast1,modellearning,sscartquery-00011-jzl,sscartquery,cloud_run_revision,INFO,functions/Logic.java,2024-02-29T20:27:32.411919Z
65e0e8b40005c7f5d844f42d,functions/Logic.java,service,cpu:=2490000000  rt:=2587735319,cloudfunctions,00d087f5e0c28364f40a88ea65440fad99d864800ea3cc4f8b70fe4c04ce8ea9bd6aa21cc40c9f2508c1dde8fc79b324f27e029f2d84aed35c039754a5d33a775a009f,projects/modellearning/logs/run.googleapis.com%2Fstdout,,2024-02-29T20:27:32.529298798Z,sscartquery,northamerica-northeast1,modellearning,sscartquery-00011-jzl,sscartquery,cloud_run_revision,INFO,functions/Logic.java,2024-02-29T20:27:32.378869Z
65e0e8b400051a2adf2d2069,functions/Logic.java,service,cpu:=4640000000  rt:=4757388752,cloudfunctions,00d087f5e07bdae58c1f4da3364551cac54ac5362bf1a9581e7d4bf9a32f14aae9b89d873ef09e84a16dbd253a49be122c24eb757e668e06c6c2cc19262d914e45e911,projects/modellearning/logs/run.googleapis.com%2Fstdout,,2024-02-29T20:27:32.529298798Z,sscartquery,northamerica-northeast1,modellearning,sscartquery-00011-jzl,sscartquery,cloud_run_revision,INFO,functions/Logic.java,2024-02-29T20:27:32.334378Z
65e0e8b40004932e8852480e,functions/Logic.java,service,cpu:=2490000000  rt:=2574360225,cloudfunctions,00d087f5e0fb53247b367efd3d5bd3eb6ec2079ea1f90edc419a49866437bf458cfeca444aeaa3b7daf5636b05c06cb47d5f161f950d27b45213cc036890ef6262ebf3,projects/modellearning/logs/run.googleapis.com%2Fstdout,,2024-02-29T20:27:32.529298798Z,sscartquery,northamerica-northeast1,modellearning,sscartquery-00011-jzl,sscartquery,cloud_run_revision,INFO,functions/Logic.java,2024-02-29T20:27:32.299822Z
65e0e8b3000ee0c432be8e9f,functions/Logic.java,service,cpu:=450000000  rt:=640672160,cloudfunctions,00d087f5e096f10c047c63271bf3ad0a02126a02b2e38fa8048979e18ea67d746ffa403f88d9a80d0fd5b28bb55609f2a74100003294e282c98f0e4563ee611fd74e6e,projects/modellearning/logs/run.googleapis.com%2Fstdout,,2024-02-29T20:27:32.197271485Z,sscartquery,northamerica-northeast1,modellearning,sscartquery-00011-jzl,sscartquery,cloud_run_revision,INFO,functions/Logic.java,2024-02-29T20:27:31.975044Z
65e0e8b3000a20dcf5399ca8,functions/Logic.java,service,cpu:=8050000000  rt:=329344420,cloudfunctions,00d087f5e096f10c047c63271bf3ad0a02126a02b2e38fa8048979e18ea67d746ffa403f88d9a80d0fd5b28bb55609f2a74100003294e282c98f0e4563ee611fd74e6e,projects/modellearning/logs/run.googleapis.com%2Fstdout,,2024-02-29T20:27:31.864558220Z,sscartquery,northamerica-northeast1,modellearning,sscartquery-00011-jzl,sscartquery,cloud_run_revision,INFO,functions/Logic.java,2024-02-29T20:27:31.663772Z
65e0e8b30009ae0159d4b1f8,functions/Logic.java,service,cpu:=2770000000  rt:=2885689607,cloudfunctions,00d087f5e025f1412d457ac9df76d9971bbb653901e64de3964b6771b432461e319b79b0f00c478208807a6c7a3fbf8874fe0596d4f63281afed598300217590a2678e,projects/modellearning/logs/run.googleapis.com%2Fstdout,,2024-02-29T20:27:31.864558220Z,sscartquery,northamerica-northeast1,modellearning,sscartquery-00011-jzl,sscartquery,cloud_run_revision,INFO,functions/Logic.java,2024-02-29T20:27:31.634369Z
65e0e8b3000888fa0ff3afdd,functions/Logic.java,service,cpu:=-20430000000  rt:=98788879,cloudfunctions,00d087f5e0508b90f669d2e778e5edb119d2cf95bbdf1d474990a4029916e734b09cb9a2fbea2793facea51d590b84a7b32d827e55698dd1314956e833b1573e692dea,projects/modellearning/logs/run.googleapis.com%2Fstdout,,2024-02-29T20:27:31.864558220Z,sscartquery,northamerica-northeast1,modellearning,sscartquery-00011-jzl,sscartquery,cloud_run_revision,INFO,functions/Logic.java,2024-02-29T20:27:31.559354Z
65e0e8b3000827674eca896a,functions/Logic.java,service,cpu:=190000000  rt:=352054024,cloudfunctions,00d087f5e0b82d4393d4a7bbb7f14727933f8b96724a91b37d40394984760349848f0c657a1b55ad143d87d15617c08a8ba76acddb65a7eb3b550a40e4aceccdfb8d33,projects/modellearning/logs/run.googleapis.com%2Fstdout,,2024-02-29T20:27:31.864558220Z,sscartquery,northamerica-northeast1,modellearning,sscartquery-00011-jzl,sscartquery,cloud_run_revision,INFO,functions/Logic.java,2024-02-29T20:27:31.534375Z
65e0e8b30006fcac0af9a974,functions/Logic.java,service,cpu:=460000000  rt:=479141972,cloudfunctions,00d087f5e0d2ec86d3e5125cd7f8c8da0159c6c9245f96f8b661fd58a2c43ac7b7746cbd693c48c899aa0e18c79c8f6e29e46ee53925108e8c6a70ca451f1b05c9a9d7,projects/modellearning/logs/run.googleapis.com%2Fstdout,,2024-02-29T20:27:31.531279184Z,sscartquery,northamerica-northeast1,modellearning,sscartquery-00011-jzl,sscartquery,cloud_run_revision,INFO,functions/Logic.java,2024-02-29T20:27:31.457900Z
65e0e8b2000e403cdb1064fb,functions/Logic.java,service,cpu:=50000000  rt:=78800562,cloudfunctions,00d087f5e0b82d4393d4a7bbb7f14727933f8b96724a91b37d40394984760349848f0c657a1b55ad143d87d15617c08a8ba76acddb65a7eb3b550a40e4aceccdfb8d33,projects/modellearning/logs/run.googleapis.com%2Fstdout,,2024-02-29T20:27:31.197855095Z,sscartquery,northamerica-northeast1,modellearning,sscartquery-00011-jzl,sscartquery,cloud_run_revision,INFO,functions/Logic.java,2024-02-29T20:27:30.933948Z
65e0e8b2000d094dfc950813,functions/Logic.java,service,cpu:=570000000  rt:=582122444,cloudfunctions,00d087f5e0d2ec86d3e5125cd7f8c8da0159c6c9245f96f8b661fd58a2c43ac7b7746cbd693c48c899aa0e18c79c8f6e29e46ee53925108e8c6a70ca451f1b05c9a9d7,projects/modellearning/logs/run.googleapis.com%2Fstdout,,2024-02-29T20:27:30.864253351Z,sscartquery,northamerica-northeast1,modellearning,sscartquery-00011-jzl,sscartquery,cloud_run_revision,INFO,functions/Logic.java,2024-02-29T20:27:30.854349Z
65e0e8b2000ce1ca43ae0a68,functions/Logic.java,service,cpu:=140000000  rt:=143357447,cloudfunctions,00d087f5e04921ffa2ae878763f0217abb165fe4fe9a2e8a027ba11aed30e41dbddf4fc8615626ade2ce81a05b33cc0543a90b189fc41ef2749e7ddb07fe1c9b9eae6c,projects/modellearning/logs/run.googleapis.com%2Fstdout,,2024-02-29T20:27:30.864253351Z,sscartquery,northamerica-northeast1,modellearning,sscartquery-00011-jzl,sscartquery,cloud_run_revision,INFO,functions/Logic.java,2024-02-29T20:27:30.844234Z
65e0e8b2000a34838de137be,functions/Logic.java,service,cpu:=310000000  rt:=315920491,cloudfunctions,00d087f5e04921ffa2ae878763f0217abb165fe4fe9a2e8a027ba11aed30e41dbddf4fc8615626ade2ce81a05b33cc0543a90b189fc41ef2749e7ddb07fe1c9b9eae6c,projects/modellearning/logs/run.googleapis.com%2Fstdout,,2024-02-29T20:27:30.864253351Z,sscartquery,northamerica-northeast1,modellearning,sscartquery-00011-jzl,sscartquery,cloud_run_revision,INFO,functions/Logic.java,2024-02-29T20:27:30.668803Z
65e0e8b20006a11cd157c672,functions/Logic.java,service,cpu:=160000000  rt:=184257534,cloudfunctions,00d087f5e096f10c047c63271bf3ad0a02126a02b2e38fa8048979e18ea67d746ffa403f88d9a80d0fd5b28bb55609f2a74100003294e282c98f0e4563ee611fd74e6e,projects/modellearning/logs/run.googleapis.com%2Fstdout,,2024-02-29T20:27:30.531153526Z,sscartquery,northamerica-northeast1,modellearning,sscartquery-00011-jzl,sscartquery,cloud_run_revision,INFO,functions/Logic.java,2024-02-29T20:27:30.434460Z
65e0e8b2000255117849aada,functions/Logic.java,service,cpu:=2020000000  rt:=2086472062,cloudfunctions,00d087f5e06379a276e4a585f3c5060b28341f9ba1aae00b35146eef3c6bfe293ee854779cb36f3cc9ba10b75867900165815dba5f5fb35677f9397372dd0e41039340,projects/modellearning/logs/run.googleapis.com%2Fstdout,,2024-02-29T20:27:30.198905632Z,sscartquery,northamerica-northeast1,modellearning,sscartquery-00011-jzl,sscartquery,cloud_run_revision,INFO,functions/Logic.java,2024-02-29T20:27:30.152849Z
65e0e8b20001792c843c861c,functions/Logic.java,service,cpu:=890000000  rt:=929773549,cloudfunctions,00d087f5e04921ffa2ae878763f0217abb165fe4fe9a2e8a027ba11aed30e41dbddf4fc8615626ade2ce81a05b33cc0543a90b189fc41ef2749e7ddb07fe1c9b9eae6c,projects/modellearning/logs/run.googleapis.com%2Fstdout,,2024-02-29T20:27:30.198905632Z,sscartquery,northamerica-northeast1,modellearning,sscartquery-00011-jzl,sscartquery,cloud_run_revision,INFO,functions/Logic.java,2024-02-29T20:27:30.096556Z
65e0e8b1000dc9b037adb168,functions/Logic.java,service,cpu:=570000000  rt:=580443275,cloudfunctions,00d087f5e0d2ec86d3e5125cd7f8c8da0159c6c9245f96f8b661fd58a2c43ac7b7746cbd693c48c899aa0e18c79c8f6e29e46ee53925108e8c6a70ca451f1b05c9a9d7,projects/modellearning/logs/run.googleapis.com%2Fstdout,,2024-02-29T20:27:30.198905632Z,sscartquery,northamerica-northeast1,modellearning,sscartquery-00011-jzl,sscartquery,cloud_run_revision,INFO,functions/Logic.java,2024-02-29T20:27:29.903600Z
65e0e8b1000ad01ca4e6a38a,functions/Logic.java,service,cpu:=14900000000  rt:=2313211260,cloudfunctions,00d087f5e0fb53247b367efd3d5bd3eb6ec2079ea1f90edc419a49866437bf458cfeca444aeaa3b7daf5636b05c06cb47d5f161f950d27b45213cc036890ef6262ebf3,projects/modellearning/logs/run.googleapis.com%2Fstdout,,2024-02-29T20:27:29.865108251Z,sscartquery,northamerica-northeast1,modellearning,sscartquery-00011-jzl,sscartquery,cloud_run_revision,INFO,functions/Logic.java,2024-02-29T20:27:29.708636Z
65e0e8b0000cf56cc522588c,functions/Logic.java,service,cpu:=240000000  rt:=237167655,cloudfunctions,00d087f5e096f10c047c63271bf3ad0a02126a02b2e38fa8048979e18ea67d746ffa403f88d9a80d0fd5b28bb55609f2a74100003294e282c98f0e4563ee611fd74e6e,projects/modellearning/logs/run.googleapis.com%2Fstdout,,2024-02-29T20:27:28.866196603Z,sscartquery,northamerica-northeast1,modellearning,sscartquery-00011-jzl,sscartquery,cloud_run_revision,INFO,functions/Logic.java,2024-02-29T20:27:28.849260Z
65e0e8b0000cbba23fa406c1,functions/Logic.java,service,cpu:=520000000  rt:=521536039,cloudfunctions,00d087f5e0508b90f669d2e778e5edb119d2cf95bbdf1d474990a4029916e734b09cb9a2fbea2793facea51d590b84a7b32d827e55698dd1314956e833b1573e692dea,projects/modellearning/logs/run.googleapis.com%2Fstdout,,2024-02-29T20:27:28.866196603Z,sscartquery,northamerica-northeast1,modellearning,sscartquery-00011-jzl,sscartquery,cloud_run_revision,INFO,functions/Logic.java,2024-02-29T20:27:28.834466Z
65e0e8b0000ac36f769c310a,functions/Logic.java,service,cpu:=1190000000  rt:=1249737116,cloudfunctions,00d087f5e0b82d4393d4a7bbb7f14727933f8b96724a91b37d40394984760349848f0c657a1b55ad143d87d15617c08a8ba76acddb65a7eb3b550a40e4aceccdfb8d33,projects/modellearning/logs/run.googleapis.com%2Fstdout,,2024-02-29T20:27:28.866196603Z,sscartquery,northamerica-northeast1,modellearning,sscartquery-00011-jzl,sscartquery,cloud_run_revision,INFO,functions/Logic.java,2024-02-29T20:27:28.705391Z
65e0e8b00006f8d9ea73e037,functions/Logic.java,service,cpu:=850000000  rt:=1363542734,cloudfunctions,00d087f5e0d4d81528cf22cb133c2e4dd9a2c4ce3eab40a6348fdb235a3535110a2312ab0cf8d4076c1e91472dbd37c7a81eb9097195cd3f6758925e661bb3dd5e03a2,projects/modellearning/logs/run.googleapis.com%2Fstdout,,2024-02-29T20:27:28.460282716Z,sscartquery,northamerica-northeast1,modellearning,sscartquery-00011-jzl,sscartquery,cloud_run_revision,INFO,functions/Logic.java,2024-02-29T20:27:28.456921Z
65e0e8b00006a04a5d39d9a0,functions/Logic.java,service,cpu:=720000000  rt:=1038489508,cloudfunctions,00d087f5e0fb53247b367efd3d5bd3eb6ec2079ea1f90edc419a49866437bf458cfeca444aeaa3b7daf5636b05c06cb47d5f161f950d27b45213cc036890ef6262ebf3,projects/modellearning/logs/run.googleapis.com%2Fstdout,,2024-02-29T20:27:28.533313169Z,sscartquery,northamerica-northeast1,modellearning,sscartquery-00011-jzl,sscartquery,cloud_run_revision,INFO,functions/Logic.java,2024-02-29T20:27:28.434250Z
65e0e8b00001fbf0736abc66,functions/Logic.java,service,cpu:=6120000000  rt:=1036618018,cloudfunctions,00d087f5e0d4d81528cf22cb133c2e4dd9a2c4ce3eab40a6348fdb235a3535110a2312ab0cf8d4076c1e91472dbd37c7a81eb9097195cd3f6758925e661bb3dd5e03a2,projects/modellearning/logs/run.googleapis.com%2Fstdout,,2024-02-29T20:27:28.460282716Z,sscartquery,northamerica-northeast1,modellearning,sscartquery-00011-jzl,sscartquery,cloud_run_revision,INFO,functions/Logic.java,2024-02-29T20:27:28.130032Z
65e0e8af000cf89bcd12d7b1,functions/Logic.java,service,cpu:=390000000  rt:=420909478,cloudfunctions,00d087f5e0c28364f40a88ea65440fad99d864800ea3cc4f8b70fe4c04ce8ea9bd6aa21cc40c9f2508c1dde8fc79b324f27e029f2d84aed35c039754a5d33a775a009f,projects/modellearning/logs/run.googleapis.com%2Fstdout,,2024-02-29T20:27:27.867149386Z,sscartquery,northamerica-northeast1,modellearning,sscartquery-00011-jzl,sscartquery,cloud_run_revision,INFO,functions/Logic.java,2024-02-29T20:27:27.850075Z
65e0e8af000ccb63e9c3b98f,functions/Logic.java,service,cpu:=110000000  rt:=110542917,cloudfunctions,00d087f5e0d2ec86d3e5125cd7f8c8da0159c6c9245f96f8b661fd58a2c43ac7b7746cbd693c48c899aa0e18c79c8f6e29e46ee53925108e8c6a70ca451f1b05c9a9d7,projects/modellearning/logs/run.googleapis.com%2Fstdout,,2024-02-29T20:27:27.867149386Z,sscartquery,northamerica-northeast1,modellearning,sscartquery-00011-jzl,sscartquery,cloud_run_revision,INFO,functions/Logic.java,2024-02-29T20:27:27.838499Z
65e0e8af0008d7ab7333e71d,functions/Logic.java,service,cpu:=760000000  rt:=772962554,cloudfunctions,00d087f5e04921ffa2ae878763f0217abb165fe4fe9a2e8a027ba11aed30e41dbddf4fc8615626ade2ce81a05b33cc0543a90b189fc41ef2749e7ddb07fe1c9b9eae6c,projects/modellearning/logs/run.googleapis.com%2Fstdout,,2024-02-29T20:27:27.867149386Z,sscartquery,northamerica-northeast1,modellearning,sscartquery-00011-jzl,sscartquery,cloud_run_revision,INFO,functions/Logic.java,2024-02-29T20:27:27.579499Z
65e0e8af00051a7c28309fc4,functions/Logic.java,service,cpu:=350000000  rt:=460713080,cloudfunctions,00d087f5e025f1412d457ac9df76d9971bbb653901e64de3964b6771b432461e319b79b0f00c478208807a6c7a3fbf8874fe0596d4f63281afed598300217590a2678e,projects/modellearning/logs/run.googleapis.com%2Fstdout,,2024-02-29T20:27:27.535146418Z,sscartquery,northamerica-northeast1,modellearning,sscartquery-00011-jzl,sscartquery,cloud_run_revision,INFO,functions/Logic.java,2024-02-29T20:27:27.334460Z
65e0e8af0003bd30bf702990,functions/Logic.java,service,cpu:=1170000000  rt:=1191879929,cloudfunctions,00d087f5e096f10c047c63271bf3ad0a02126a02b2e38fa8048979e18ea67d746ffa403f88d9a80d0fd5b28bb55609f2a74100003294e282c98f0e4563ee611fd74e6e,projects/modellearning/logs/run.googleapis.com%2Fstdout,,2024-02-29T20:27:27.535146418Z,sscartquery,northamerica-northeast1,modellearning,sscartquery-00011-jzl,sscartquery,cloud_run_revision,INFO,functions/Logic.java,2024-02-29T20:27:27.245040Z
65e0e8af00011212a4c21480,functions/Logic.java,service,cpu:=1000000000  rt:=1024220856,cloudfunctions,00d087f5e0508b90f669d2e778e5edb119d2cf95bbdf1d474990a4029916e734b09cb9a2fbea2793facea51d590b84a7b32d827e55698dd1314956e833b1573e692dea,projects/modellearning/logs/run.googleapis.com%2Fstdout,,2024-02-29T20:27:27.201926305Z,sscartquery,northamerica-northeast1,modellearning,sscartquery-00011-jzl,sscartquery,cloud_run_revision,INFO,functions/Logic.java,2024-02-29T20:27:27.070162Z
65e0e8af0000142cb184180d,functions/Logic.java,service,cpu:=970000000  rt:=1035887654,cloudfunctions,00d087f5e06379a276e4a585f3c5060b28341f9ba1aae00b35146eef3c6bfe293ee854779cb36f3cc9ba10b75867900165815dba5f5fb35677f9397372dd0e41039340,projects/modellearning/logs/run.googleapis.com%2Fstdout,,2024-02-29T20:27:27.201926305Z,sscartquery,northamerica-northeast1,modellearning,sscartquery-00011-jzl,sscartquery,cloud_run_revision,INFO,functions/Logic.java,2024-02-29T20:27:27.005164Z
65e0e8ae000f35b714d4299d,functions/Logic.java,service,cpu:=690000000  rt:=725667916,cloudfunctions,00d087f5e0d2ec86d3e5125cd7f8c8da0159c6c9245f96f8b661fd58a2c43ac7b7746cbd693c48c899aa0e18c79c8f6e29e46ee53925108e8c6a70ca451f1b05c9a9d7,projects/modellearning/logs/run.googleapis.com%2Fstdout,,2024-02-29T20:27:27.201926305Z,sscartquery,northamerica-northeast1,modellearning,sscartquery-00011-jzl,sscartquery,cloud_run_revision,INFO,functions/Logic.java,2024-02-29T20:27:26.996791Z
65e0e8ae0006b7af29fc9308,functions/Logic.java,service,cpu:=270000000  rt:=266195721,cloudfunctions,00d087f5e07bdae58c1f4da3364551cac54ac5362bf1a9581e7d4bf9a32f14aae9b89d873ef09e84a16dbd253a49be122c24eb757e668e06c6c2cc19262d914e45e911,projects/modellearning/logs/run.googleapis.com%2Fstdout,,2024-02-29T20:27:26.535914016Z,sscartquery,northamerica-northeast1,modellearning,sscartquery-00011-jzl,sscartquery,cloud_run_revision,INFO,functions/Logic.java,2024-02-29T20:27:26.440239Z
65e0e8ae00051a550909904c,functions/Logic.java,service,cpu:=960000000  rt:=998366243,cloudfunctions,00d087f5e0fb53247b367efd3d5bd3eb6ec2079ea1f90edc419a49866437bf458cfeca444aeaa3b7daf5636b05c06cb47d5f161f950d27b45213cc036890ef6262ebf3,projects/modellearning/logs/run.googleapis.com%2Fstdout,,2024-02-29T20:27:26.535914016Z,sscartquery,northamerica-northeast1,modellearning,sscartquery-00011-jzl,sscartquery,cloud_run_revision,INFO,functions/Logic.java,2024-02-29T20:27:26.334421Z
65e0e8ad00089df6247620c3,functions/Logic.java,service,cpu:=20000000  rt:=13549341,cloudfunctions,00d087f5e0b82d4393d4a7bbb7f14727933f8b96724a91b37d40394984760349848f0c657a1b55ad143d87d15617c08a8ba76acddb65a7eb3b550a40e4aceccdfb8d33,projects/modellearning/logs/run.googleapis.com%2Fstdout,,2024-02-29T20:27:25.869993088Z,sscartquery,northamerica-northeast1,modellearning,sscartquery-00011-jzl,sscartquery,cloud_run_revision,INFO,functions/Logic.java,2024-02-29T20:27:25.564726Z
65e0e8ad0006e2eb7f108964,functions/Logic.java,service,cpu:=1550000000  rt:=1588600541,cloudfunctions,00d087f5e0c28364f40a88ea65440fad99d864800ea3cc4f8b70fe4c04ce8ea9bd6aa21cc40c9f2508c1dde8fc79b324f27e029f2d84aed35c039754a5d33a775a009f,projects/modellearning/logs/run.googleapis.com%2Fstdout,,2024-02-29T20:27:25.536072001Z,sscartquery,northamerica-northeast1,modellearning,sscartquery-00011-jzl,sscartquery,cloud_run_revision,INFO,functions/Logic.java,2024-02-29T20:27:25.451307Z
65e0e8ad0005f0822f6c4337,functions/Logic.java,service,cpu:=1220000000  rt:=1269152482,cloudfunctions,00d087f5e025f1412d457ac9df76d9971bbb653901e64de3964b6771b432461e319b79b0f00c478208807a6c7a3fbf8874fe0596d4f63281afed598300217590a2678e,projects/modellearning/logs/run.googleapis.com%2Fstdout,,2024-02-29T20:27:25.536072001Z,sscartquery,northamerica-northeast1,modellearning,sscartquery-00011-jzl,sscartquery,cloud_run_revision,INFO,functions/Logic.java,2024-02-29T20:27:25.389250Z
65e0e8ad0003251a58f44d59,functions/Logic.java,service,cpu:=1310000000  rt:=1335317614,cloudfunctions,00d087f5e04921ffa2ae878763f0217abb165fe4fe9a2e8a027ba11aed30e41dbddf4fc8615626ade2ce81a05b33cc0543a90b189fc41ef2749e7ddb07fe1c9b9eae6c,projects/modellearning/logs/run.googleapis.com%2Fstdout,,2024-02-29T20:27:25.536072001Z,sscartquery,northamerica-northeast1,modellearning,sscartquery-00011-jzl,sscartquery,cloud_run_revision,INFO,functions/Logic.java,2024-02-29T20:27:25.206106Z
65e0e8ad00022bfdb3de4c2d,functions/Logic.java,service,cpu:=3400000000  rt:=3518985877,cloudfunctions,00d087f5e0d2ec86d3e5125cd7f8c8da0159c6c9245f96f8b661fd58a2c43ac7b7746cbd693c48c899aa0e18c79c8f6e29e46ee53925108e8c6a70ca451f1b05c9a9d7,projects/modellearning/logs/run.googleapis.com%2Fstdout,,2024-02-29T20:27:25.204008663Z,sscartquery,northamerica-northeast1,modellearning,sscartquery-00011-jzl,sscartquery,cloud_run_revision,INFO,functions/Logic.java,2024-02-29T20:27:25.142333Z
65e0e8ac000e580d6b5a25e4,functions/Logic.java,service,cpu:=520000000  rt:=531718803,cloudfunctions,00d087f5e07bdae58c1f4da3364551cac54ac5362bf1a9581e7d4bf9a32f14aae9b89d873ef09e84a16dbd253a49be122c24eb757e668e06c6c2cc19262d914e45e911,projects/modellearning/logs/run.googleapis.com%2Fstdout,,2024-02-29T20:27:25.204008663Z,sscartquery,northamerica-northeast1,modellearning,sscartquery-00011-jzl,sscartquery,cloud_run_revision,INFO,functions/Logic.java,2024-02-29T20:27:24.940045Z
65e0e8ac000b6ac85c087aa5,functions/Logic.java,service,cpu:=1930000000  rt:=1991560667,cloudfunctions,00d087f5e0fb53247b367efd3d5bd3eb6ec2079ea1f90edc419a49866437bf458cfeca444aeaa3b7daf5636b05c06cb47d5f161f950d27b45213cc036890ef6262ebf3,projects/modellearning/logs/run.googleapis.com%2Fstdout,,2024-02-29T20:27:24.871079846Z,sscartquery,northamerica-northeast1,modellearning,sscartquery-00011-jzl,sscartquery,cloud_run_revision,INFO,functions/Logic.java,2024-02-29T20:27:24.748232Z
65e0e8ac000b32eb6f070fd1,functions/Logic.java,service,cpu:=1630000000  rt:=1679158902,cloudfunctions,00d087f5e096f10c047c63271bf3ad0a02126a02b2e38fa8048979e18ea67d746ffa403f88d9a80d0fd5b28bb55609f2a74100003294e282c98f0e4563ee611fd74e6e,projects/modellearning/logs/run.googleapis.com%2Fstdout,,2024-02-29T20:27:24.871079846Z,sscartquery,northamerica-northeast1,modellearning,sscartquery-00011-jzl,sscartquery,cloud_run_revision,INFO,functions/Logic.java,2024-02-29T20:27:24.733931Z
65e0e8ac00091c888796af9c,functions/Logic.java,service,cpu:=1450000000  rt:=1477711878,cloudfunctions,00d087f5e0508b90f669d2e778e5edb119d2cf95bbdf1d474990a4029916e734b09cb9a2fbea2793facea51d590b84a7b32d827e55698dd1314956e833b1573e692dea,projects/modellearning/logs/run.googleapis.com%2Fstdout,,2024-02-29T20:27:24.871079846Z,sscartquery,northamerica-northeast1,modellearning,sscartquery-00011-jzl,sscartquery,cloud_run_revision,INFO,functions/Logic.java,2024-02-29T20:27:24.597128Z
65e0e8ac0008ad5cfb026106,functions/Logic.java,service,cpu:=790000000  rt:=823649427,cloudfunctions,00d087f5e06379a276e4a585f3c5060b28341f9ba1aae00b35146eef3c6bfe293ee854779cb36f3cc9ba10b75867900165815dba5f5fb35677f9397372dd0e41039340,projects/modellearning/logs/run.googleapis.com%2Fstdout,,2024-02-29T20:27:24.871079846Z,sscartquery,northamerica-northeast1,modellearning,sscartquery-00011-jzl,sscartquery,cloud_run_revision,INFO,functions/Logic.java,2024-02-29T20:27:24.568668Z
65e0e8ac0008276e74ad85c3,functions/Logic.java,service,cpu:=300000000  rt:=307004456,cloudfunctions,00d087f5e0b82d4393d4a7bbb7f14727933f8b96724a91b37d40394984760349848f0c657a1b55ad143d87d15617c08a8ba76acddb65a7eb3b550a40e4aceccdfb8d33,projects/modellearning/logs/run.googleapis.com%2Fstdout,,2024-02-29T20:27:24.537309236Z,sscartquery,northamerica-northeast1,modellearning,sscartquery-00011-jzl,sscartquery,cloud_run_revision,INFO,functions/Logic.java,2024-02-29T20:27:24.534382Z
65e0e8ac0004d433ad9c8c31,functions/Logic.java,service,cpu:=260000000  rt:=267710126,cloudfunctions,00d087f5e0d4d81528cf22cb133c2e4dd9a2c4ce3eab40a6348fdb235a3535110a2312ab0cf8d4076c1e91472dbd37c7a81eb9097195cd3f6758925e661bb3dd5e03a2,projects/modellearning/logs/run.googleapis.com%2Fstdout,,2024-02-29T20:27:24.457930864Z,sscartquery,northamerica-northeast1,modellearning,sscartquery-00011-jzl,sscartquery,cloud_run_revision,INFO,functions/Logic.java,2024-02-29T20:27:24.316467Z
65e0e8ac00008649fde70738,functions/Logic.java,service,cpu:=150000000  rt:=162375238,cloudfunctions,00d087f5e07bdae58c1f4da3364551cac54ac5362bf1a9581e7d4bf9a32f14aae9b89d873ef09e84a16dbd253a49be122c24eb757e668e06c6c2cc19262d914e45e911,projects/modellearning/logs/run.googleapis.com%2Fstdout,,2024-02-29T20:27:24.205013948Z,sscartquery,northamerica-northeast1,modellearning,sscartquery-00011-jzl,sscartquery,cloud_run_revision,INFO,functions/Logic.java,2024-02-29T20:27:24.034377Z
65e0e8ab000ba218a9d838d2,functions/Logic.java,service,cpu:=440000000  rt:=480462059,cloudfunctions,00d087f5e0b82d4393d4a7bbb7f14727933f8b96724a91b37d40394984760349848f0c657a1b55ad143d87d15617c08a8ba76acddb65a7eb3b550a40e4aceccdfb8d33,projects/modellearning/logs/run.googleapis.com%2Fstdout,,2024-02-29T20:27:23.871478876Z,sscartquery,northamerica-northeast1,modellearning,sscartquery-00011-jzl,sscartquery,cloud_run_revision,INFO,functions/Logic.java,2024-02-29T20:27:23.762392Z
65e0e8ab000b8ace6427029b,functions/Logic.java,service,cpu:=180000000  rt:=182008792,cloudfunctions,00d087f5e025f1412d457ac9df76d9971bbb653901e64de3964b6771b432461e319b79b0f00c478208807a6c7a3fbf8874fe0596d4f63281afed598300217590a2678e,projects/modellearning/logs/run.googleapis.com%2Fstdout,,2024-02-29T20:27:23.871478876Z,sscartquery,northamerica-northeast1,modellearning,sscartquery-00011-jzl,sscartquery,cloud_run_revision,INFO,functions/Logic.java,2024-02-29T20:27:23.756430Z
65e0e8ab00093d492d9386df,functions/Logic.java,service,cpu:=700000000  rt:=744984289,cloudfunctions,00d087f5e07bdae58c1f4da3364551cac54ac5362bf1a9581e7d4bf9a32f14aae9b89d873ef09e84a16dbd253a49be122c24eb757e668e06c6c2cc19262d914e45e911,projects/modellearning/logs/run.googleapis.com%2Fstdout,,2024-02-29T20:27:23.871478876Z,sscartquery,northamerica-northeast1,modellearning,sscartquery-00011-jzl,sscartquery,cloud_run_revision,INFO,functions/Logic.java,2024-02-29T20:27:23.605513Z
65e0e8ab000827bc7a0a99f3,functions/Logic.java,service,cpu:=1560000000  rt:=1644186877,cloudfunctions,00d087f5e04921ffa2ae878763f0217abb165fe4fe9a2e8a027ba11aed30e41dbddf4fc8615626ade2ce81a05b33cc0543a90b189fc41ef2749e7ddb07fe1c9b9eae6c,projects/modellearning/logs/run.googleapis.com%2Fstdout,,2024-02-29T20:27:23.537879296Z,sscartquery,northamerica-northeast1,modellearning,sscartquery-00011-jzl,sscartquery,cloud_run_revision,INFO,functions/Logic.java,2024-02-29T20:27:23.534460Z
65e0e8ab0007b216fa23c25b,functions/Logic.java,service,cpu:=290000000  rt:=298303430,cloudfunctions,00d087f5e0d4d81528cf22cb133c2e4dd9a2c4ce3eab40a6348fdb235a3535110a2312ab0cf8d4076c1e91472dbd37c7a81eb9097195cd3f6758925e661bb3dd5e03a2,projects/modellearning/logs/run.googleapis.com%2Fstdout,,2024-02-29T20:27:23.792449725Z,sscartquery,northamerica-northeast1,modellearning,sscartquery-00011-jzl,sscartquery,cloud_run_revision,INFO,functions/Logic.java,2024-02-29T20:27:23.504342Z
65e0e8ab000012001302dd6e,functions/Logic.java,service,cpu:=150000000  rt:=150387962,cloudfunctions,00d087f5e0c28364f40a88ea65440fad99d864800ea3cc4f8b70fe4c04ce8ea9bd6aa21cc40c9f2508c1dde8fc79b324f27e029f2d84aed35c039754a5d33a775a009f,projects/modellearning/logs/run.googleapis.com%2Fstdout,,2024-02-29T20:27:23.205696265Z,sscartquery,northamerica-northeast1,modellearning,sscartquery-00011-jzl,sscartquery,cloud_run_revision,INFO,functions/Logic.java,2024-02-29T20:27:23.004608Z
65e0e8aa000e42d109e7cfad,functions/Logic.java,service,cpu:=150000000  rt:=176190497,cloudfunctions,00d087f5e06379a276e4a585f3c5060b28341f9ba1aae00b35146eef3c6bfe293ee854779cb36f3cc9ba10b75867900165815dba5f5fb35677f9397372dd0e41039340,projects/modellearning/logs/run.googleapis.com%2Fstdout,,2024-02-29T20:27:23.205696265Z,sscartquery,northamerica-northeast1,modellearning,sscartquery-00011-jzl,sscartquery,cloud_run_revision,INFO,functions/Logic.java,2024-02-29T20:27:22.934609Z
65e0e8aa000c45dae08b6a92,functions/Logic.java,service,cpu:=1110000000  rt:=1131170940,cloudfunctions,00d087f5e025f1412d457ac9df76d9971bbb653901e64de3964b6771b432461e319b79b0f00c478208807a6c7a3fbf8874fe0596d4f63281afed598300217590a2678e,projects/modellearning/logs/run.googleapis.com%2Fstdout,,2024-02-29T20:27:22.872162288Z,sscartquery,northamerica-northeast1,modellearning,sscartquery-00011-jzl,sscartquery,cloud_run_revision,INFO,functions/Logic.java,2024-02-29T20:27:22.804314Z
65e0e8aa000b348c1f1cadcc,functions/Logic.java,service,cpu:=430000000  rt:=439850253,cloudfunctions,00d087f5e0b82d4393d4a7bbb7f14727933f8b96724a91b37d40394984760349848f0c657a1b55ad143d87d15617c08a8ba76acddb65a7eb3b550a40e4aceccdfb8d33,projects/modellearning/logs/run.googleapis.com%2Fstdout,,2024-02-29T20:27:22.872162288Z,sscartquery,northamerica-northeast1,modellearning,sscartquery-00011-jzl,sscartquery,cloud_run_revision,INFO,functions/Logic.java,2024-02-29T20:27:22.734348Z
65e0e8aa000aae53691b0443,functions/Logic.java,service,cpu:=470000000  rt:=489084776,cloudfunctions,00d087f5e0508b90f669d2e778e5edb119d2cf95bbdf1d474990a4029916e734b09cb9a2fbea2793facea51d590b84a7b32d827e55698dd1314956e833b1573e692dea,projects/modellearning/logs/run.googleapis.com%2Fstdout,,2024-02-29T20:27:22.872162288Z,sscartquery,northamerica-northeast1,modellearning,sscartquery-00011-jzl,sscartquery,cloud_run_revision,INFO,functions/Logic.java,2024-02-29T20:27:22.699987Z
65e0e8aa00084bc1665f5955,functions/Logic.java,service,cpu:=3380000000  rt:=3498094926,cloudfunctions,00d087f5e096f10c047c63271bf3ad0a02126a02b2e38fa8048979e18ea67d746ffa403f88d9a80d0fd5b28bb55609f2a74100003294e282c98f0e4563ee611fd74e6e,projects/modellearning/logs/run.googleapis.com%2Fstdout,,2024-02-29T20:27:22.872162288Z,sscartquery,northamerica-northeast1,modellearning,sscartquery-00011-jzl,sscartquery,cloud_run_revision,INFO,functions/Logic.java,2024-02-29T20:27:22.543681Z
65e0e8aa000776365fce8c88,functions/Logic.java,service,cpu:=270000000  rt:=274640726,cloudfunctions,00d087f5e07bdae58c1f4da3364551cac54ac5362bf1a9581e7d4bf9a32f14aae9b89d873ef09e84a16dbd253a49be122c24eb757e668e06c6c2cc19262d914e45e911,projects/modellearning/logs/run.googleapis.com%2Fstdout,,2024-02-29T20:27:22.538779625Z,sscartquery,northamerica-northeast1,modellearning,sscartquery-00011-jzl,sscartquery,cloud_run_revision,INFO,functions/Logic.java,2024-02-29T20:27:22.489014Z
65e0e8aa0005e6195fbf5f5d,functions/Logic.java,service,cpu:=2450000000  rt:=2514270386,cloudfunctions,00d087f5e0fb53247b367efd3d5bd3eb6ec2079ea1f90edc419a49866437bf458cfeca444aeaa3b7daf5636b05c06cb47d5f161f950d27b45213cc036890ef6262ebf3,projects/modellearning/logs/run.googleapis.com%2Fstdout,,2024-02-29T20:27:22.538779625Z,sscartquery,northamerica-northeast1,modellearning,sscartquery-00011-jzl,sscartquery,cloud_run_revision,INFO,functions/Logic.java,2024-02-29T20:27:22.386585Z
65e0e8a9000b34b67eb161cc,functions/Logic.java,service,cpu:=860000000  rt:=886364858,cloudfunctions,00d087f5e0c28364f40a88ea65440fad99d864800ea3cc4f8b70fe4c04ce8ea9bd6aa21cc40c9f2508c1dde8fc79b324f27e029f2d84aed35c039754a5d33a775a009f,projects/modellearning/logs/run.googleapis.com%2Fstdout,,2024-02-29T20:27:21.873489434Z,sscartquery,northamerica-northeast1,modellearning,sscartquery-00011-jzl,sscartquery,cloud_run_revision,INFO,functions/Logic.java,2024-02-29T20:27:21.734390Z
65e0e8a90005befa7495eaf5,functions/Logic.java,service,cpu:=820000000  rt:=847668863,cloudfunctions,00d087f5e06379a276e4a585f3c5060b28341f9ba1aae00b35146eef3c6bfe293ee854779cb36f3cc9ba10b75867900165815dba5f5fb35677f9397372dd0e41039340,projects/modellearning/logs/run.googleapis.com%2Fstdout,,2024-02-29T20:27:21.539776038Z,sscartquery,northamerica-northeast1,modellearning,sscartquery-00011-jzl,sscartquery,cloud_run_revision,INFO,functions/Logic.java,2024-02-29T20:27:21.376570Z
65e0e8a90003265c5d9b39b0,functions/Logic.java,service,cpu:=260000000  rt:=270984880,cloudfunctions,00d087f5e0b82d4393d4a7bbb7f14727933f8b96724a91b37d40394984760349848f0c657a1b55ad143d87d15617c08a8ba76acddb65a7eb3b550a40e4aceccdfb8d33,projects/modellearning/logs/run.googleapis.com%2Fstdout,,2024-02-29T20:27:21.539776038Z,sscartquery,northamerica-northeast1,modellearning,sscartquery-00011-jzl,sscartquery,cloud_run_revision,INFO,functions/Logic.java,2024-02-29T20:27:21.206428Z
65e0e8a8000db5a89a5a9715,functions/Logic.java,service,cpu:=3260000000  rt:=3403034992,cloudfunctions,00d087f5e07bdae58c1f4da3364551cac54ac5362bf1a9581e7d4bf9a32f14aae9b89d873ef09e84a16dbd253a49be122c24eb757e668e06c6c2cc19262d914e45e911,projects/modellearning/logs/run.googleapis.com%2Fstdout,,2024-02-29T20:27:21.206826196Z,sscartquery,northamerica-northeast1,modellearning,sscartquery-00011-jzl,sscartquery,cloud_run_revision,INFO,functions/Logic.java,2024-02-29T20:27:20.898472Z
65e0e8a8000ba4e069dfe465,functions/Logic.java,service,cpu:=130000000  rt:=134219240,cloudfunctions,00d087f5e0508b90f669d2e778e5edb119d2cf95bbdf1d474990a4029916e734b09cb9a2fbea2793facea51d590b84a7b32d827e55698dd1314956e833b1573e692dea,projects/modellearning/logs/run.googleapis.com%2Fstdout,,2024-02-29T20:27:20.873611357Z,sscartquery,northamerica-northeast1,modellearning,sscartquery-00011-jzl,sscartquery,cloud_run_revision,INFO,functions/Logic.java,2024-02-29T20:27:20.763104Z
65e0e8a80000ae9c02e25e3b,functions/Logic.java,service,cpu:=730000000  rt:=772298911,cloudfunctions,00d087f5e04921ffa2ae878763f0217abb165fe4fe9a2e8a027ba11aed30e41dbddf4fc8615626ade2ce81a05b33cc0543a90b189fc41ef2749e7ddb07fe1c9b9eae6c,projects/modellearning/logs/run.googleapis.com%2Fstdout,,2024-02-29T20:27:20.207807883Z,sscartquery,northamerica-northeast1,modellearning,sscartquery-00011-jzl,sscartquery,cloud_run_revision,INFO,functions/Logic.java,2024-02-29T20:27:20.044700Z
65e0e8a7000d6281dc3089f5,functions/Logic.java,service,cpu:=750000000  rt:=763482299,cloudfunctions,00d087f5e025f1412d457ac9df76d9971bbb653901e64de3964b6771b432461e319b79b0f00c478208807a6c7a3fbf8874fe0596d4f63281afed598300217590a2678e,projects/modellearning/logs/run.googleapis.com%2Fstdout,,2024-02-29T20:27:20.207807883Z,sscartquery,northamerica-northeast1,modellearning,sscartquery-00011-jzl,sscartquery,cloud_run_revision,INFO,functions/Logic.java,2024-02-29T20:27:19.877185Z
65e0e8a7000cbb35870dde0f,functions/Logic.java,service,cpu:=1760000000  rt:=2097517579,cloudfunctions,00d087f5e0d2ec86d3e5125cd7f8c8da0159c6c9245f96f8b661fd58a2c43ac7b7746cbd693c48c899aa0e18c79c8f6e29e46ee53925108e8c6a70ca451f1b05c9a9d7,projects/modellearning/logs/run.googleapis.com%2Fstdout,,2024-02-29T20:27:19.874705149Z,sscartquery,northamerica-northeast1,modellearning,sscartquery-00011-jzl,sscartquery,cloud_run_revision,INFO,functions/Logic.java,2024-02-29T20:27:19.834357Z
65e0e8a7000730d615688fab,functions/Logic.java,service,cpu:=2600000000  rt:=2686007207,cloudfunctions,00d087f5e0fb53247b367efd3d5bd3eb6ec2079ea1f90edc419a49866437bf458cfeca444aeaa3b7daf5636b05c06cb47d5f161f950d27b45213cc036890ef6262ebf3,projects/modellearning/logs/run.googleapis.com%2Fstdout,,2024-02-29T20:27:19.541888542Z,sscartquery,northamerica-northeast1,modellearning,sscartquery-00011-jzl,sscartquery,cloud_run_revision,INFO,functions/Logic.java,2024-02-29T20:27:19.471254Z
65e0e8a700020cd9b26fd4cf,functions/Logic.java,service,cpu:=1390000000  rt:=1467646697,cloudfunctions,00d087f5e0b82d4393d4a7bbb7f14727933f8b96724a91b37d40394984760349848f0c657a1b55ad143d87d15617c08a8ba76acddb65a7eb3b550a40e4aceccdfb8d33,projects/modellearning/logs/run.googleapis.com%2Fstdout,,2024-02-29T20:27:19.209435953Z,sscartquery,northamerica-northeast1,modellearning,sscartquery-00011-jzl,sscartquery,cloud_run_revision,INFO,functions/Logic.java,2024-02-29T20:27:19.134361Z
65e0e8a700018ec06208acac,functions/Logic.java,service,cpu:=3170000000  rt:=1583548347,cloudfunctions,00d087f5e0c28364f40a88ea65440fad99d864800ea3cc4f8b70fe4c04ce8ea9bd6aa21cc40c9f2508c1dde8fc79b324f27e029f2d84aed35c039754a5d33a775a009f,projects/modellearning/logs/run.googleapis.com%2Fstdout,,2024-02-29T20:27:19.209435953Z,sscartquery,northamerica-northeast1,modellearning,sscartquery-00011-jzl,sscartquery,cloud_run_revision,INFO,functions/Logic.java,2024-02-29T20:27:19.102080Z
65e0e8a700015f967a8a7585,functions/Logic.java,service,cpu:=40000000  rt:=39380699,cloudfunctions,00d087f5e0d4d81528cf22cb133c2e4dd9a2c4ce3eab40a6348fdb235a3535110a2312ab0cf8d4076c1e91472dbd37c7a81eb9097195cd3f6758925e661bb3dd5e03a2,projects/modellearning/logs/run.googleapis.com%2Fstdout,,2024-02-29T20:27:19.129873338Z,sscartquery,northamerica-northeast1,modellearning,sscartquery-00011-jzl,sscartquery,cloud_run_revision,INFO,functions/Logic.java,2024-02-29T20:27:19.090006Z
65e0e8a6000c1813dcffb488,functions/Logic.java,service,cpu:=430000000  rt:=436365075,cloudfunctions,00d087f5e0508b90f669d2e778e5edb119d2cf95bbdf1d474990a4029916e734b09cb9a2fbea2793facea51d590b84a7b32d827e55698dd1314956e833b1573e692dea,projects/modellearning/logs/run.googleapis.com%2Fstdout,,2024-02-29T20:27:18.875620352Z,sscartquery,northamerica-northeast1,modellearning,sscartquery-00011-jzl,sscartquery,cloud_run_revision,INFO,functions/Logic.java,2024-02-29T20:27:18.792595Z
65e0e8a6000a200d469595e9,functions/Logic.java,service,cpu:=550000000  rt:=1144987821,cloudfunctions,00d087f5e0c28364f40a88ea65440fad99d864800ea3cc4f8b70fe4c04ce8ea9bd6aa21cc40c9f2508c1dde8fc79b324f27e029f2d84aed35c039754a5d33a775a009f,projects/modellearning/logs/run.googleapis.com%2Fstdout,,2024-02-29T20:27:18.875620352Z,sscartquery,northamerica-northeast1,modellearning,sscartquery-00011-jzl,sscartquery,cloud_run_revision,INFO,functions/Logic.java,2024-02-29T20:27:18.663565Z
65e0e8a60007069b00b3894a,functions/Logic.java,service,cpu:=2790000000  rt:=2872386406,cloudfunctions,00d087f5e06379a276e4a585f3c5060b28341f9ba1aae00b35146eef3c6bfe293ee854779cb36f3cc9ba10b75867900165815dba5f5fb35677f9397372dd0e41039340,projects/modellearning/logs/run.googleapis.com%2Fstdout,,2024-02-29T20:27:18.543568650Z,sscartquery,northamerica-northeast1,modellearning,sscartquery-00011-jzl,sscartquery,cloud_run_revision,INFO,functions/Logic.java,2024-02-29T20:27:18.460443Z
65e0e8a60005423bb6c2db39,functions/Logic.java,service,cpu:=-16320000000  rt:=607745501,cloudfunctions,00d087f5e0d2ec86d3e5125cd7f8c8da0159c6c9245f96f8b661fd58a2c43ac7b7746cbd693c48c899aa0e18c79c8f6e29e46ee53925108e8c6a70ca451f1b05c9a9d7,projects/modellearning/logs/run.googleapis.com%2Fstdout,,2024-02-29T20:27:18.543568650Z,sscartquery,northamerica-northeast1,modellearning,sscartquery-00011-jzl,sscartquery,cloud_run_revision,INFO,functions/Logic.java,2024-02-29T20:27:18.344635Z
65e0e8a6000470f3f9b0ebf7,functions/Logic.java,service,cpu:=520000000  rt:=536432405,cloudfunctions,00d087f5e04921ffa2ae878763f0217abb165fe4fe9a2e8a027ba11aed30e41dbddf4fc8615626ade2ce81a05b33cc0543a90b189fc41ef2749e7ddb07fe1c9b9eae6c,projects/modellearning/logs/run.googleapis.com%2Fstdout,,2024-02-29T20:27:18.543568650Z,sscartquery,northamerica-northeast1,modellearning,sscartquery-00011-jzl,sscartquery,cloud_run_revision,INFO,functions/Logic.java,2024-02-29T20:27:18.291059Z
65e0e8a60002d9952cb3acb6,functions/Logic.java,service,cpu:=910000000  rt:=936157562,cloudfunctions,00d087f5e025f1412d457ac9df76d9971bbb653901e64de3964b6771b432461e319b79b0f00c478208807a6c7a3fbf8874fe0596d4f63281afed598300217590a2678e,projects/modellearning/logs/run.googleapis.com%2Fstdout,,2024-02-29T20:27:18.209658468Z,sscartquery,northamerica-northeast1,modellearning,sscartquery-00011-jzl,sscartquery,cloud_run_revision,INFO,functions/Logic.java,2024-02-29T20:27:18.186773Z
65e0e8a5000d83ddd3a903ab,functions/Logic.java,service,cpu:=1670000000  rt:=1754885923,cloudfunctions,00d087f5e096f10c047c63271bf3ad0a02126a02b2e38fa8048979e18ea67d746ffa403f88d9a80d0fd5b28bb55609f2a74100003294e282c98f0e4563ee611fd74e6e,projects/modellearning/logs/run.googleapis.com%2Fstdout,,2024-02-29T20:27:18.209658468Z,sscartquery,northamerica-northeast1,modellearning,sscartquery-00011-jzl,sscartquery,cloud_run_revision,INFO,functions/Logic.java,2024-02-29T20:27:17.885725Z
65e0e8a5000cc94a4e67e18b,functions/Logic.java,service,cpu:=53450000000  rt:=1163835331,cloudfunctions,00d087f5e0508b90f669d2e778e5edb119d2cf95bbdf1d474990a4029916e734b09cb9a2fbea2793facea51d590b84a7b32d827e55698dd1314956e833b1573e692dea,projects/modellearning/logs/run.googleapis.com%2Fstdout,,2024-02-29T20:27:17.876690840Z,sscartquery,northamerica-northeast1,modellearning,sscartquery-00011-jzl,sscartquery,cloud_run_revision,INFO,functions/Logic.java,2024-02-29T20:27:17.837962Z
65e0e8a5000bc26ea7c120f8,functions/Logic.java,service,cpu:=480000000  rt:=1093060633,cloudfunctions,00d087f5e0508b90f669d2e778e5edb119d2cf95bbdf1d474990a4029916e734b09cb9a2fbea2793facea51d590b84a7b32d827e55698dd1314956e833b1573e692dea,projects/modellearning/logs/run.googleapis.com%2Fstdout,,2024-02-29T20:27:17.876690840Z,sscartquery,northamerica-northeast1,modellearning,sscartquery-00011-jzl,sscartquery,cloud_run_revision,INFO,functions/Logic.java,2024-02-29T20:27:17.770670Z
65e0e8a5000b6be195fd6754,functions/Logic.java,service,cpu:=670000000  rt:=681613153,cloudfunctions,00d087f5e04921ffa2ae878763f0217abb165fe4fe9a2e8a027ba11aed30e41dbddf4fc8615626ade2ce81a05b33cc0543a90b189fc41ef2749e7ddb07fe1c9b9eae6c,projects/modellearning/logs/run.googleapis.com%2Fstdout,,2024-02-29T20:27:17.876690840Z,sscartquery,northamerica-northeast1,modellearning,sscartquery-00011-jzl,sscartquery,cloud_run_revision,INFO,functions/Logic.java,2024-02-29T20:27:17.748513Z
65e0e8a50009507d0c7aff4a,functions/Logic.java,service,cpu:=1080000000  rt:=1113473858,cloudfunctions,00d087f5e0b82d4393d4a7bbb7f14727933f8b96724a91b37d40394984760349848f0c657a1b55ad143d87d15617c08a8ba76acddb65a7eb3b550a40e4aceccdfb8d33,projects/modellearning/logs/run.googleapis.com%2Fstdout,,2024-02-29T20:27:17.876690840Z,sscartquery,northamerica-northeast1,modellearning,sscartquery-00011-jzl,sscartquery,cloud_run_revision,INFO,functions/Logic.java,2024-02-29T20:27:17.610429Z
65e0e8a500085be3823e2177,functions/Logic.java,service,cpu:=600000000  rt:=752856717,cloudfunctions,00d087f5e0d4d81528cf22cb133c2e4dd9a2c4ce3eab40a6348fdb235a3535110a2312ab0cf8d4076c1e91472dbd37c7a81eb9097195cd3f6758925e661bb3dd5e03a2,projects/modellearning/logs/run.googleapis.com%2Fstdout,,2024-02-29T20:27:17.797019285Z,sscartquery,northamerica-northeast1,modellearning,sscartquery-00011-jzl,sscartquery,cloud_run_revision,INFO,functions/Logic.java,2024-02-29T20:27:17.547811Z
65e0e8a500039e92aede675f,functions/Logic.java,service,cpu:=3260000000  rt:=4370163872,cloudfunctions,00d087f5e07bdae58c1f4da3364551cac54ac5362bf1a9581e7d4bf9a32f14aae9b89d873ef09e84a16dbd253a49be122c24eb757e668e06c6c2cc19262d914e45e911,projects/modellearning/logs/run.googleapis.com%2Fstdout,,2024-02-29T20:27:17.543708809Z,sscartquery,northamerica-northeast1,modellearning,sscartquery-00011-jzl,sscartquery,cloud_run_revision,INFO,functions/Logic.java,2024-02-29T20:27:17.237202Z
65e0e8a50000deb1f70b1ef9,functions/Logic.java,service,cpu:=3140000000  rt:=261981654,cloudfunctions,00d087f5e0d4d81528cf22cb133c2e4dd9a2c4ce3eab40a6348fdb235a3535110a2312ab0cf8d4076c1e91472dbd37c7a81eb9097195cd3f6758925e661bb3dd5e03a2,projects/modellearning/logs/run.googleapis.com%2Fstdout,,2024-02-29T20:27:17.131667318Z,sscartquery,northamerica-northeast1,modellearning,sscartquery-00011-jzl,sscartquery,cloud_run_revision,INFO,functions/Logic.java,2024-02-29T20:27:17.057009Z
65e0e8a500008706b9ab3cdb,functions/Logic.java,service,cpu:=430000000  rt:=436468326,cloudfunctions,00d087f5e0c28364f40a88ea65440fad99d864800ea3cc4f8b70fe4c04ce8ea9bd6aa21cc40c9f2508c1dde8fc79b324f27e029f2d84aed35c039754a5d33a775a009f,projects/modellearning/logs/run.googleapis.com%2Fstdout,,2024-02-29T20:27:17.211118439Z,sscartquery,northamerica-northeast1,modellearning,sscartquery-00011-jzl,sscartquery,cloud_run_revision,INFO,functions/Logic.java,2024-02-29T20:27:17.034566Z
65e0e8a4000d0ce0f1c3ef22,functions/Logic.java,service,cpu:=1740000000  rt:=1832110654,cloudfunctions,00d087f5e025f1412d457ac9df76d9971bbb653901e64de3964b6771b432461e319b79b0f00c478208807a6c7a3fbf8874fe0596d4f63281afed598300217590a2678e,projects/modellearning/logs/run.googleapis.com%2Fstdout,,2024-02-29T20:27:16.878378588Z,sscartquery,northamerica-northeast1,modellearning,sscartquery-00011-jzl,sscartquery,cloud_run_revision,INFO,functions/Logic.java,2024-02-29T20:27:16.855264Z
65e0e8a4000bc48f12ab9085,functions/Logic.java,service,cpu:=1350000000  rt:=1384420184,cloudfunctions,00d087f5e04921ffa2ae878763f0217abb165fe4fe9a2e8a027ba11aed30e41dbddf4fc8615626ade2ce81a05b33cc0543a90b189fc41ef2749e7ddb07fe1c9b9eae6c,projects/modellearning/logs/run.googleapis.com%2Fstdout,,2024-02-29T20:27:16.878378588Z,sscartquery,northamerica-northeast1,modellearning,sscartquery-00011-jzl,sscartquery,cloud_run_revision,INFO,functions/Logic.java,2024-02-29T20:27:16.771215Z
65e0e8a4000ab5fb218fc1ff,functions/Logic.java,service,cpu:=250000000  rt:=253035017,cloudfunctions,00d087f5e0d2ec86d3e5125cd7f8c8da0159c6c9245f96f8b661fd58a2c43ac7b7746cbd693c48c899aa0e18c79c8f6e29e46ee53925108e8c6a70ca451f1b05c9a9d7,projects/modellearning/logs/run.googleapis.com%2Fstdout,,2024-02-29T20:27:16.878378588Z,sscartquery,northamerica-northeast1,modellearning,sscartquery-00011-jzl,sscartquery,cloud_run_revision,INFO,functions/Logic.java,2024-02-29T20:27:16.701947Z
65e0e8a4000aa323c327887b,functions/Logic.java,service,cpu:=780000000  rt:=816871754,cloudfunctions,00d087f5e0fb53247b367efd3d5bd3eb6ec2079ea1f90edc419a49866437bf458cfeca444aeaa3b7daf5636b05c06cb47d5f161f950d27b45213cc036890ef6262ebf3,projects/modellearning/logs/run.googleapis.com%2Fstdout,,2024-02-29T20:27:16.878378588Z,sscartquery,northamerica-northeast1,modellearning,sscartquery-00011-jzl,sscartquery,cloud_run_revision,INFO,functions/Logic.java,2024-02-29T20:27:16.697123Z
65e0e8a40005d6873c5692e8,functions/Logic.java,service,cpu:=1870000000  rt:=1937490035,cloudfunctions,00d087f5e0c28364f40a88ea65440fad99d864800ea3cc4f8b70fe4c04ce8ea9bd6aa21cc40c9f2508c1dde8fc79b324f27e029f2d84aed35c039754a5d33a775a009f,projects/modellearning/logs/run.googleapis.com%2Fstdout,,2024-02-29T20:27:16.544732628Z,sscartquery,northamerica-northeast1,modellearning,sscartquery-00011-jzl,sscartquery,cloud_run_revision,INFO,functions/Logic.java,2024-02-29T20:27:16.382599Z
65e0e8a40003d8ff3d9bb2e2,functions/Logic.java,service,cpu:=620000000  rt:=624099939,cloudfunctions,00d087f5e0b82d4393d4a7bbb7f14727933f8b96724a91b37d40394984760349848f0c657a1b55ad143d87d15617c08a8ba76acddb65a7eb3b550a40e4aceccdfb8d33,projects/modellearning/logs/run.googleapis.com%2Fstdout,,2024-02-29T20:27:16.544732628Z,sscartquery,northamerica-northeast1,modellearning,sscartquery-00011-jzl,sscartquery,cloud_run_revision,INFO,functions/Logic.java,2024-02-29T20:27:16.252159Z
65e0e8a40003100dd919cd8a,functions/Logic.java,service,cpu:=870000000  rt:=896859194,cloudfunctions,00d087f5e0d2ec86d3e5125cd7f8c8da0159c6c9245f96f8b661fd58a2c43ac7b7746cbd693c48c899aa0e18c79c8f6e29e46ee53925108e8c6a70ca451f1b05c9a9d7,projects/modellearning/logs/run.googleapis.com%2Fstdout,,2024-02-29T20:27:16.212486579Z,sscartquery,northamerica-northeast1,modellearning,sscartquery-00011-jzl,sscartquery,cloud_run_revision,INFO,functions/Logic.java,2024-02-29T20:27:16.200717Z
65e0e8a3000c23b01456e0e4,functions/Logic.java,service,cpu:=1610000000  rt:=1714706687,cloudfunctions,00d087f5e096f10c047c63271bf3ad0a02126a02b2e38fa8048979e18ea67d746ffa403f88d9a80d0fd5b28bb55609f2a74100003294e282c98f0e4563ee611fd74e6e,projects/modellearning/logs/run.googleapis.com%2Fstdout,,2024-02-29T20:27:15.878450256Z,sscartquery,northamerica-northeast1,modellearning,sscartquery-00011-jzl,sscartquery,cloud_run_revision,INFO,functions/Logic.java,2024-02-29T20:27:15.795568Z
65e0e8a30009ae2b7a7d55f1,functions/Logic.java,service,cpu:=850000000  rt:=866961435,cloudfunctions,00d087f5e0fb53247b367efd3d5bd3eb6ec2079ea1f90edc419a49866437bf458cfeca444aeaa3b7daf5636b05c06cb47d5f161f950d27b45213cc036890ef6262ebf3,projects/modellearning/logs/run.googleapis.com%2Fstdout,,2024-02-29T20:27:15.878450256Z,sscartquery,northamerica-northeast1,modellearning,sscartquery-00011-jzl,sscartquery,cloud_run_revision,INFO,functions/Logic.java,2024-02-29T20:27:15.634411Z
65e0e8a300052bd2f7ef3015,functions/Logic.java,service,cpu:=2180000000  rt:=2237006284,cloudfunctions,00d087f5e0508b90f669d2e778e5edb119d2cf95bbdf1d474990a4029916e734b09cb9a2fbea2793facea51d590b84a7b32d827e55698dd1314956e833b1573e692dea,projects/modellearning/logs/run.googleapis.com%2Fstdout,,2024-02-29T20:27:15.546149562Z,sscartquery,northamerica-northeast1,modellearning,sscartquery-00011-jzl,sscartquery,cloud_run_revision,INFO,functions/Logic.java,2024-02-29T20:27:15.338898Z
65e0e8a300051a18ec4cf317,functions/Logic.java,service,cpu:=680000000  rt:=2466831467,cloudfunctions,00d087f5e07bdae58c1f4da3364551cac54ac5362bf1a9581e7d4bf9a32f14aae9b89d873ef09e84a16dbd253a49be122c24eb757e668e06c6c2cc19262d914e45e911,projects/modellearning/logs/run.googleapis.com%2Fstdout,,2024-02-29T20:27:15.546149562Z,sscartquery,northamerica-northeast1,modellearning,sscartquery-00011-jzl,sscartquery,cloud_run_revision,INFO,functions/Logic.java,2024-02-29T20:27:15.334360Z
65e0e8a300051a17904989c9,functions/Logic.java,service,cpu:=2610000000  rt:=2698280047,cloudfunctions,00d087f5e0b82d4393d4a7bbb7f14727933f8b96724a91b37d40394984760349848f0c657a1b55ad143d87d15617c08a8ba76acddb65a7eb3b550a40e4aceccdfb8d33,projects/modellearning/logs/run.googleapis.com%2Fstdout,,2024-02-29T20:27:15.546149562Z,sscartquery,northamerica-northeast1,modellearning,sscartquery-00011-jzl,sscartquery,cloud_run_revision,INFO,functions/Logic.java,2024-02-29T20:27:15.334359Z
65e0e8a30003ecb08bbdfba7,functions/Logic.java,service,cpu:=40000000  rt:=38660896,cloudfunctions,00d087f5e06379a276e4a585f3c5060b28341f9ba1aae00b35146eef3c6bfe293ee854779cb36f3cc9ba10b75867900165815dba5f5fb35677f9397372dd0e41039340,projects/modellearning/logs/run.googleapis.com%2Fstdout,,2024-02-29T20:27:15.546149562Z,sscartquery,northamerica-northeast1,modellearning,sscartquery-00011-jzl,sscartquery,cloud_run_revision,INFO,functions/Logic.java,2024-02-29T20:27:15.257200Z
65e0e8a300028f484b9954a7,functions/Logic.java,service,cpu:=20000000  rt:=19233630,cloudfunctions,00d087f5e0d4d81528cf22cb133c2e4dd9a2c4ce3eab40a6348fdb235a3535110a2312ab0cf8d4076c1e91472dbd37c7a81eb9097195cd3f6758925e661bb3dd5e03a2,projects/modellearning/logs/run.googleapis.com%2Fstdout,,2024-02-29T20:27:15.466612959Z,sscartquery,northamerica-northeast1,modellearning,sscartquery-00011-jzl,sscartquery,cloud_run_revision,INFO,functions/Logic.java,2024-02-29T20:27:15.167752Z
65e0e8a30000a767e319d41b,functions/Logic.java,service,cpu:=220000000  rt:=222778825,cloudfunctions,00d087f5e04921ffa2ae878763f0217abb165fe4fe9a2e8a027ba11aed30e41dbddf4fc8615626ade2ce81a05b33cc0543a90b189fc41ef2749e7ddb07fe1c9b9eae6c,projects/modellearning/logs/run.googleapis.com%2Fstdout,,2024-02-29T20:27:15.212294886Z,sscartquery,northamerica-northeast1,modellearning,sscartquery-00011-jzl,sscartquery,cloud_run_revision,INFO,functions/Logic.java,2024-02-29T20:27:15.042855Z
65e0e8a2000cbb901f4b9947,functions/Logic.java,service,cpu:=2100000000  rt:=2194117261,cloudfunctions,00d087f5e0d2ec86d3e5125cd7f8c8da0159c6c9245f96f8b661fd58a2c43ac7b7746cbd693c48c899aa0e18c79c8f6e29e46ee53925108e8c6a70ca451f1b05c9a9d7,projects/modellearning/logs/run.googleapis.com%2Fstdout,,2024-02-29T20:27:14.880357760Z,sscartquery,northamerica-northeast1,modellearning,sscartquery-00011-jzl,sscartquery,cloud_run_revision,INFO,functions/Logic.java,2024-02-29T20:27:14.834448Z
65e0e8a2000bb5dbba4e2bea,functions/Logic.java,service,cpu:=490000000  rt:=494550269,cloudfunctions,00d087f5e06379a276e4a585f3c5060b28341f9ba1aae00b35146eef3c6bfe293ee854779cb36f3cc9ba10b75867900165815dba5f5fb35677f9397372dd0e41039340,projects/modellearning/logs/run.googleapis.com%2Fstdout,,2024-02-29T20:27:14.880357760Z,sscartquery,northamerica-northeast1,modellearning,sscartquery-00011-jzl,sscartquery,cloud_run_revision,INFO,functions/Logic.java,2024-02-29T20:27:14.767451Z
65e0e8a2000a74c299eb707b,functions/Logic.java,service,cpu:=2100000000  rt:=2166020007,cloudfunctions,00d087f5e0fb53247b367efd3d5bd3eb6ec2079ea1f90edc419a49866437bf458cfeca444aeaa3b7daf5636b05c06cb47d5f161f950d27b45213cc036890ef6262ebf3,projects/modellearning/logs/run.googleapis.com%2Fstdout,,2024-02-29T20:27:14.880357760Z,sscartquery,northamerica-northeast1,modellearning,sscartquery-00011-jzl,sscartquery,cloud_run_revision,INFO,functions/Logic.java,2024-02-29T20:27:14.685250Z
65e0e8a200085657ab0c1d69,functions/Logic.java,service,cpu:=1120000000  rt:=1201230387,cloudfunctions,00d087f5e025f1412d457ac9df76d9971bbb653901e64de3964b6771b432461e319b79b0f00c478208807a6c7a3fbf8874fe0596d4f63281afed598300217590a2678e,projects/modellearning/logs/run.googleapis.com%2Fstdout,,2024-02-29T20:27:14.880357760Z,sscartquery,northamerica-northeast1,modellearning,sscartquery-00011-jzl,sscartquery,cloud_run_revision,INFO,functions/Logic.java,2024-02-29T20:27:14.546391Z
65e0e8a20007ba4aca58f567,functions/Logic.java,service,cpu:=510000000  rt:=512907246,cloudfunctions,00d087f5e04921ffa2ae878763f0217abb165fe4fe9a2e8a027ba11aed30e41dbddf4fc8615626ade2ce81a05b33cc0543a90b189fc41ef2749e7ddb07fe1c9b9eae6c,projects/modellearning/logs/run.googleapis.com%2Fstdout,,2024-02-29T20:27:14.546174177Z,sscartquery,northamerica-northeast1,modellearning,sscartquery-00011-jzl,sscartquery,cloud_run_revision,INFO,functions/Logic.java,2024-02-29T20:27:14.506442Z
65e0e8a200041e167b96c81c,functions/Logic.java,service,cpu:=710000000  rt:=729422068,cloudfunctions,00d087f5e0c28364f40a88ea65440fad99d864800ea3cc4f8b70fe4c04ce8ea9bd6aa21cc40c9f2508c1dde8fc79b324f27e029f2d84aed35c039754a5d33a775a009f,projects/modellearning/logs/run.googleapis.com%2Fstdout,,2024-02-29T20:27:14.546174177Z,sscartquery,northamerica-northeast1,modellearning,sscartquery-00011-jzl,sscartquery,cloud_run_revision,INFO,functions/Logic.java,2024-02-29T20:27:14.269846Z
65e0e8a20002ae049bfcc6e1,functions/Logic.java,service,cpu:=410000000  rt:=414888713,cloudfunctions,00d087f5e0d4d81528cf22cb133c2e4dd9a2c4ce3eab40a6348fdb235a3535110a2312ab0cf8d4076c1e91472dbd37c7a81eb9097195cd3f6758925e661bb3dd5e03a2,projects/modellearning/logs/run.googleapis.com%2Fstdout,,2024-02-29T20:27:14.467518683Z,sscartquery,northamerica-northeast1,modellearning,sscartquery-00011-jzl,sscartquery,cloud_run_revision,INFO,functions/Logic.java,2024-02-29T20:27:14.175620Z
65e0e8a20002170ceaeff57a,functions/Logic.java,service,cpu:=250000000  rt:=254139037,cloudfunctions,00d087f5e06379a276e4a585f3c5060b28341f9ba1aae00b35146eef3c6bfe293ee854779cb36f3cc9ba10b75867900165815dba5f5fb35677f9397372dd0e41039340,projects/modellearning/logs/run.googleapis.com%2Fstdout,,2024-02-29T20:27:14.213092835Z,sscartquery,northamerica-northeast1,modellearning,sscartquery-00011-jzl,sscartquery,cloud_run_revision,INFO,functions/Logic.java,2024-02-29T20:27:14.136972Z
65e0e8a200009c1dc3c3a274,functions/Logic.java,service,cpu:=1270000000  rt:=1365316066,cloudfunctions,00d087f5e096f10c047c63271bf3ad0a02126a02b2e38fa8048979e18ea67d746ffa403f88d9a80d0fd5b28bb55609f2a74100003294e282c98f0e4563ee611fd74e6e,projects/modellearning/logs/run.googleapis.com%2Fstdout,,2024-02-29T20:27:14.213092835Z,sscartquery,northamerica-northeast1,modellearning,sscartquery-00011-jzl,sscartquery,cloud_run_revision,INFO,functions/Logic.java,2024-02-29T20:27:14.039965Z
65e0e8a1000d4fc2fbd13d74,functions/Logic.java,service,cpu:=90000000  rt:=96536633,cloudfunctions,00d087f5e04921ffa2ae878763f0217abb165fe4fe9a2e8a027ba11aed30e41dbddf4fc8615626ade2ce81a05b33cc0543a90b189fc41ef2749e7ddb07fe1c9b9eae6c,projects/modellearning/logs/run.googleapis.com%2Fstdout,,2024-02-29T20:27:13.881554067Z,sscartquery,northamerica-northeast1,modellearning,sscartquery-00011-jzl,sscartquery,cloud_run_revision,INFO,functions/Logic.java,2024-02-29T20:27:13.872386Z
65e0e8a1000967dcb09ead5b,functions/Logic.java,service,cpu:=1860000000  rt:=1910688057,cloudfunctions,00d087f5e0d4d81528cf22cb133c2e4dd9a2c4ce3eab40a6348fdb235a3535110a2312ab0cf8d4076c1e91472dbd37c7a81eb9097195cd3f6758925e661bb3dd5e03a2,projects/modellearning/logs/run.googleapis.com%2Fstdout,,2024-02-29T20:27:13.801561116Z,sscartquery,northamerica-northeast1,modellearning,sscartquery-00011-jzl,sscartquery,cloud_run_revision,INFO,functions/Logic.java,2024-02-29T20:27:13.616412Z
65e0e8a10008cea41b9510a7,functions/Logic.java,service,cpu:=740000000  rt:=755370272,cloudfunctions,00d087f5e06379a276e4a585f3c5060b28341f9ba1aae00b35146eef3c6bfe293ee854779cb36f3cc9ba10b75867900165815dba5f5fb35677f9397372dd0e41039340,projects/modellearning/logs/run.googleapis.com%2Fstdout,,2024-02-29T20:27:13.881554067Z,sscartquery,northamerica-northeast1,modellearning,sscartquery-00011-jzl,sscartquery,cloud_run_revision,INFO,functions/Logic.java,2024-02-29T20:27:13.577188Z
65e0e8a10007c29ff77ec04c,functions/Logic.java,service,cpu:=1510000000  rt:=1537472849,cloudfunctions,00d087f5e04921ffa2ae878763f0217abb165fe4fe9a2e8a027ba11aed30e41dbddf4fc8615626ade2ce81a05b33cc0543a90b189fc41ef2749e7ddb07fe1c9b9eae6c,projects/modellearning/logs/run.googleapis.com%2Fstdout,,2024-02-29T20:27:13.547423606Z,sscartquery,northamerica-northeast1,modellearning,sscartquery-00011-jzl,sscartquery,cloud_run_revision,INFO,functions/Logic.java,2024-02-29T20:27:13.508575Z
65e0e8a10004849e76df6191,functions/Logic.java,service,cpu:=1710000000  rt:=1751582527,cloudfunctions,00d087f5e0c28364f40a88ea65440fad99d864800ea3cc4f8b70fe4c04ce8ea9bd6aa21cc40c9f2508c1dde8fc79b324f27e029f2d84aed35c039754a5d33a775a009f,projects/modellearning/logs/run.googleapis.com%2Fstdout,,2024-02-29T20:27:13.547423606Z,sscartquery,northamerica-northeast1,modellearning,sscartquery-00011-jzl,sscartquery,cloud_run_revision,INFO,functions/Logic.java,2024-02-29T20:27:13.296094Z
65e0e8a0000e69d0ed8799dd,functions/Logic.java,service,cpu:=760000000  rt:=823406143,cloudfunctions,00d087f5e025f1412d457ac9df76d9971bbb653901e64de3964b6771b432461e319b79b0f00c478208807a6c7a3fbf8874fe0596d4f63281afed598300217590a2678e,projects/modellearning/logs/run.googleapis.com%2Fstdout,,2024-02-29T20:27:13.214365611Z,sscartquery,northamerica-northeast1,modellearning,sscartquery-00011-jzl,sscartquery,cloud_run_revision,INFO,functions/Logic.java,2024-02-29T20:27:12.944592Z
65e0e8a0000e41b40ba9451c,functions/Logic.java,service,cpu:=860000000  rt:=916464881,cloudfunctions,00d087f5e0508b90f669d2e778e5edb119d2cf95bbdf1d474990a4029916e734b09cb9a2fbea2793facea51d590b84a7b32d827e55698dd1314956e833b1573e692dea,projects/modellearning/logs/run.googleapis.com%2Fstdout,,2024-02-29T20:27:13.214365611Z,sscartquery,northamerica-northeast1,modellearning,sscartquery-00011-jzl,sscartquery,cloud_run_revision,INFO,functions/Logic.java,2024-02-29T20:27:12.934324Z
65e0e8a0000bfc18b79f9c40,functions/Logic.java,service,cpu:=120000000  rt:=121069543,cloudfunctions,00d087f5e06379a276e4a585f3c5060b28341f9ba1aae00b35146eef3c6bfe293ee854779cb36f3cc9ba10b75867900165815dba5f5fb35677f9397372dd0e41039340,projects/modellearning/logs/run.googleapis.com%2Fstdout,,2024-02-29T20:27:12.882230439Z,sscartquery,northamerica-northeast1,modellearning,sscartquery-00011-jzl,sscartquery,cloud_run_revision,INFO,functions/Logic.java,2024-02-29T20:27:12.785432Z
65e0e8a000098f9a5f4aa933,functions/Logic.java,service,cpu:=20000000  rt:=28322328,cloudfunctions,00d087f5e096f10c047c63271bf3ad0a02126a02b2e38fa8048979e18ea67d746ffa403f88d9a80d0fd5b28bb55609f2a74100003294e282c98f0e4563ee611fd74e6e,projects/modellearning/logs/run.googleapis.com%2Fstdout,,2024-02-29T20:27:12.882230439Z,sscartquery,northamerica-northeast1,modellearning,sscartquery-00011-jzl,sscartquery,cloud_run_revision,INFO,functions/Logic.java,2024-02-29T20:27:12.626586Z
65e0e8a0000752125791b3da,functions/Logic.java,service,cpu:=30000000  rt:=28872818,cloudfunctions,00d087f5e0fb53247b367efd3d5bd3eb6ec2079ea1f90edc419a49866437bf458cfeca444aeaa3b7daf5636b05c06cb47d5f161f950d27b45213cc036890ef6262ebf3,projects/modellearning/logs/run.googleapis.com%2Fstdout,,2024-02-29T20:27:12.549285582Z,sscartquery,northamerica-northeast1,modellearning,sscartquery-00011-jzl,sscartquery,cloud_run_revision,INFO,functions/Logic.java,2024-02-29T20:27:12.479762Z
65e0e8a000048e3f3b3ff350,functions/Logic.java,service,cpu:=2640000000  rt:=2752567338,cloudfunctions,00d087f5e06379a276e4a585f3c5060b28341f9ba1aae00b35146eef3c6bfe293ee854779cb36f3cc9ba10b75867900165815dba5f5fb35677f9397372dd0e41039340,projects/modellearning/logs/run.googleapis.com%2Fstdout,,2024-02-29T20:27:12.549285582Z,sscartquery,northamerica-northeast1,modellearning,sscartquery-00011-jzl,sscartquery,cloud_run_revision,INFO,functions/Logic.java,2024-02-29T20:27:12.298559Z
65e0e8a000046017eca009dd,functions/Logic.java,service,cpu:=3320000000  rt:=3449514866,cloudfunctions,00d087f5e0fb53247b367efd3d5bd3eb6ec2079ea1f90edc419a49866437bf458cfeca444aeaa3b7daf5636b05c06cb47d5f161f950d27b45213cc036890ef6262ebf3,projects/modellearning/logs/run.googleapis.com%2Fstdout,,2024-02-29T20:27:12.549285582Z,sscartquery,northamerica-northeast1,modellearning,sscartquery-00011-jzl,sscartquery,cloud_run_revision,INFO,functions/Logic.java,2024-02-29T20:27:12.286743Z
65e0e8a0000257acf29b8e84,functions/Logic.java,service,cpu:=2260000000  rt:=2343580853,cloudfunctions,00d087f5e0d2ec86d3e5125cd7f8c8da0159c6c9245f96f8b661fd58a2c43ac7b7746cbd693c48c899aa0e18c79c8f6e29e46ee53925108e8c6a70ca451f1b05c9a9d7,projects/modellearning/logs/run.googleapis.com%2Fstdout,,2024-02-29T20:27:12.215393382Z,sscartquery,northamerica-northeast1,modellearning,sscartquery-00011-jzl,sscartquery,cloud_run_revision,INFO,functions/Logic.java,2024-02-29T20:27:12.153516Z
65e0e8a000024b4da79c7e58,functions/Logic.java,service,cpu:=-9840000000  rt:=2310875421,cloudfunctions,00d087f5e0b82d4393d4a7bbb7f14727933f8b96724a91b37d40394984760349848f0c657a1b55ad143d87d15617c08a8ba76acddb65a7eb3b550a40e4aceccdfb8d33,projects/modellearning/logs/run.googleapis.com%2Fstdout,,2024-02-29T20:27:12.215393382Z,sscartquery,northamerica-northeast1,modellearning,sscartquery-00011-jzl,sscartquery,cloud_run_revision,INFO,functions/Logic.java,2024-02-29T20:27:12.150349Z
65e0e89f000c5d21479240e7,functions/Logic.java,service,cpu:=910000000  rt:=944011448,cloudfunctions,00d087f5e096f10c047c63271bf3ad0a02126a02b2e38fa8048979e18ea67d746ffa403f88d9a80d0fd5b28bb55609f2a74100003294e282c98f0e4563ee611fd74e6e,projects/modellearning/logs/run.googleapis.com%2Fstdout,,2024-02-29T20:27:11.882283725Z,sscartquery,northamerica-northeast1,modellearning,sscartquery-00011-jzl,sscartquery,cloud_run_revision,INFO,functions/Logic.java,2024-02-29T20:27:11.810273Z
65e0e89f000a8cc1a9ad400f,functions/Logic.java,service,cpu:=500000000  rt:=515639793,cloudfunctions,00d087f5e0d4d81528cf22cb133c2e4dd9a2c4ce3eab40a6348fdb235a3535110a2312ab0cf8d4076c1e91472dbd37c7a81eb9097195cd3f6758925e661bb3dd5e03a2,projects/modellearning/logs/run.googleapis.com%2Fstdout,,2024-02-29T20:27:11.803471303Z,sscartquery,northamerica-northeast1,modellearning,sscartquery-00011-jzl,sscartquery,cloud_run_revision,INFO,functions/Logic.java,2024-02-29T20:27:11.691393Z
65e0e89f0008daadb6812ac4,functions/Logic.java,service,cpu:=200000000  rt:=201678708,cloudfunctions,00d087f5e07bdae58c1f4da3364551cac54ac5362bf1a9581e7d4bf9a32f14aae9b89d873ef09e84a16dbd253a49be122c24eb757e668e06c6c2cc19262d914e45e911,projects/modellearning/logs/run.googleapis.com%2Fstdout,,2024-02-29T20:27:11.882283725Z,sscartquery,northamerica-northeast1,modellearning,sscartquery-00011-jzl,sscartquery,cloud_run_revision,INFO,functions/Logic.java,2024-02-29T20:27:11.580269Z
65e0e89f0000872401eba8fe,functions/Logic.java,service,cpu:=630000000  rt:=1195445561,cloudfunctions,00d087f5e0b82d4393d4a7bbb7f14727933f8b96724a91b37d40394984760349848f0c657a1b55ad143d87d15617c08a8ba76acddb65a7eb3b550a40e4aceccdfb8d33,projects/modellearning/logs/run.googleapis.com%2Fstdout,,2024-02-29T20:27:11.216075184Z,sscartquery,northamerica-northeast1,modellearning,sscartquery-00011-jzl,sscartquery,cloud_run_revision,INFO,functions/Logic.java,2024-02-29T20:27:11.034596Z
65e0e89e000f1f9f0cd167da,functions/Logic.java,service,cpu:=40000000  rt:=39106682,cloudfunctions,00d087f5e0d4d81528cf22cb133c2e4dd9a2c4ce3eab40a6348fdb235a3535110a2312ab0cf8d4076c1e91472dbd37c7a81eb9097195cd3f6758925e661bb3dd5e03a2,projects/modellearning/logs/run.googleapis.com%2Fstdout,,2024-02-29T20:27:11.137537924Z,sscartquery,northamerica-northeast1,modellearning,sscartquery-00011-jzl,sscartquery,cloud_run_revision,INFO,functions/Logic.java,2024-02-29T20:27:10.991135Z
65e0e89e000e41b9c6ce7c0b,functions/Logic.java,service,cpu:=1130000000  rt:=1163488417,cloudfunctions,00d087f5e025f1412d457ac9df76d9971bbb653901e64de3964b6771b432461e319b79b0f00c478208807a6c7a3fbf8874fe0596d4f63281afed598300217590a2678e,projects/modellearning/logs/run.googleapis.com%2Fstdout,,2024-02-29T20:27:11.216075184Z,sscartquery,northamerica-northeast1,modellearning,sscartquery-00011-jzl,sscartquery,cloud_run_revision,INFO,functions/Logic.java,2024-02-29T20:27:10.934329Z
65e0e89e000d71f48012d48f,functions/Logic.java,service,cpu:=260000000  rt:=263845920,cloudfunctions,00d087f5e0508b90f669d2e778e5edb119d2cf95bbdf1d474990a4029916e734b09cb9a2fbea2793facea51d590b84a7b32d827e55698dd1314956e833b1573e692dea,projects/modellearning/logs/run.googleapis.com%2Fstdout,,2024-02-29T20:27:10.887491761Z,sscartquery,northamerica-northeast1,modellearning,sscartquery-00011-jzl,sscartquery,cloud_run_revision,INFO,functions/Logic.java,2024-02-29T20:27:10.881140Z
65e0e89e000b354b5d26d74d,functions/Logic.java,service,cpu:=880000000  rt:=898034535,cloudfunctions,00d087f5e04921ffa2ae878763f0217abb165fe4fe9a2e8a027ba11aed30e41dbddf4fc8615626ade2ce81a05b33cc0543a90b189fc41ef2749e7ddb07fe1c9b9eae6c,projects/modellearning/logs/run.googleapis.com%2Fstdout,,2024-02-29T20:27:10.887491761Z,sscartquery,northamerica-northeast1,modellearning,sscartquery-00011-jzl,sscartquery,cloud_run_revision,INFO,functions/Logic.java,2024-02-29T20:27:10.734539Z
65e0e89e00093df3c1ac9493,functions/Logic.java,service,cpu:=220000000  rt:=220086391,cloudfunctions,00d087f5e0c28364f40a88ea65440fad99d864800ea3cc4f8b70fe4c04ce8ea9bd6aa21cc40c9f2508c1dde8fc79b324f27e029f2d84aed35c039754a5d33a775a009f,projects/modellearning/logs/run.googleapis.com%2Fstdout,,2024-02-29T20:27:10.887491761Z,sscartquery,northamerica-northeast1,modellearning,sscartquery-00011-jzl,sscartquery,cloud_run_revision,INFO,functions/Logic.java,2024-02-29T20:27:10.605683Z
65e0e89e000930783c264029,functions/Logic.java,service,cpu:=1100000000  rt:=1136527401,cloudfunctions,00d087f5e07bdae58c1f4da3364551cac54ac5362bf1a9581e7d4bf9a32f14aae9b89d873ef09e84a16dbd253a49be122c24eb757e668e06c6c2cc19262d914e45e911,projects/modellearning/logs/run.googleapis.com%2Fstdout,,2024-02-29T20:27:10.887491761Z,sscartquery,northamerica-northeast1,modellearning,sscartquery-00011-jzl,sscartquery,cloud_run_revision,INFO,functions/Logic.java,2024-02-29T20:27:10.602232Z
65e0e89e00078f4bbf14f542,functions/Logic.java,service,cpu:=840000000  rt:=871635532,cloudfunctions,00d087f5e096f10c047c63271bf3ad0a02126a02b2e38fa8048979e18ea67d746ffa403f88d9a80d0fd5b28bb55609f2a74100003294e282c98f0e4563ee611fd74e6e,projects/modellearning/logs/run.googleapis.com%2Fstdout,,2024-02-29T20:27:10.551005714Z,sscartquery,northamerica-northeast1,modellearning,sscartquery-00011-jzl,sscartquery,cloud_run_revision,INFO,functions/Logic.java,2024-02-29T20:27:10.495435Z
65e0e89e0004d483307ddfe5,functions/Logic.java,service,cpu:=1370000000  rt:=1390925458,cloudfunctions,00d087f5e0d4d81528cf22cb133c2e4dd9a2c4ce3eab40a6348fdb235a3535110a2312ab0cf8d4076c1e91472dbd37c7a81eb9097195cd3f6758925e661bb3dd5e03a2,projects/modellearning/logs/run.googleapis.com%2Fstdout,,2024-02-29T20:27:10.471442674Z,sscartquery,northamerica-northeast1,modellearning,sscartquery-00011-jzl,sscartquery,cloud_run_revision,INFO,functions/Logic.java,2024-02-29T20:27:10.316547Z
65e0e89e000259c5285c02c9,functions/Logic.java,service,cpu:=390000000  rt:=396863074,cloudfunctions,00d087f5e0508b90f669d2e778e5edb119d2cf95bbdf1d474990a4029916e734b09cb9a2fbea2793facea51d590b84a7b32d827e55698dd1314956e833b1573e692dea,projects/modellearning/logs/run.googleapis.com%2Fstdout,,2024-02-29T20:27:10.217127173Z,sscartquery,northamerica-northeast1,modellearning,sscartquery-00011-jzl,sscartquery,cloud_run_revision,INFO,functions/Logic.java,2024-02-29T20:27:10.154053Z
65e0e89d000cbb5c6ac1b0a9,functions/Logic.java,service,cpu:=370000000  rt:=383228108,cloudfunctions,00d087f5e0c28364f40a88ea65440fad99d864800ea3cc4f8b70fe4c04ce8ea9bd6aa21cc40c9f2508c1dde8fc79b324f27e029f2d84aed35c039754a5d33a775a009f,projects/modellearning/logs/run.googleapis.com%2Fstdout,,2024-02-29T20:27:09.884945114Z,sscartquery,northamerica-northeast1,modellearning,sscartquery-00011-jzl,sscartquery,cloud_run_revision,INFO,functions/Logic.java,2024-02-29T20:27:09.834396Z
65e0e89d000b6841202a46e3,functions/Logic.java,service,cpu:=780000000  rt:=791411793,cloudfunctions,00d087f5e04921ffa2ae878763f0217abb165fe4fe9a2e8a027ba11aed30e41dbddf4fc8615626ade2ce81a05b33cc0543a90b189fc41ef2749e7ddb07fe1c9b9eae6c,projects/modellearning/logs/run.googleapis.com%2Fstdout,,2024-02-29T20:27:09.884945114Z,sscartquery,northamerica-northeast1,modellearning,sscartquery-00011-jzl,sscartquery,cloud_run_revision,INFO,functions/Logic.java,2024-02-29T20:27:09.747585Z
65e0e89d000a686c11939484,functions/Logic.java,service,cpu:=510000000  rt:=526662124,cloudfunctions,00d087f5e0d2ec86d3e5125cd7f8c8da0159c6c9245f96f8b661fd58a2c43ac7b7746cbd693c48c899aa0e18c79c8f6e29e46ee53925108e8c6a70ca451f1b05c9a9d7,projects/modellearning/logs/run.googleapis.com%2Fstdout,,2024-02-29T20:27:09.884945114Z,sscartquery,northamerica-northeast1,modellearning,sscartquery-00011-jzl,sscartquery,cloud_run_revision,INFO,functions/Logic.java,2024-02-29T20:27:09.682092Z
65e0e89d0006f538c2e4df69,functions/Logic.java,service,cpu:=820000000  rt:=891162633,cloudfunctions,00d087f5e025f1412d457ac9df76d9971bbb653901e64de3964b6771b432461e319b79b0f00c478208807a6c7a3fbf8874fe0596d4f63281afed598300217590a2678e,projects/modellearning/logs/run.googleapis.com%2Fstdout,,2024-02-29T20:27:09.552258555Z,sscartquery,northamerica-northeast1,modellearning,sscartquery-00011-jzl,sscartquery,cloud_run_revision,INFO,functions/Logic.java,2024-02-29T20:27:09.455992Z
65e0e89d000332d9d796cbc3,functions/Logic.java,service,cpu:=60000000  rt:=59994255,cloudfunctions,00d087f5e0508b90f669d2e778e5edb119d2cf95bbdf1d474990a4029916e734b09cb9a2fbea2793facea51d590b84a7b32d827e55698dd1314956e833b1573e692dea,projects/modellearning/logs/run.googleapis.com%2Fstdout,,2024-02-29T20:27:09.219285668Z,sscartquery,northamerica-northeast1,modellearning,sscartquery-00011-jzl,sscartquery,cloud_run_revision,INFO,functions/Logic.java,2024-02-29T20:27:09.209625Z
65e0e89c000ef12077f35ae6,functions/Logic.java,service,cpu:=410000000  rt:=435535333,cloudfunctions,00d087f5e096f10c047c63271bf3ad0a02126a02b2e38fa8048979e18ea67d746ffa403f88d9a80d0fd5b28bb55609f2a74100003294e282c98f0e4563ee611fd74e6e,projects/modellearning/logs/run.googleapis.com%2Fstdout,,2024-02-29T20:27:09.219285668Z,sscartquery,northamerica-northeast1,modellearning,sscartquery-00011-jzl,sscartquery,cloud_run_revision,INFO,functions/Logic.java,2024-02-29T20:27:08.979232Z
65e0e89c000e477c202c4768,functions/Logic.java,service,cpu:=60000000  rt:=69249919,cloudfunctions,00d087f5e06379a276e4a585f3c5060b28341f9ba1aae00b35146eef3c6bfe293ee854779cb36f3cc9ba10b75867900165815dba5f5fb35677f9397372dd0e41039340,projects/modellearning/logs/run.googleapis.com%2Fstdout,,2024-02-29T20:27:09.219285668Z,sscartquery,northamerica-northeast1,modellearning,sscartquery-00011-jzl,sscartquery,cloud_run_revision,INFO,functions/Logic.java,2024-02-29T20:27:08.935804Z
65e0e89c000a73eebcbc4db4,functions/Logic.java,service,cpu:=350000000  rt:=363518506,cloudfunctions,00d087f5e0fb53247b367efd3d5bd3eb6ec2079ea1f90edc419a49866437bf458cfeca444aeaa3b7daf5636b05c06cb47d5f161f950d27b45213cc036890ef6262ebf3,projects/modellearning/logs/run.googleapis.com%2Fstdout,,2024-02-29T20:27:08.885943499Z,sscartquery,northamerica-northeast1,modellearning,sscartquery-00011-jzl,sscartquery,cloud_run_revision,INFO,functions/Logic.java,2024-02-29T20:27:08.685038Z
65e0e89c0009833ab8364052,functions/Logic.java,service,cpu:=3040000000  rt:=4244774488,cloudfunctions,00d087f5e0d4d81528cf22cb133c2e4dd9a2c4ce3eab40a6348fdb235a3535110a2312ab0cf8d4076c1e91472dbd37c7a81eb9097195cd3f6758925e661bb3dd5e03a2,projects/modellearning/logs/run.googleapis.com%2Fstdout,,2024-02-29T20:27:08.806829804Z,sscartquery,northamerica-northeast1,modellearning,sscartquery-00011-jzl,sscartquery,cloud_run_revision,INFO,functions/Logic.java,2024-02-29T20:27:08.623418Z
65e0e89c000485eb27efcfd8,functions/Logic.java,service,cpu:=1240000000  rt:=1289528580,cloudfunctions,00d087f5e07bdae58c1f4da3364551cac54ac5362bf1a9581e7d4bf9a32f14aae9b89d873ef09e84a16dbd253a49be122c24eb757e668e06c6c2cc19262d914e45e911,projects/modellearning/logs/run.googleapis.com%2Fstdout,,2024-02-29T20:27:08.551929873Z,sscartquery,northamerica-northeast1,modellearning,sscartquery-00011-jzl,sscartquery,cloud_run_revision,INFO,functions/Logic.java,2024-02-29T20:27:08.296427Z
65e0e89c00015af05022987f,functions/Logic.java,service,cpu:=1120000000  rt:=1186991465,cloudfunctions,00d087f5e0c28364f40a88ea65440fad99d864800ea3cc4f8b70fe4c04ce8ea9bd6aa21cc40c9f2508c1dde8fc79b324f27e029f2d84aed35c039754a5d33a775a009f,projects/modellearning/logs/run.googleapis.com%2Fstdout,,2024-02-29T20:27:08.219020916Z,sscartquery,northamerica-northeast1,modellearning,sscartquery-00011-jzl,sscartquery,cloud_run_revision,INFO,functions/Logic.java,2024-02-29T20:27:08.088816Z
65e0e89c0000a3492db8b9a3,functions/Logic.java,service,cpu:=480000000  rt:=489895245,cloudfunctions,00d087f5e0b82d4393d4a7bbb7f14727933f8b96724a91b37d40394984760349848f0c657a1b55ad143d87d15617c08a8ba76acddb65a7eb3b550a40e4aceccdfb8d33,projects/modellearning/logs/run.googleapis.com%2Fstdout,,2024-02-29T20:27:08.219020916Z,sscartquery,northamerica-northeast1,modellearning,sscartquery-00011-jzl,sscartquery,cloud_run_revision,INFO,functions/Logic.java,2024-02-29T20:27:08.041801Z
65e0e89c00009c3b4e7c4db3,functions/Logic.java,service,cpu:=250000000  rt:=251577212,cloudfunctions,00d087f5e0d2ec86d3e5125cd7f8c8da0159c6c9245f96f8b661fd58a2c43ac7b7746cbd693c48c899aa0e18c79c8f6e29e46ee53925108e8c6a70ca451f1b05c9a9d7,projects/modellearning/logs/run.googleapis.com%2Fstdout,,2024-02-29T20:27:08.219020916Z,sscartquery,northamerica-northeast1,modellearning,sscartquery-00011-jzl,sscartquery,cloud_run_revision,INFO,functions/Logic.java,2024-02-29T20:27:08.039995Z
65e0e89b000ea5b0060154c0,functions/Logic.java,service,cpu:=2730000000  rt:=2816265984,cloudfunctions,00d087f5e0fb53247b367efd3d5bd3eb6ec2079ea1f90edc419a49866437bf458cfeca444aeaa3b7daf5636b05c06cb47d5f161f950d27b45213cc036890ef6262ebf3,projects/modellearning/logs/run.googleapis.com%2Fstdout,,2024-02-29T20:27:08.219020916Z,sscartquery,northamerica-northeast1,modellearning,sscartquery-00011-jzl,sscartquery,cloud_run_revision,INFO,functions/Logic.java,2024-02-29T20:27:07.959920Z
65e0e89b000e717e78d2f2c8,functions/Logic.java,service,cpu:=1010000000  rt:=1048203201,cloudfunctions,00d087f5e0508b90f669d2e778e5edb119d2cf95bbdf1d474990a4029916e734b09cb9a2fbea2793facea51d590b84a7b32d827e55698dd1314956e833b1573e692dea,projects/modellearning/logs/run.googleapis.com%2Fstdout,,2024-02-29T20:27:08.219020916Z,sscartquery,northamerica-northeast1,modellearning,sscartquery-00011-jzl,sscartquery,cloud_run_revision,INFO,functions/Logic.java,2024-02-29T20:27:07.946558Z
65e0e89b000b8c5492765f35,functions/Logic.java,service,cpu:=3730000000  rt:=4570296804,cloudfunctions,00d087f5e04921ffa2ae878763f0217abb165fe4fe9a2e8a027ba11aed30e41dbddf4fc8615626ade2ce81a05b33cc0543a90b189fc41ef2749e7ddb07fe1c9b9eae6c,projects/modellearning/logs/run.googleapis.com%2Fstdout,,2024-02-29T20:27:07.887298746Z,sscartquery,northamerica-northeast1,modellearning,sscartquery-00011-jzl,sscartquery,cloud_run_revision,INFO,functions/Logic.java,2024-02-29T20:27:07.756820Z
65e0e89b000abe052fd4a093,functions/Logic.java,service,cpu:=1590000000  rt:=1628803579,cloudfunctions,00d087f5e06379a276e4a585f3c5060b28341f9ba1aae00b35146eef3c6bfe293ee854779cb36f3cc9ba10b75867900165815dba5f5fb35677f9397372dd0e41039340,projects/modellearning/logs/run.googleapis.com%2Fstdout,,2024-02-29T20:27:07.887298746Z,sscartquery,northamerica-northeast1,modellearning,sscartquery-00011-jzl,sscartquery,cloud_run_revision,INFO,functions/Logic.java,2024-02-29T20:27:07.704005Z
65e0e89b00088cf535a6ef38,functions/Logic.java,service,cpu:=890000000  rt:=908513435,cloudfunctions,00d087f5e025f1412d457ac9df76d9971bbb653901e64de3964b6771b432461e319b79b0f00c478208807a6c7a3fbf8874fe0596d4f63281afed598300217590a2678e,projects/modellearning/logs/run.googleapis.com%2Fstdout,,2024-02-29T20:27:07.887298746Z,sscartquery,northamerica-northeast1,modellearning,sscartquery-00011-jzl,sscartquery,cloud_run_revision,INFO,functions/Logic.java,2024-02-29T20:27:07.560373Z
65e0e89b00087cc6168b71bd,functions/Logic.java,service,cpu:=1930000000  rt:=1987353032,cloudfunctions,00d087f5e096f10c047c63271bf3ad0a02126a02b2e38fa8048979e18ea67d746ffa403f88d9a80d0fd5b28bb55609f2a74100003294e282c98f0e4563ee611fd74e6e,projects/modellearning/logs/run.googleapis.com%2Fstdout,,2024-02-29T20:27:07.887298746Z,sscartquery,northamerica-northeast1,modellearning,sscartquery-00011-jzl,sscartquery,cloud_run_revision,INFO,functions/Logic.java,2024-02-29T20:27:07.556230Z
65e0e89b0004a6f054ffd93d,functions/Logic.java,service,cpu:=640000000  rt:=652909078,cloudfunctions,00d087f5e0d2ec86d3e5125cd7f8c8da0159c6c9245f96f8b661fd58a2c43ac7b7746cbd693c48c899aa0e18c79c8f6e29e46ee53925108e8c6a70ca451f1b05c9a9d7,projects/modellearning/logs/run.googleapis.com%2Fstdout,,2024-02-29T20:27:07.553532516Z,sscartquery,northamerica-northeast1,modellearning,sscartquery-00011-jzl,sscartquery,cloud_run_revision,INFO,functions/Logic.java,2024-02-29T20:27:07.304880Z
65e0e89b0002cd204ec398f8,functions/Logic.java,service,cpu:=990000000  rt:=1017163835,cloudfunctions,00d087f5e0b82d4393d4a7bbb7f14727933f8b96724a91b37d40394984760349848f0c657a1b55ad143d87d15617c08a8ba76acddb65a7eb3b550a40e4aceccdfb8d33,projects/modellearning/logs/run.googleapis.com%2Fstdout,,2024-02-29T20:27:07.221733493Z,sscartquery,northamerica-northeast1,modellearning,sscartquery-00011-jzl,sscartquery,cloud_run_revision,INFO,functions/Logic.java,2024-02-29T20:27:07.183584Z
65e0e89a000e41d47d50966f,functions/Logic.java,service,cpu:=160000000  rt:=198913390,cloudfunctions,00d087f5e07bdae58c1f4da3364551cac54ac5362bf1a9581e7d4bf9a32f14aae9b89d873ef09e84a16dbd253a49be122c24eb757e668e06c6c2cc19262d914e45e911,projects/modellearning/logs/run.googleapis.com%2Fstdout,,2024-02-29T20:27:07.221733493Z,sscartquery,northamerica-northeast1,modellearning,sscartquery-00011-jzl,sscartquery,cloud_run_revision,INFO,functions/Logic.java,2024-02-29T20:27:06.934356Z
65e0e89a000d4d3fff8140fa,functions/Logic.java,service,cpu:=640000000  rt:=646758048,cloudfunctions,00d087f5e0c28364f40a88ea65440fad99d864800ea3cc4f8b70fe4c04ce8ea9bd6aa21cc40c9f2508c1dde8fc79b324f27e029f2d84aed35c039754a5d33a775a009f,projects/modellearning/logs/run.googleapis.com%2Fstdout,,2024-02-29T20:27:06.886843496Z,sscartquery,northamerica-northeast1,modellearning,sscartquery-00011-jzl,sscartquery,cloud_run_revision,INFO,functions/Logic.java,2024-02-29T20:27:06.871743Z
65e0e89a000b64254b7c56ff,functions/Logic.java,service,cpu:=7890000000  rt:=2368409342,cloudfunctions,00d087f5e0d4d81528cf22cb133c2e4dd9a2c4ce3eab40a6348fdb235a3535110a2312ab0cf8d4076c1e91472dbd37c7a81eb9097195cd3f6758925e661bb3dd5e03a2,projects/modellearning/logs/run.googleapis.com%2Fstdout,,2024-02-29T20:27:06.807415973Z,sscartquery,northamerica-northeast1,modellearning,sscartquery-00011-jzl,sscartquery,cloud_run_revision,INFO,functions/Logic.java,2024-02-29T20:27:06.746533Z
65e0e89a000b34e870037d5c,functions/Logic.java,service,cpu:=500000000  rt:=509426088,cloudfunctions,00d087f5e0508b90f669d2e778e5edb119d2cf95bbdf1d474990a4029916e734b09cb9a2fbea2793facea51d590b84a7b32d827e55698dd1314956e833b1573e692dea,projects/modellearning/logs/run.googleapis.com%2Fstdout,,2024-02-29T20:27:06.886843496Z,sscartquery,northamerica-northeast1,modellearning,sscartquery-00011-jzl,sscartquery,cloud_run_revision,INFO,functions/Logic.java,2024-02-29T20:27:06.734440Z
65e0e89a0000d6bcffec48f0,functions/Logic.java,service,cpu:=310000000  rt:=337773089,cloudfunctions,00d087f5e07bdae58c1f4da3364551cac54ac5362bf1a9581e7d4bf9a32f14aae9b89d873ef09e84a16dbd253a49be122c24eb757e668e06c6c2cc19262d914e45e911,projects/modellearning/logs/run.googleapis.com%2Fstdout,,2024-02-29T20:27:06.221283820Z,sscartquery,northamerica-northeast1,modellearning,sscartquery-00011-jzl,sscartquery,cloud_run_revision,INFO,functions/Logic.java,2024-02-29T20:27:06.054972Z
65e0e899000f3d8cdea4ccce,functions/Logic.java,service,cpu:=270000000  rt:=282710963,cloudfunctions,00d087f5e0d2ec86d3e5125cd7f8c8da0159c6c9245f96f8b661fd58a2c43ac7b7746cbd693c48c899aa0e18c79c8f6e29e46ee53925108e8c6a70ca451f1b05c9a9d7,projects/modellearning/logs/run.googleapis.com%2Fstdout,,2024-02-29T20:27:06.221283820Z,sscartquery,northamerica-northeast1,modellearning,sscartquery-00011-jzl,sscartquery,cloud_run_revision,INFO,functions/Logic.java,2024-02-29T20:27:05.998796Z
65e0e899000f07b2730e6c86,functions/Logic.java,service,cpu:=40000000  rt:=42559960,cloudfunctions,00d087f5e025f1412d457ac9df76d9971bbb653901e64de3964b6771b432461e319b79b0f00c478208807a6c7a3fbf8874fe0596d4f63281afed598300217590a2678e,projects/modellearning/logs/run.googleapis.com%2Fstdout,,2024-02-29T20:27:06.221283820Z,sscartquery,northamerica-northeast1,modellearning,sscartquery-00011-jzl,sscartquery,cloud_run_revision,INFO,functions/Logic.java,2024-02-29T20:27:05.985010Z
65e0e899000b7497b27725f3,functions/Logic.java,service,cpu:=5750000000  rt:=1372404438,cloudfunctions,00d087f5e0d4d81528cf22cb133c2e4dd9a2c4ce3eab40a6348fdb235a3535110a2312ab0cf8d4076c1e91472dbd37c7a81eb9097195cd3f6758925e661bb3dd5e03a2,projects/modellearning/logs/run.googleapis.com%2Fstdout,,2024-02-29T20:27:05.808286118Z,sscartquery,northamerica-northeast1,modellearning,sscartquery-00011-jzl,sscartquery,cloud_run_revision,INFO,functions/Logic.java,2024-02-29T20:27:05.750743Z
65e0e8990003d0838302311a,functions/Logic.java,service,cpu:=200000000  rt:=197108962,cloudfunctions,00d087f5e0508b90f669d2e778e5edb119d2cf95bbdf1d474990a4029916e734b09cb9a2fbea2793facea51d590b84a7b32d827e55698dd1314956e833b1573e692dea,projects/modellearning/logs/run.googleapis.com%2Fstdout,,2024-02-29T20:27:05.554614500Z,sscartquery,northamerica-northeast1,modellearning,sscartquery-00011-jzl,sscartquery,cloud_run_revision,INFO,functions/Logic.java,2024-02-29T20:27:05.249987Z
65e0e8990003243be43aad15,functions/Logic.java,service,cpu:=1020000000  rt:=1080342399,cloudfunctions,00d087f5e0c28364f40a88ea65440fad99d864800ea3cc4f8b70fe4c04ce8ea9bd6aa21cc40c9f2508c1dde8fc79b324f27e029f2d84aed35c039754a5d33a775a009f,projects/modellearning/logs/run.googleapis.com%2Fstdout,,2024-02-29T20:27:05.221686680Z,sscartquery,northamerica-northeast1,modellearning,sscartquery-00011-jzl,sscartquery,cloud_run_revision,INFO,functions/Logic.java,2024-02-29T20:27:05.205883Z
65e0e8990000e5440468d2dc,functions/Logic.java,service,cpu:=400000000  rt:=407077348,cloudfunctions,00d087f5e0fb53247b367efd3d5bd3eb6ec2079ea1f90edc419a49866437bf458cfeca444aeaa3b7daf5636b05c06cb47d5f161f950d27b45213cc036890ef6262ebf3,projects/modellearning/logs/run.googleapis.com%2Fstdout,,2024-02-29T20:27:05.221686680Z,sscartquery,northamerica-northeast1,modellearning,sscartquery-00011-jzl,sscartquery,cloud_run_revision,INFO,functions/Logic.java,2024-02-29T20:27:05.058692Z
65e0e8990000aa7ca5d17f72,functions/Logic.java,service,cpu:=950000000  rt:=1141506698,cloudfunctions,00d087f5e0b82d4393d4a7bbb7f14727933f8b96724a91b37d40394984760349848f0c657a1b55ad143d87d15617c08a8ba76acddb65a7eb3b550a40e4aceccdfb8d33,projects/modellearning/logs/run.googleapis.com%2Fstdout,,2024-02-29T20:27:05.221686680Z,sscartquery,northamerica-northeast1,modellearning,sscartquery-00011-jzl,sscartquery,cloud_run_revision,INFO,functions/Logic.java,2024-02-29T20:27:05.043644Z
65e0e898000b34a813f89f20,functions/Logic.java,service,cpu:=28850000000  rt:=1548590473,cloudfunctions,00d087f5e04921ffa2ae878763f0217abb165fe4fe9a2e8a027ba11aed30e41dbddf4fc8615626ade2ce81a05b33cc0543a90b189fc41ef2749e7ddb07fe1c9b9eae6c,projects/modellearning/logs/run.googleapis.com%2Fstdout,,2024-02-29T20:27:04.888423273Z,sscartquery,northamerica-northeast1,modellearning,sscartquery-00011-jzl,sscartquery,cloud_run_revision,INFO,functions/Logic.java,2024-02-29T20:27:04.734376Z
65e0e898000a0a6e09c0f996,functions/Logic.java,service,cpu:=100000000  rt:=99718792,cloudfunctions,00d087f5e06379a276e4a585f3c5060b28341f9ba1aae00b35146eef3c6bfe293ee854779cb36f3cc9ba10b75867900165815dba5f5fb35677f9397372dd0e41039340,projects/modellearning/logs/run.googleapis.com%2Fstdout,,2024-02-29T20:27:04.888423273Z,sscartquery,northamerica-northeast1,modellearning,sscartquery-00011-jzl,sscartquery,cloud_run_revision,INFO,functions/Logic.java,2024-02-29T20:27:04.658030Z
65e0e8980009ae8e93a48902,functions/Logic.java,service,cpu:=1780000000  rt:=2249634628,cloudfunctions,00d087f5e025f1412d457ac9df76d9971bbb653901e64de3964b6771b432461e319b79b0f00c478208807a6c7a3fbf8874fe0596d4f63281afed598300217590a2678e,projects/modellearning/logs/run.googleapis.com%2Fstdout,,2024-02-29T20:27:04.888423273Z,sscartquery,northamerica-northeast1,modellearning,sscartquery-00011-jzl,sscartquery,cloud_run_revision,INFO,functions/Logic.java,2024-02-29T20:27:04.634510Z
65e0e8980009ad97cb4880af,functions/Logic.java,service,cpu:=380000000  rt:=385486112,cloudfunctions,00d087f5e0fb53247b367efd3d5bd3eb6ec2079ea1f90edc419a49866437bf458cfeca444aeaa3b7daf5636b05c06cb47d5f161f950d27b45213cc036890ef6262ebf3,projects/modellearning/logs/run.googleapis.com%2Fstdout,,2024-02-29T20:27:04.888423273Z,sscartquery,northamerica-northeast1,modellearning,sscartquery-00011-jzl,sscartquery,cloud_run_revision,INFO,functions/Logic.java,2024-02-29T20:27:04.634263Z
65e0e89800053017c7aff3a2,functions/Logic.java,service,cpu:=2410000000  rt:=2905662024,cloudfunctions,00d087f5e07bdae58c1f4da3364551cac54ac5362bf1a9581e7d4bf9a32f14aae9b89d873ef09e84a16dbd253a49be122c24eb757e668e06c6c2cc19262d914e45e911,projects/modellearning/logs/run.googleapis.com%2Fstdout,,2024-02-29T20:27:04.556490302Z,sscartquery,northamerica-northeast1,modellearning,sscartquery-00011-jzl,sscartquery,cloud_run_revision,INFO,functions/Logic.java,2024-02-29T20:27:04.339991Z
65e0e8980003b712185f8ca2,functions/Logic.java,service,cpu:=230000000  rt:=229244757,cloudfunctions,00d087f5e0fb53247b367efd3d5bd3eb6ec2079ea1f90edc419a49866437bf458cfeca444aeaa3b7daf5636b05c06cb47d5f161f950d27b45213cc036890ef6262ebf3,projects/modellearning/logs/run.googleapis.com%2Fstdout,,2024-02-29T20:27:04.556490302Z,sscartquery,northamerica-northeast1,modellearning,sscartquery-00011-jzl,sscartquery,cloud_run_revision,INFO,functions/Logic.java,2024-02-29T20:27:04.243474Z
65e0e89800020ddb15e8ffc9,functions/Logic.java,service,cpu:=870000000  rt:=889829236,cloudfunctions,00d087f5e0d2ec86d3e5125cd7f8c8da0159c6c9245f96f8b661fd58a2c43ac7b7746cbd693c48c899aa0e18c79c8f6e29e46ee53925108e8c6a70ca451f1b05c9a9d7,projects/modellearning/logs/run.googleapis.com%2Fstdout,,2024-02-29T20:27:04.222557904Z,sscartquery,northamerica-northeast1,modellearning,sscartquery-00011-jzl,sscartquery,cloud_run_revision,INFO,functions/Logic.java,2024-02-29T20:27:04.134619Z
65e0e898000086463812a773,functions/Logic.java,service,cpu:=890000000  rt:=925111583,cloudfunctions,00d087f5e096f10c047c63271bf3ad0a02126a02b2e38fa8048979e18ea67d746ffa403f88d9a80d0fd5b28bb55609f2a74100003294e282c98f0e4563ee611fd74e6e,projects/modellearning/logs/run.googleapis.com%2Fstdout,,2024-02-29T20:27:04.222557904Z,sscartquery,northamerica-northeast1,modellearning,sscartquery-00011-jzl,sscartquery,cloud_run_revision,INFO,functions/Logic.java,2024-02-29T20:27:04.034374Z
65e0e897000ebd9a88979ae9,functions/Logic.java,service,cpu:=3050000000  rt:=3108094227,cloudfunctions,00d087f5e0fb53247b367efd3d5bd3eb6ec2079ea1f90edc419a49866437bf458cfeca444aeaa3b7daf5636b05c06cb47d5f161f950d27b45213cc036890ef6262ebf3,projects/modellearning/logs/run.googleapis.com%2Fstdout,,2024-02-29T20:27:04.222557904Z,sscartquery,northamerica-northeast1,modellearning,sscartquery-00011-jzl,sscartquery,cloud_run_revision,INFO,functions/Logic.java,2024-02-29T20:27:03.966042Z
65e0e897000dd20351e008da,functions/Logic.java,service,cpu:=2490000000  rt:=2575765997,cloudfunctions,00d087f5e0508b90f669d2e778e5edb119d2cf95bbdf1d474990a4029916e734b09cb9a2fbea2793facea51d590b84a7b32d827e55698dd1314956e833b1573e692dea,projects/modellearning/logs/run.googleapis.com%2Fstdout,,2024-02-29T20:27:04.222557904Z,sscartquery,northamerica-northeast1,modellearning,sscartquery-00011-jzl,sscartquery,cloud_run_revision,INFO,functions/Logic.java,2024-02-29T20:27:03.905731Z
65e0e897000d396e920f35cf,functions/Logic.java,service,cpu:=2550000000  rt:=2615565578,cloudfunctions,00d087f5e06379a276e4a585f3c5060b28341f9ba1aae00b35146eef3c6bfe293ee854779cb36f3cc9ba10b75867900165815dba5f5fb35677f9397372dd0e41039340,projects/modellearning/logs/run.googleapis.com%2Fstdout,,2024-02-29T20:27:03.889596794Z,sscartquery,northamerica-northeast1,modellearning,sscartquery-00011-jzl,sscartquery,cloud_run_revision,INFO,functions/Logic.java,2024-02-29T20:27:03.866670Z
65e0e897000cc0f44f920796,functions/Logic.java,service,cpu:=3270000000  rt:=3395101248,cloudfunctions,00d087f5e0c28364f40a88ea65440fad99d864800ea3cc4f8b70fe4c04ce8ea9bd6aa21cc40c9f2508c1dde8fc79b324f27e029f2d84aed35c039754a5d33a775a009f,projects/modellearning/logs/run.googleapis.com%2Fstdout,,2024-02-29T20:27:03.889596794Z,sscartquery,northamerica-northeast1,modellearning,sscartquery-00011-jzl,sscartquery,cloud_run_revision,INFO,functions/Logic.java,2024-02-29T20:27:03.835828Z
65e0e89700094b66460fdd58,functions/Logic.java,service,cpu:=520000000  rt:=550167398,cloudfunctions,00d087f5e0b82d4393d4a7bbb7f14727933f8b96724a91b37d40394984760349848f0c657a1b55ad143d87d15617c08a8ba76acddb65a7eb3b550a40e4aceccdfb8d33,projects/modellearning/logs/run.googleapis.com%2Fstdout,,2024-02-29T20:27:03.889596794Z,sscartquery,northamerica-northeast1,modellearning,sscartquery-00011-jzl,sscartquery,cloud_run_revision,INFO,functions/Logic.java,2024-02-29T20:27:03.609126Z
65e0e89700054794e958a60f,functions/Logic.java,service,cpu:=16760000000  rt:=961467803,cloudfunctions,00d087f5e025f1412d457ac9df76d9971bbb653901e64de3964b6771b432461e319b79b0f00c478208807a6c7a3fbf8874fe0596d4f63281afed598300217590a2678e,projects/modellearning/logs/run.googleapis.com%2Fstdout,,2024-02-29T20:27:03.557189910Z,sscartquery,northamerica-northeast1,modellearning,sscartquery-00011-jzl,sscartquery,cloud_run_revision,INFO,functions/Logic.java,2024-02-29T20:27:03.346004Z
65e0e89700032b8ee158ad30,functions/Logic.java,service,cpu:=1270000000  rt:=1325900738,cloudfunctions,00d087f5e0d2ec86d3e5125cd7f8c8da0159c6c9245f96f8b661fd58a2c43ac7b7746cbd693c48c899aa0e18c79c8f6e29e46ee53925108e8c6a70ca451f1b05c9a9d7,projects/modellearning/logs/run.googleapis.com%2Fstdout,,2024-02-29T20:27:03.224764813Z,sscartquery,northamerica-northeast1,modellearning,sscartquery-00011-jzl,sscartquery,cloud_run_revision,INFO,functions/Logic.java,2024-02-29T20:27:03.207758Z
65e0e896000e894dee98fefe,functions/Logic.java,service,cpu:=480000000  rt:=659401604,cloudfunctions,00d087f5e04921ffa2ae878763f0217abb165fe4fe9a2e8a027ba11aed30e41dbddf4fc8615626ade2ce81a05b33cc0543a90b189fc41ef2749e7ddb07fe1c9b9eae6c,projects/modellearning/logs/run.googleapis.com%2Fstdout,,2024-02-29T20:27:03.224764813Z,sscartquery,northamerica-northeast1,modellearning,sscartquery-00011-jzl,sscartquery,cloud_run_revision,INFO,functions/Logic.java,2024-02-29T20:27:02.952653Z
65e0e896000e3b2c9eea493c,functions/Logic.java,service,cpu:=240000000  rt:=240890825,cloudfunctions,00d087f5e0d4d81528cf22cb133c2e4dd9a2c4ce3eab40a6348fdb235a3535110a2312ab0cf8d4076c1e91472dbd37c7a81eb9097195cd3f6758925e661bb3dd5e03a2,projects/modellearning/logs/run.googleapis.com%2Fstdout,,2024-02-29T20:27:03.144187522Z,sscartquery,northamerica-northeast1,modellearning,sscartquery-00011-jzl,sscartquery,cloud_run_revision,INFO,functions/Logic.java,2024-02-29T20:27:02.932652Z
65e0e896000b64841c48c3c7,functions/Logic.java,service,cpu:=550000000  rt:=581970330,cloudfunctions,00d087f5e096f10c047c63271bf3ad0a02126a02b2e38fa8048979e18ea67d746ffa403f88d9a80d0fd5b28bb55609f2a74100003294e282c98f0e4563ee611fd74e6e,projects/modellearning/logs/run.googleapis.com%2Fstdout,,2024-02-29T20:27:02.890472620Z,sscartquery,northamerica-northeast1,modellearning,sscartquery-00011-jzl,sscartquery,cloud_run_revision,INFO,functions/Logic.java,2024-02-29T20:27:02.746628Z
65e0e896000b3656039a1f70,functions/Logic.java,service,cpu:=-16510000000  rt:=4616650738,cloudfunctions,00d087f5e0b82d4393d4a7bbb7f14727933f8b96724a91b37d40394984760349848f0c657a1b55ad143d87d15617c08a8ba76acddb65a7eb3b550a40e4aceccdfb8d33,projects/modellearning/logs/run.googleapis.com%2Fstdout,,2024-02-29T20:27:02.890472620Z,sscartquery,northamerica-northeast1,modellearning,sscartquery-00011-jzl,sscartquery,cloud_run_revision,INFO,functions/Logic.java,2024-02-29T20:27:02.734806Z
65e0e896000b3616af05ed63,functions/Logic.java,service,cpu:=-1280000000  rt:=441188691,cloudfunctions,00d087f5e04921ffa2ae878763f0217abb165fe4fe9a2e8a027ba11aed30e41dbddf4fc8615626ade2ce81a05b33cc0543a90b189fc41ef2749e7ddb07fe1c9b9eae6c,projects/modellearning/logs/run.googleapis.com%2Fstdout,,2024-02-29T20:27:02.890472620Z,sscartquery,northamerica-northeast1,modellearning,sscartquery-00011-jzl,sscartquery,cloud_run_revision,INFO,functions/Logic.java,2024-02-29T20:27:02.734742Z
65e0e896000827f0aa017c95,functions/Logic.java,service,cpu:=10680000000  rt:=1100656434,cloudfunctions,00d087f5e07bdae58c1f4da3364551cac54ac5362bf1a9581e7d4bf9a32f14aae9b89d873ef09e84a16dbd253a49be122c24eb757e668e06c6c2cc19262d914e45e911,projects/modellearning/logs/run.googleapis.com%2Fstdout,,2024-02-29T20:27:02.558755487Z,sscartquery,northamerica-northeast1,modellearning,sscartquery-00011-jzl,sscartquery,cloud_run_revision,INFO,functions/Logic.java,2024-02-29T20:27:02.534512Z
65e0e896000441ace8e42745,functions/Logic.java,service,cpu:=260000000  rt:=266193022,cloudfunctions,00d087f5e0d4d81528cf22cb133c2e4dd9a2c4ce3eab40a6348fdb235a3535110a2312ab0cf8d4076c1e91472dbd37c7a81eb9097195cd3f6758925e661bb3dd5e03a2,projects/modellearning/logs/run.googleapis.com%2Fstdout,,2024-02-29T20:27:02.478243851Z,sscartquery,northamerica-northeast1,modellearning,sscartquery-00011-jzl,sscartquery,cloud_run_revision,INFO,functions/Logic.java,2024-02-29T20:27:02.278956Z
65e0e8960003bea7f9d9768e,functions/Logic.java,service,cpu:=240000000  rt:=243681344,cloudfunctions,00d087f5e04921ffa2ae878763f0217abb165fe4fe9a2e8a027ba11aed30e41dbddf4fc8615626ade2ce81a05b33cc0543a90b189fc41ef2749e7ddb07fe1c9b9eae6c,projects/modellearning/logs/run.googleapis.com%2Fstdout,,2024-02-29T20:27:02.558755487Z,sscartquery,northamerica-northeast1,modellearning,sscartquery-00011-jzl,sscartquery,cloud_run_revision,INFO,functions/Logic.java,2024-02-29T20:27:02.245415Z
65e0e8960000c67257175ceb,functions/Logic.java,service,cpu:=690000000  rt:=729549929,cloudfunctions,00d087f5e096f10c047c63271bf3ad0a02126a02b2e38fa8048979e18ea67d746ffa403f88d9a80d0fd5b28bb55609f2a74100003294e282c98f0e4563ee611fd74e6e,projects/modellearning/logs/run.googleapis.com%2Fstdout,,2024-02-29T20:27:02.225750882Z,sscartquery,northamerica-northeast1,modellearning,sscartquery-00011-jzl,sscartquery,cloud_run_revision,INFO,functions/Logic.java,2024-02-29T20:27:02.050802Z
65e0e895000ba2e58032df64,functions/Logic.java,service,cpu:=570000000  rt:=611416203,cloudfunctions,00d087f5e04921ffa2ae878763f0217abb165fe4fe9a2e8a027ba11aed30e41dbddf4fc8615626ade2ce81a05b33cc0543a90b189fc41ef2749e7ddb07fe1c9b9eae6c,projects/modellearning/logs/run.googleapis.com%2Fstdout,,2024-02-29T20:27:01.891470368Z,sscartquery,northamerica-northeast1,modellearning,sscartquery-00011-jzl,sscartquery,cloud_run_revision,INFO,functions/Logic.java,2024-02-29T20:27:01.762597Z
65e0e895000b84c95b96d3fa,functions/Logic.java,service,cpu:=1580000000  rt:=1633083847,cloudfunctions,00d087f5e0d2ec86d3e5125cd7f8c8da0159c6c9245f96f8b661fd58a2c43ac7b7746cbd693c48c899aa0e18c79c8f6e29e46ee53925108e8c6a70ca451f1b05c9a9d7,projects/modellearning/logs/run.googleapis.com%2Fstdout,,2024-02-29T20:27:01.891470368Z,sscartquery,northamerica-northeast1,modellearning,sscartquery-00011-jzl,sscartquery,cloud_run_revision,INFO,functions/Logic.java,2024-02-29T20:27:01.754889Z
65e0e8950009c43717ac0793,functions/Logic.java,service,cpu:=320000000  rt:=324683668,cloudfunctions,00d087f5e0d4d81528cf22cb133c2e4dd9a2c4ce3eab40a6348fdb235a3535110a2312ab0cf8d4076c1e91472dbd37c7a81eb9097195cd3f6758925e661bb3dd5e03a2,projects/modellearning/logs/run.googleapis.com%2Fstdout,,2024-02-29T20:27:01.813258520Z,sscartquery,northamerica-northeast1,modellearning,sscartquery-00011-jzl,sscartquery,cloud_run_revision,INFO,functions/Logic.java,2024-02-29T20:27:01.640055Z
65e0e8950006a0d2882d7b78,functions/Logic.java,service,cpu:=170000000  rt:=182488974,cloudfunctions,00d087f5e025f1412d457ac9df76d9971bbb653901e64de3964b6771b432461e319b79b0f00c478208807a6c7a3fbf8874fe0596d4f63281afed598300217590a2678e,projects/modellearning/logs/run.googleapis.com%2Fstdout,,2024-02-29T20:27:01.558380771Z,sscartquery,northamerica-northeast1,modellearning,sscartquery-00011-jzl,sscartquery,cloud_run_revision,INFO,functions/Logic.java,2024-02-29T20:27:01.434386Z
65e0e89500041ad0482d0fe1,functions/Logic.java,service,cpu:=370000000  rt:=378652087,cloudfunctions,00d087f5e0508b90f669d2e778e5edb119d2cf95bbdf1d474990a4029916e734b09cb9a2fbea2793facea51d590b84a7b32d827e55698dd1314956e833b1573e692dea,projects/modellearning/logs/run.googleapis.com%2Fstdout,,2024-02-29T20:27:01.558380771Z,sscartquery,northamerica-northeast1,modellearning,sscartquery-00011-jzl,sscartquery,cloud_run_revision,INFO,functions/Logic.java,2024-02-29T20:27:01.269008Z
65e0e894000ee1a53c5fd84a,functions/Logic.java,service,cpu:=3890000000  rt:=4042205003,cloudfunctions,00d087f5e096f10c047c63271bf3ad0a02126a02b2e38fa8048979e18ea67d746ffa403f88d9a80d0fd5b28bb55609f2a74100003294e282c98f0e4563ee611fd74e6e,projects/modellearning/logs/run.googleapis.com%2Fstdout,,2024-02-29T20:27:01.226160385Z,sscartquery,northamerica-northeast1,modellearning,sscartquery-00011-jzl,sscartquery,cloud_run_revision,INFO,functions/Logic.java,2024-02-29T20:27:00.975269Z
65e0e894000eba2d928a8ffb,functions/Logic.java,service,cpu:=500000000  rt:=514585700,cloudfunctions,00d087f5e06379a276e4a585f3c5060b28341f9ba1aae00b35146eef3c6bfe293ee854779cb36f3cc9ba10b75867900165815dba5f5fb35677f9397372dd0e41039340,projects/modellearning/logs/run.googleapis.com%2Fstdout,,2024-02-29T20:27:01.226160385Z,sscartquery,northamerica-northeast1,modellearning,sscartquery-00011-jzl,sscartquery,cloud_run_revision,INFO,functions/Logic.java,2024-02-29T20:27:00.965165Z
65e0e894000bd8dacbc88d7c,functions/Logic.java,service,cpu:=390000000  rt:=403139443,cloudfunctions,00d087f5e0fb53247b367efd3d5bd3eb6ec2079ea1f90edc419a49866437bf458cfeca444aeaa3b7daf5636b05c06cb47d5f161f950d27b45213cc036890ef6262ebf3,projects/modellearning/logs/run.googleapis.com%2Fstdout,,2024-02-29T20:27:00.892192938Z,sscartquery,northamerica-northeast1,modellearning,sscartquery-00011-jzl,sscartquery,cloud_run_revision,INFO,functions/Logic.java,2024-02-29T20:27:00.776410Z
65e0e894000b38aefe9e5e9a,functions/Logic.java,service,cpu:=1680000000  rt:=2616030413,cloudfunctions,00d087f5e0b82d4393d4a7bbb7f14727933f8b96724a91b37d40394984760349848f0c657a1b55ad143d87d15617c08a8ba76acddb65a7eb3b550a40e4aceccdfb8d33,projects/modellearning/logs/run.googleapis.com%2Fstdout,,2024-02-29T20:27:00.892192938Z,sscartquery,northamerica-northeast1,modellearning,sscartquery-00011-jzl,sscartquery,cloud_run_revision,INFO,functions/Logic.java,2024-02-29T20:27:00.735406Z
65e0e894000a6530209aa936,functions/Logic.java,service,cpu:=13840000000  rt:=913949877,cloudfunctions,00d087f5e0d4d81528cf22cb133c2e4dd9a2c4ce3eab40a6348fdb235a3535110a2312ab0cf8d4076c1e91472dbd37c7a81eb9097195cd3f6758925e661bb3dd5e03a2,projects/modellearning/logs/run.googleapis.com%2Fstdout,,2024-02-29T20:27:00.814045534Z,sscartquery,northamerica-northeast1,modellearning,sscartquery-00011-jzl,sscartquery,cloud_run_revision,INFO,functions/Logic.java,2024-02-29T20:27:00.681264Z
65e0e8940005921ea84293ea,functions/Logic.java,service,cpu:=-30230000000  rt:=2093730473,cloudfunctions,00d087f5e025f1412d457ac9df76d9971bbb653901e64de3964b6771b432461e319b79b0f00c478208807a6c7a3fbf8874fe0596d4f63281afed598300217590a2678e,projects/modellearning/logs/run.googleapis.com%2Fstdout,,2024-02-29T20:27:00.559407318Z,sscartquery,northamerica-northeast1,modellearning,sscartquery-00011-jzl,sscartquery,cloud_run_revision,INFO,functions/Logic.java,2024-02-29T20:27:00.365086Z
65e0e89400051a198fe3d33a,functions/Logic.java,service,cpu:=240000000  rt:=246934763,cloudfunctions,00d087f5e0fb53247b367efd3d5bd3eb6ec2079ea1f90edc419a49866437bf458cfeca444aeaa3b7daf5636b05c06cb47d5f161f950d27b45213cc036890ef6262ebf3,projects/modellearning/logs/run.googleapis.com%2Fstdout,,2024-02-29T20:27:00.559407318Z,sscartquery,northamerica-northeast1,modellearning,sscartquery-00011-jzl,sscartquery,cloud_run_revision,INFO,functions/Logic.java,2024-02-29T20:27:00.334361Z
65e0e8940004d4fe1fda4e26,functions/Logic.java,service,cpu:=290000000  rt:=549306095,cloudfunctions,00d087f5e0d4d81528cf22cb133c2e4dd9a2c4ce3eab40a6348fdb235a3535110a2312ab0cf8d4076c1e91472dbd37c7a81eb9097195cd3f6758925e661bb3dd5e03a2,projects/modellearning/logs/run.googleapis.com%2Fstdout,,2024-02-29T20:27:00.481103805Z,sscartquery,northamerica-northeast1,modellearning,sscartquery-00011-jzl,sscartquery,cloud_run_revision,INFO,functions/Logic.java,2024-02-29T20:27:00.316670Z
65e0e89400042933910c1591,functions/Logic.java,service,cpu:=1140000000  rt:=1168396507,cloudfunctions,00d087f5e04921ffa2ae878763f0217abb165fe4fe9a2e8a027ba11aed30e41dbddf4fc8615626ade2ce81a05b33cc0543a90b189fc41ef2749e7ddb07fe1c9b9eae6c,projects/modellearning/logs/run.googleapis.com%2Fstdout,,2024-02-29T20:27:00.559407318Z,sscartquery,northamerica-northeast1,modellearning,sscartquery-00011-jzl,sscartquery,cloud_run_revision,INFO,functions/Logic.java,2024-02-29T20:27:00.272691Z
65e0e8940000aebdaaeec6c8,functions/Logic.java,service,cpu:=3820000000  rt:=3912197097,cloudfunctions,00d087f5e0fb53247b367efd3d5bd3eb6ec2079ea1f90edc419a49866437bf458cfeca444aeaa3b7daf5636b05c06cb47d5f161f950d27b45213cc036890ef6262ebf3,projects/modellearning/logs/run.googleapis.com%2Fstdout,,2024-02-29T20:27:00.227134487Z,sscartquery,northamerica-northeast1,modellearning,sscartquery-00011-jzl,sscartquery,cloud_run_revision,INFO,functions/Logic.java,2024-02-29T20:27:00.044733Z
65e0e893000ebef30730ea92,functions/Logic.java,service,cpu:=6330000000  rt:=6565893120,cloudfunctions,00d087f5e0508b90f669d2e778e5edb119d2cf95bbdf1d474990a4029916e734b09cb9a2fbea2793facea51d590b84a7b32d827e55698dd1314956e833b1573e692dea,projects/modellearning/logs/run.googleapis.com%2Fstdout,,2024-02-29T20:27:00.227134487Z,sscartquery,northamerica-northeast1,modellearning,sscartquery-00011-jzl,sscartquery,cloud_run_revision,INFO,functions/Logic.java,2024-02-29T20:26:59.966387Z
65e0e893000e8065c14d4241,functions/Logic.java,service,cpu:=850000000  rt:=874633550,cloudfunctions,00d087f5e06379a276e4a585f3c5060b28341f9ba1aae00b35146eef3c6bfe293ee854779cb36f3cc9ba10b75867900165815dba5f5fb35677f9397372dd0e41039340,projects/modellearning/logs/run.googleapis.com%2Fstdout,,2024-02-29T20:27:00.227134487Z,sscartquery,northamerica-northeast1,modellearning,sscartquery-00011-jzl,sscartquery,cloud_run_revision,INFO,functions/Logic.java,2024-02-29T20:26:59.950373Z
65e0e893000de3af578e94f7,functions/Logic.java,service,cpu:=460000000  rt:=496491389,cloudfunctions,00d087f5e0c28364f40a88ea65440fad99d864800ea3cc4f8b70fe4c04ce8ea9bd6aa21cc40c9f2508c1dde8fc79b324f27e029f2d84aed35c039754a5d33a775a009f,projects/modellearning/logs/run.googleapis.com%2Fstdout,,2024-02-29T20:27:00.227134487Z,sscartquery,northamerica-northeast1,modellearning,sscartquery-00011-jzl,sscartquery,cloud_run_revision,INFO,functions/Logic.java,2024-02-29T20:26:59.910255Z
65e0e893000d75b17563a0d1,functions/Logic.java,service,cpu:=20000000  rt:=18845360,cloudfunctions,00d087f5e07bdae58c1f4da3364551cac54ac5362bf1a9581e7d4bf9a32f14aae9b89d873ef09e84a16dbd253a49be122c24eb757e668e06c6c2cc19262d914e45e911,projects/modellearning/logs/run.googleapis.com%2Fstdout,,2024-02-29T20:26:59.894093313Z,sscartquery,northamerica-northeast1,modellearning,sscartquery-00011-jzl,sscartquery,cloud_run_revision,INFO,functions/Logic.java,2024-02-29T20:26:59.882097Z
65e0e893000c1cd51c5a2b66,functions/Logic.java,service,cpu:=1220000000  rt:=1458003560,cloudfunctions,00d087f5e0d2ec86d3e5125cd7f8c8da0159c6c9245f96f8b661fd58a2c43ac7b7746cbd693c48c899aa0e18c79c8f6e29e46ee53925108e8c6a70ca451f1b05c9a9d7,projects/modellearning/logs/run.googleapis.com%2Fstdout,,2024-02-29T20:26:59.894093313Z,sscartquery,northamerica-northeast1,modellearning,sscartquery-00011-jzl,sscartquery,cloud_run_revision,INFO,functions/Logic.java,2024-02-29T20:26:59.793813Z
65e0e893000aeec6d4883a46,functions/Logic.java,service,cpu:=660000000  rt:=1320193178,cloudfunctions,00d087f5e0d4d81528cf22cb133c2e4dd9a2c4ce3eab40a6348fdb235a3535110a2312ab0cf8d4076c1e91472dbd37c7a81eb9097195cd3f6758925e661bb3dd5e03a2,projects/modellearning/logs/run.googleapis.com%2Fstdout,,2024-02-29T20:26:59.814076027Z,sscartquery,northamerica-northeast1,modellearning,sscartquery-00011-jzl,sscartquery,cloud_run_revision,INFO,functions/Logic.java,2024-02-29T20:26:59.716486Z
65e0e8930005a329af687733,functions/Logic.java,service,cpu:=890000000  rt:=1178873470,cloudfunctions,00d087f5e07bdae58c1f4da3364551cac54ac5362bf1a9581e7d4bf9a32f14aae9b89d873ef09e84a16dbd253a49be122c24eb757e668e06c6c2cc19262d914e45e911,projects/modellearning/logs/run.googleapis.com%2Fstdout,,2024-02-29T20:26:59.561239321Z,sscartquery,northamerica-northeast1,modellearning,sscartquery-00011-jzl,sscartquery,cloud_run_revision,INFO,functions/Logic.java,2024-02-29T20:26:59.369449Z
65e0e89300020cf87a583ee5,functions/Logic.java,service,cpu:=2460000000  rt:=2568595147,cloudfunctions,00d087f5e0c28364f40a88ea65440fad99d864800ea3cc4f8b70fe4c04ce8ea9bd6aa21cc40c9f2508c1dde8fc79b324f27e029f2d84aed35c039754a5d33a775a009f,projects/modellearning/logs/run.googleapis.com%2Fstdout,,2024-02-29T20:26:59.227314139Z,sscartquery,northamerica-northeast1,modellearning,sscartquery-00011-jzl,sscartquery,cloud_run_revision,INFO,functions/Logic.java,2024-02-29T20:26:59.134392Z
65e0e893000086de42fc0b2c,functions/Logic.java,service,cpu:=2100000000  rt:=698665078,cloudfunctions,00d087f5e0d2ec86d3e5125cd7f8c8da0159c6c9245f96f8b661fd58a2c43ac7b7746cbd693c48c899aa0e18c79c8f6e29e46ee53925108e8c6a70ca451f1b05c9a9d7,projects/modellearning/logs/run.googleapis.com%2Fstdout,,2024-02-29T20:26:59.227314139Z,sscartquery,northamerica-northeast1,modellearning,sscartquery-00011-jzl,sscartquery,cloud_run_revision,INFO,functions/Logic.java,2024-02-29T20:26:59.034526Z
65e0e892000ead88bd4931ba,functions/Logic.java,service,cpu:=500000000  rt:=690668296,cloudfunctions,00d087f5e025f1412d457ac9df76d9971bbb653901e64de3964b6771b432461e319b79b0f00c478208807a6c7a3fbf8874fe0596d4f63281afed598300217590a2678e,projects/modellearning/logs/run.googleapis.com%2Fstdout,,2024-02-29T20:26:59.227314139Z,sscartquery,northamerica-northeast1,modellearning,sscartquery-00011-jzl,sscartquery,cloud_run_revision,INFO,functions/Logic.java,2024-02-29T20:26:58.961928Z
65e0e892000e62cf096ed79b,functions/Logic.java,service,cpu:=290000000  rt:=290882467,cloudfunctions,00d087f5e04921ffa2ae878763f0217abb165fe4fe9a2e8a027ba11aed30e41dbddf4fc8615626ade2ce81a05b33cc0543a90b189fc41ef2749e7ddb07fe1c9b9eae6c,projects/modellearning/logs/run.googleapis.com%2Fstdout,,2024-02-29T20:26:59.227314139Z,sscartquery,northamerica-northeast1,modellearning,sscartquery-00011-jzl,sscartquery,cloud_run_revision,INFO,functions/Logic.java,2024-02-29T20:26:58.942799Z
65e0e892000e4198e12956d5,functions/Logic.java,service,cpu:=450000000  rt:=578438990,cloudfunctions,00d087f5e06379a276e4a585f3c5060b28341f9ba1aae00b35146eef3c6bfe293ee854779cb36f3cc9ba10b75867900165815dba5f5fb35677f9397372dd0e41039340,projects/modellearning/logs/run.googleapis.com%2Fstdout,,2024-02-29T20:26:59.227314139Z,sscartquery,northamerica-northeast1,modellearning,sscartquery-00011-jzl,sscartquery,cloud_run_revision,INFO,functions/Logic.java,2024-02-29T20:26:58.934296Z
65e0e8920008c0e875c5c09f,functions/Logic.java,service,cpu:=-4030000000  rt:=217782749,cloudfunctions,00d087f5e06379a276e4a585f3c5060b28341f9ba1aae00b35146eef3c6bfe293ee854779cb36f3cc9ba10b75867900165815dba5f5fb35677f9397372dd0e41039340,projects/modellearning/logs/run.googleapis.com%2Fstdout,,2024-02-29T20:26:58.895009793Z,sscartquery,northamerica-northeast1,modellearning,sscartquery-00011-jzl,sscartquery,cloud_run_revision,INFO,functions/Logic.java,2024-02-29T20:26:58.573672Z
65e0e89200089d9df81f4911,functions/Logic.java,service,cpu:=110000000  rt:=110149292,cloudfunctions,00d087f5e04921ffa2ae878763f0217abb165fe4fe9a2e8a027ba11aed30e41dbddf4fc8615626ade2ce81a05b33cc0543a90b189fc41ef2749e7ddb07fe1c9b9eae6c,projects/modellearning/logs/run.googleapis.com%2Fstdout,,2024-02-29T20:26:58.895009793Z,sscartquery,northamerica-northeast1,modellearning,sscartquery-00011-jzl,sscartquery,cloud_run_revision,INFO,functions/Logic.java,2024-02-29T20:26:58.564637Z
65e0e892000827c6b67d5810,functions/Logic.java,service,cpu:=140000000  rt:=343686604,cloudfunctions,00d087f5e07bdae58c1f4da3364551cac54ac5362bf1a9581e7d4bf9a32f14aae9b89d873ef09e84a16dbd253a49be122c24eb757e668e06c6c2cc19262d914e45e911,projects/modellearning/logs/run.googleapis.com%2Fstdout,,2024-02-29T20:26:58.561246613Z,sscartquery,northamerica-northeast1,modellearning,sscartquery-00011-jzl,sscartquery,cloud_run_revision,INFO,functions/Logic.java,2024-02-29T20:26:58.534470Z
65e0e892000646c05a561d4e,functions/Logic.java,service,cpu:=2560000000  rt:=2662309188,cloudfunctions,00d087f5e04921ffa2ae878763f0217abb165fe4fe9a2e8a027ba11aed30e41dbddf4fc8615626ade2ce81a05b33cc0543a90b189fc41ef2749e7ddb07fe1c9b9eae6c,projects/modellearning/logs/run.googleapis.com%2Fstdout,,2024-02-29T20:26:58.561246613Z,sscartquery,northamerica-northeast1,modellearning,sscartquery-00011-jzl,sscartquery,cloud_run_revision,INFO,functions/Logic.java,2024-02-29T20:26:58.411328Z
65e0e8920000860e0ec34915,functions/Logic.java,service,cpu:=580000000  rt:=606104133,cloudfunctions,00d087f5e0b82d4393d4a7bbb7f14727933f8b96724a91b37d40394984760349848f0c657a1b55ad143d87d15617c08a8ba76acddb65a7eb3b550a40e4aceccdfb8d33,projects/modellearning/logs/run.googleapis.com%2Fstdout,,2024-02-29T20:26:58.228963010Z,sscartquery,northamerica-northeast1,modellearning,sscartquery-00011-jzl,sscartquery,cloud_run_revision,INFO,functions/Logic.java,2024-02-29T20:26:58.034318Z
65e0e891000cbb71c70206cf,functions/Logic.java,service,cpu:=250000000  rt:=253949717,cloudfunctions,00d087f5e0d2ec86d3e5125cd7f8c8da0159c6c9245f96f8b661fd58a2c43ac7b7746cbd693c48c899aa0e18c79c8f6e29e46ee53925108e8c6a70ca451f1b05c9a9d7,projects/modellearning/logs/run.googleapis.com%2Fstdout,,2024-02-29T20:26:57.896370400Z,sscartquery,northamerica-northeast1,modellearning,sscartquery-00011-jzl,sscartquery,cloud_run_revision,INFO,functions/Logic.java,2024-02-29T20:26:57.834417Z
65e0e8910009e4daf087421c,functions/Logic.java,service,cpu:=500000000  rt:=502305302,cloudfunctions,00d087f5e025f1412d457ac9df76d9971bbb653901e64de3964b6771b432461e319b79b0f00c478208807a6c7a3fbf8874fe0596d4f63281afed598300217590a2678e,projects/modellearning/logs/run.googleapis.com%2Fstdout,,2024-02-29T20:26:57.896370400Z,sscartquery,northamerica-northeast1,modellearning,sscartquery-00011-jzl,sscartquery,cloud_run_revision,INFO,functions/Logic.java,2024-02-29T20:26:57.648410Z
65e0e8910001886455052586,functions/Logic.java,service,cpu:=650000000  rt:=701705439,cloudfunctions,00d087f5e06379a276e4a585f3c5060b28341f9ba1aae00b35146eef3c6bfe293ee854779cb36f3cc9ba10b75867900165815dba5f5fb35677f9397372dd0e41039340,projects/modellearning/logs/run.googleapis.com%2Fstdout,,2024-02-29T20:26:57.228908404Z,sscartquery,northamerica-northeast1,modellearning,sscartquery-00011-jzl,sscartquery,cloud_run_revision,INFO,functions/Logic.java,2024-02-29T20:26:57.100452Z
65e0e890000ef490b4181de8,functions/Logic.java,service,cpu:=970000000  rt:=998439801,cloudfunctions,00d087f5e0d2ec86d3e5125cd7f8c8da0159c6c9245f96f8b661fd58a2c43ac7b7746cbd693c48c899aa0e18c79c8f6e29e46ee53925108e8c6a70ca451f1b05c9a9d7,projects/modellearning/logs/run.googleapis.com%2Fstdout,,2024-02-29T20:26:57.228908404Z,sscartquery,northamerica-northeast1,modellearning,sscartquery-00011-jzl,sscartquery,cloud_run_revision,INFO,functions/Logic.java,2024-02-29T20:26:56.980112Z
65e0e890000e709bd18fa540,functions/Logic.java,service,cpu:=310000000  rt:=321002974,cloudfunctions,00d087f5e07bdae58c1f4da3364551cac54ac5362bf1a9581e7d4bf9a32f14aae9b89d873ef09e84a16dbd253a49be122c24eb757e668e06c6c2cc19262d914e45e911,projects/modellearning/logs/run.googleapis.com%2Fstdout,,2024-02-29T20:26:57.228908404Z,sscartquery,northamerica-northeast1,modellearning,sscartquery-00011-jzl,sscartquery,cloud_run_revision,INFO,functions/Logic.java,2024-02-29T20:26:56.946331Z
65e0e890000da8d4a3355286,functions/Logic.java,service,cpu:=240000000  rt:=239555481,cloudfunctions,00d087f5e0d4d81528cf22cb133c2e4dd9a2c4ce3eab40a6348fdb235a3535110a2312ab0cf8d4076c1e91472dbd37c7a81eb9097195cd3f6758925e661bb3dd5e03a2,projects/modellearning/logs/run.googleapis.com%2Fstdout,,2024-02-29T20:26:57.151062894Z,sscartquery,northamerica-northeast1,modellearning,sscartquery-00011-jzl,sscartquery,cloud_run_revision,INFO,functions/Logic.java,2024-02-29T20:26:56.895188Z
65e0e890000957ef6e43c746,functions/Logic.java,service,cpu:=20000000  rt:=24401454,cloudfunctions,00d087f5e0b82d4393d4a7bbb7f14727933f8b96724a91b37d40394984760349848f0c657a1b55ad143d87d15617c08a8ba76acddb65a7eb3b550a40e4aceccdfb8d33,projects/modellearning/logs/run.googleapis.com%2Fstdout,,2024-02-29T20:26:56.895727873Z,sscartquery,northamerica-northeast1,modellearning,sscartquery-00011-jzl,sscartquery,cloud_run_revision,INFO,functions/Logic.java,2024-02-29T20:26:56.612335Z
65e0e890000827296ee240d9,functions/Logic.java,service,cpu:=170000000  rt:=176838524,cloudfunctions,00d087f5e025f1412d457ac9df76d9971bbb653901e64de3964b6771b432461e319b79b0f00c478208807a6c7a3fbf8874fe0596d4f63281afed598300217590a2678e,projects/modellearning/logs/run.googleapis.com%2Fstdout,,2024-02-29T20:26:56.563031671Z,sscartquery,northamerica-northeast1,modellearning,sscartquery-00011-jzl,sscartquery,cloud_run_revision,INFO,functions/Logic.java,2024-02-29T20:26:56.534313Z
65e0e8900007e212dda14b4d,functions/Logic.java,service,cpu:=240000000  rt:=265494677,cloudfunctions,00d087f5e0d4d81528cf22cb133c2e4dd9a2c4ce3eab40a6348fdb235a3535110a2312ab0cf8d4076c1e91472dbd37c7a81eb9097195cd3f6758925e661bb3dd5e03a2,projects/modellearning/logs/run.googleapis.com%2Fstdout,,2024-02-29T20:26:56.817987940Z,sscartquery,northamerica-northeast1,modellearning,sscartquery-00011-jzl,sscartquery,cloud_run_revision,INFO,functions/Logic.java,2024-02-29T20:26:56.516626Z
65e0e890000548254ef69feb,functions/Logic.java,service,cpu:=80000000  rt:=100347191,cloudfunctions,00d087f5e096f10c047c63271bf3ad0a02126a02b2e38fa8048979e18ea67d746ffa403f88d9a80d0fd5b28bb55609f2a74100003294e282c98f0e4563ee611fd74e6e,projects/modellearning/logs/run.googleapis.com%2Fstdout,,2024-02-29T20:26:56.563031671Z,sscartquery,northamerica-northeast1,modellearning,sscartquery-00011-jzl,sscartquery,cloud_run_revision,INFO,functions/Logic.java,2024-02-29T20:26:56.346149Z
65e0e890000484a15fee6ec0,functions/Logic.java,service,cpu:=30000000  rt:=29578033,cloudfunctions,00d087f5e07bdae58c1f4da3364551cac54ac5362bf1a9581e7d4bf9a32f14aae9b89d873ef09e84a16dbd253a49be122c24eb757e668e06c6c2cc19262d914e45e911,projects/modellearning/logs/run.googleapis.com%2Fstdout,,2024-02-29T20:26:56.563031671Z,sscartquery,northamerica-northeast1,modellearning,sscartquery-00011-jzl,sscartquery,cloud_run_revision,INFO,functions/Logic.java,2024-02-29T20:26:56.296097Z
65e0e8900003e3baff880e57,functions/Logic.java,service,cpu:=450000000  rt:=508644887,cloudfunctions,00d087f5e0b82d4393d4a7bbb7f14727933f8b96724a91b37d40394984760349848f0c657a1b55ad143d87d15617c08a8ba76acddb65a7eb3b550a40e4aceccdfb8d33,projects/modellearning/logs/run.googleapis.com%2Fstdout,,2024-02-29T20:26:56.563031671Z,sscartquery,northamerica-northeast1,modellearning,sscartquery-00011-jzl,sscartquery,cloud_run_revision,INFO,functions/Logic.java,2024-02-29T20:26:56.254906Z
65e0e8900002e35e1c31dba1,functions/Logic.java,service,cpu:=1000000000  rt:=1018790428,cloudfunctions,00d087f5e0c28364f40a88ea65440fad99d864800ea3cc4f8b70fe4c04ce8ea9bd6aa21cc40c9f2508c1dde8fc79b324f27e029f2d84aed35c039754a5d33a775a009f,projects/modellearning/logs/run.googleapis.com%2Fstdout,,2024-02-29T20:26:56.229958994Z,sscartquery,northamerica-northeast1,modellearning,sscartquery-00011-jzl,sscartquery,cloud_run_revision,INFO,functions/Logic.java,2024-02-29T20:26:56.189278Z
65e0e88f000f06c4a66557e7,functions/Logic.java,service,cpu:=2620000000  rt:=2708569118,cloudfunctions,00d087f5e0fb53247b367efd3d5bd3eb6ec2079ea1f90edc419a49866437bf458cfeca444aeaa3b7daf5636b05c06cb47d5f161f950d27b45213cc036890ef6262ebf3,projects/modellearning/logs/run.googleapis.com%2Fstdout,,2024-02-29T20:26:56.229958994Z,sscartquery,northamerica-northeast1,modellearning,sscartquery-00011-jzl,sscartquery,cloud_run_revision,INFO,functions/Logic.java,2024-02-29T20:26:55.984772Z
65e0e88f000d8059fc09023e,functions/Logic.java,service,cpu:=390000000  rt:=396785296,cloudfunctions,00d087f5e06379a276e4a585f3c5060b28341f9ba1aae00b35146eef3c6bfe293ee854779cb36f3cc9ba10b75867900165815dba5f5fb35677f9397372dd0e41039340,projects/modellearning/logs/run.googleapis.com%2Fstdout,,2024-02-29T20:26:55.897195194Z,sscartquery,northamerica-northeast1,modellearning,sscartquery-00011-jzl,sscartquery,cloud_run_revision,INFO,functions/Logic.java,2024-02-29T20:26:55.884825Z
65e0e88f000bbf5d1ed70c28,functions/Logic.java,service,cpu:=140000000  rt:=150562962,cloudfunctions,00d087f5e025f1412d457ac9df76d9971bbb653901e64de3964b6771b432461e319b79b0f00c478208807a6c7a3fbf8874fe0596d4f63281afed598300217590a2678e,projects/modellearning/logs/run.googleapis.com%2Fstdout,,2024-02-29T20:26:55.897195194Z,sscartquery,northamerica-northeast1,modellearning,sscartquery-00011-jzl,sscartquery,cloud_run_revision,INFO,functions/Logic.java,2024-02-29T20:26:55.769885Z
65e0e88f000864bb58d1a553,functions/Logic.java,service,cpu:=500000000  rt:=530761217,cloudfunctions,00d087f5e07bdae58c1f4da3364551cac54ac5362bf1a9581e7d4bf9a32f14aae9b89d873ef09e84a16dbd253a49be122c24eb757e668e06c6c2cc19262d914e45e911,projects/modellearning/logs/run.googleapis.com%2Fstdout,,2024-02-29T20:26:55.564174049Z,sscartquery,northamerica-northeast1,modellearning,sscartquery-00011-jzl,sscartquery,cloud_run_revision,INFO,functions/Logic.java,2024-02-29T20:26:55.550075Z
65e0e88f00074d356103100c,functions/Logic.java,service,cpu:=320000000  rt:=325911792,cloudfunctions,00d087f5e096f10c047c63271bf3ad0a02126a02b2e38fa8048979e18ea67d746ffa403f88d9a80d0fd5b28bb55609f2a74100003294e282c98f0e4563ee611fd74e6e,projects/modellearning/logs/run.googleapis.com%2Fstdout,,2024-02-29T20:26:55.564174049Z,sscartquery,northamerica-northeast1,modellearning,sscartquery-00011-jzl,sscartquery,cloud_run_revision,INFO,functions/Logic.java,2024-02-29T20:26:55.478517Z
65e0e88f0006a0f2af8b6c02,functions/Logic.java,service,cpu:=860000000  rt:=876660405,cloudfunctions,00d087f5e0d2ec86d3e5125cd7f8c8da0159c6c9245f96f8b661fd58a2c43ac7b7746cbd693c48c899aa0e18c79c8f6e29e46ee53925108e8c6a70ca451f1b05c9a9d7,projects/modellearning/logs/run.googleapis.com%2Fstdout,,2024-02-29T20:26:55.564174049Z,sscartquery,northamerica-northeast1,modellearning,sscartquery-00011-jzl,sscartquery,cloud_run_revision,INFO,functions/Logic.java,2024-02-29T20:26:55.434418Z
65e0e88f0005b027cd32cdde,functions/Logic.java,service,cpu:=760000000  rt:=813520039,cloudfunctions,00d087f5e04921ffa2ae878763f0217abb165fe4fe9a2e8a027ba11aed30e41dbddf4fc8615626ade2ce81a05b33cc0543a90b189fc41ef2749e7ddb07fe1c9b9eae6c,projects/modellearning/logs/run.googleapis.com%2Fstdout,,2024-02-29T20:26:55.564174049Z,sscartquery,northamerica-northeast1,modellearning,sscartquery-00011-jzl,sscartquery,cloud_run_revision,INFO,functions/Logic.java,2024-02-29T20:26:55.372775Z
65e0e88f0003938bc4dfb6c0,functions/Logic.java,service,cpu:=840000000  rt:=861304849,cloudfunctions,00d087f5e0b82d4393d4a7bbb7f14727933f8b96724a91b37d40394984760349848f0c657a1b55ad143d87d15617c08a8ba76acddb65a7eb3b550a40e4aceccdfb8d33,projects/modellearning/logs/run.googleapis.com%2Fstdout,,2024-02-29T20:26:55.564174049Z,sscartquery,northamerica-northeast1,modellearning,sscartquery-00011-jzl,sscartquery,cloud_run_revision,INFO,functions/Logic.java,2024-02-29T20:26:55.234379Z
65e0e88f000127dab5227d41,functions/Logic.java,service,cpu:=360000000  rt:=394036585,cloudfunctions,00d087f5e025f1412d457ac9df76d9971bbb653901e64de3964b6771b432461e319b79b0f00c478208807a6c7a3fbf8874fe0596d4f63281afed598300217590a2678e,projects/modellearning/logs/run.googleapis.com%2Fstdout,,2024-02-29T20:26:55.230636482Z,sscartquery,northamerica-northeast1,modellearning,sscartquery-00011-jzl,sscartquery,cloud_run_revision,INFO,functions/Logic.java,2024-02-29T20:26:55.075738Z
65e0e88e000dd07886ab43a5,functions/Logic.java,service,cpu:=570000000  rt:=596997694,cloudfunctions,00d087f5e06379a276e4a585f3c5060b28341f9ba1aae00b35146eef3c6bfe293ee854779cb36f3cc9ba10b75867900165815dba5f5fb35677f9397372dd0e41039340,projects/modellearning/logs/run.googleapis.com%2Fstdout,,2024-02-29T20:26:55.230636482Z,sscartquery,northamerica-northeast1,modellearning,sscartquery-00011-jzl,sscartquery,cloud_run_revision,INFO,functions/Logic.java,2024-02-29T20:26:54.905336Z
65e0e88e000d1a35601c7bc0,functions/Logic.java,service,cpu:=110000000  rt:=113753882,cloudfunctions,00d087f5e0c28364f40a88ea65440fad99d864800ea3cc4f8b70fe4c04ce8ea9bd6aa21cc40c9f2508c1dde8fc79b324f27e029f2d84aed35c039754a5d33a775a009f,projects/modellearning/logs/run.googleapis.com%2Fstdout,,2024-02-29T20:26:54.898026428Z,sscartquery,northamerica-northeast1,modellearning,sscartquery-00011-jzl,sscartquery,cloud_run_revision,INFO,functions/Logic.java,2024-02-29T20:26:54.858677Z
65e0e88e000ce5b007873db6,functions/Logic.java,service,cpu:=630000000  rt:=642808880,cloudfunctions,00d087f5e096f10c047c63271bf3ad0a02126a02b2e38fa8048979e18ea67d746ffa403f88d9a80d0fd5b28bb55609f2a74100003294e282c98f0e4563ee611fd74e6e,projects/modellearning/logs/run.googleapis.com%2Fstdout,,2024-02-29T20:26:54.898026428Z,sscartquery,northamerica-northeast1,modellearning,sscartquery-00011-jzl,sscartquery,cloud_run_revision,INFO,functions/Logic.java,2024-02-29T20:26:54.845232Z
65e0e88e0009ae64fcc07a22,functions/Logic.java,service,cpu:=90000000  rt:=92944538,cloudfunctions,00d087f5e07bdae58c1f4da3364551cac54ac5362bf1a9581e7d4bf9a32f14aae9b89d873ef09e84a16dbd253a49be122c24eb757e668e06c6c2cc19262d914e45e911,projects/modellearning/logs/run.googleapis.com%2Fstdout,,2024-02-29T20:26:54.898026428Z,sscartquery,northamerica-northeast1,modellearning,sscartquery-00011-jzl,sscartquery,cloud_run_revision,INFO,functions/Logic.java,2024-02-29T20:26:54.634468Z
65e0e88e0006049eebd98cbe,functions/Logic.java,service,cpu:=890000000  rt:=907989633,cloudfunctions,00d087f5e0c28364f40a88ea65440fad99d864800ea3cc4f8b70fe4c04ce8ea9bd6aa21cc40c9f2508c1dde8fc79b324f27e029f2d84aed35c039754a5d33a775a009f,projects/modellearning/logs/run.googleapis.com%2Fstdout,,2024-02-29T20:26:54.565553088Z,sscartquery,northamerica-northeast1,modellearning,sscartquery-00011-jzl,sscartquery,cloud_run_revision,INFO,functions/Logic.java,2024-02-29T20:26:54.394398Z
65e0e88e00020ccb48043e72,functions/Logic.java,service,cpu:=510000000  rt:=527934176,cloudfunctions,00d087f5e025f1412d457ac9df76d9971bbb653901e64de3964b6771b432461e319b79b0f00c478208807a6c7a3fbf8874fe0596d4f63281afed598300217590a2678e,projects/modellearning/logs/run.googleapis.com%2Fstdout,,2024-02-29T20:26:54.232822458Z,sscartquery,northamerica-northeast1,modellearning,sscartquery-00011-jzl,sscartquery,cloud_run_revision,INFO,functions/Logic.java,2024-02-29T20:26:54.134347Z
65e0e88e000090c75b839fb5,functions/Logic.java,service,cpu:=930000000  rt:=971120211,cloudfunctions,00d087f5e04921ffa2ae878763f0217abb165fe4fe9a2e8a027ba11aed30e41dbddf4fc8615626ade2ce81a05b33cc0543a90b189fc41ef2749e7ddb07fe1c9b9eae6c,projects/modellearning/logs/run.googleapis.com%2Fstdout,,2024-02-29T20:26:54.232822458Z,sscartquery,northamerica-northeast1,modellearning,sscartquery-00011-jzl,sscartquery,cloud_run_revision,INFO,functions/Logic.java,2024-02-29T20:26:54.037063Z
65e0e88d0009f53783ef6f41,functions/Logic.java,service,cpu:=790000000  rt:=810194546,cloudfunctions,00d087f5e0d2ec86d3e5125cd7f8c8da0159c6c9245f96f8b661fd58a2c43ac7b7746cbd693c48c899aa0e18c79c8f6e29e46ee53925108e8c6a70ca451f1b05c9a9d7,projects/modellearning/logs/run.googleapis.com%2Fstdout,,2024-02-29T20:26:53.898878153Z,sscartquery,northamerica-northeast1,modellearning,sscartquery-00011-jzl,sscartquery,cloud_run_revision,INFO,functions/Logic.java,2024-02-29T20:26:53.652599Z
65e0e88d0008889a5c49ead7,functions/Logic.java,service,cpu:=50000000  rt:=48814734,cloudfunctions,00d087f5e07bdae58c1f4da3364551cac54ac5362bf1a9581e7d4bf9a32f14aae9b89d873ef09e84a16dbd253a49be122c24eb757e668e06c6c2cc19262d914e45e911,projects/modellearning/logs/run.googleapis.com%2Fstdout,,2024-02-29T20:26:53.565826754Z,sscartquery,northamerica-northeast1,modellearning,sscartquery-00011-jzl,sscartquery,cloud_run_revision,INFO,functions/Logic.java,2024-02-29T20:26:53.559258Z
65e0e88d0005cbaf1b35973b,functions/Logic.java,service,cpu:=140000000  rt:=134457478,cloudfunctions,00d087f5e0d4d81528cf22cb133c2e4dd9a2c4ce3eab40a6348fdb235a3535110a2312ab0cf8d4076c1e91472dbd37c7a81eb9097195cd3f6758925e661bb3dd5e03a2,projects/modellearning/logs/run.googleapis.com%2Fstdout,,2024-02-29T20:26:53.487488399Z,sscartquery,northamerica-northeast1,modellearning,sscartquery-00011-jzl,sscartquery,cloud_run_revision,INFO,functions/Logic.java,2024-02-29T20:26:53.379823Z
65e0e88d00027716a6374df3,functions/Logic.java,service,cpu:=1890000000  rt:=1990961463,cloudfunctions,00d087f5e0b82d4393d4a7bbb7f14727933f8b96724a91b37d40394984760349848f0c657a1b55ad143d87d15617c08a8ba76acddb65a7eb3b550a40e4aceccdfb8d33,projects/modellearning/logs/run.googleapis.com%2Fstdout,,2024-02-29T20:26:53.232778324Z,sscartquery,northamerica-northeast1,modellearning,sscartquery-00011-jzl,sscartquery,cloud_run_revision,INFO,functions/Logic.java,2024-02-29T20:26:53.161558Z
65e0e88d000238db40feeb5a,functions/Logic.java,service,cpu:=530000000  rt:=536516930,cloudfunctions,00d087f5e0fb53247b367efd3d5bd3eb6ec2079ea1f90edc419a49866437bf458cfeca444aeaa3b7daf5636b05c06cb47d5f161f950d27b45213cc036890ef6262ebf3,projects/modellearning/logs/run.googleapis.com%2Fstdout,,2024-02-29T20:26:53.232778324Z,sscartquery,northamerica-northeast1,modellearning,sscartquery-00011-jzl,sscartquery,cloud_run_revision,INFO,functions/Logic.java,2024-02-29T20:26:53.145627Z
65e0e88d000086ac78c54d9b,functions/Logic.java,service,cpu:=4860000000  rt:=5078604480,cloudfunctions,00d087f5e06379a276e4a585f3c5060b28341f9ba1aae00b35146eef3c6bfe293ee854779cb36f3cc9ba10b75867900165815dba5f5fb35677f9397372dd0e41039340,projects/modellearning/logs/run.googleapis.com%2Fstdout,,2024-02-29T20:26:53.232778324Z,sscartquery,northamerica-northeast1,modellearning,sscartquery-00011-jzl,sscartquery,cloud_run_revision,INFO,functions/Logic.java,2024-02-29T20:26:53.034476Z
65e0e88c000d53450bec4b48,functions/Logic.java,service,cpu:=1650000000  rt:=1714691502,cloudfunctions,00d087f5e096f10c047c63271bf3ad0a02126a02b2e38fa8048979e18ea67d746ffa403f88d9a80d0fd5b28bb55609f2a74100003294e282c98f0e4563ee611fd74e6e,projects/modellearning/logs/run.googleapis.com%2Fstdout,,2024-02-29T20:26:52.900007323Z,sscartquery,northamerica-northeast1,modellearning,sscartquery-00011-jzl,sscartquery,cloud_run_revision,INFO,functions/Logic.java,2024-02-29T20:26:52.873285Z
65e0e88c000cbbc13abb529d,functions/Logic.java,service,cpu:=1560000000  rt:=1609854194,cloudfunctions,00d087f5e025f1412d457ac9df76d9971bbb653901e64de3964b6771b432461e319b79b0f00c478208807a6c7a3fbf8874fe0596d4f63281afed598300217590a2678e,projects/modellearning/logs/run.googleapis.com%2Fstdout,,2024-02-29T20:26:52.900007323Z,sscartquery,northamerica-northeast1,modellearning,sscartquery-00011-jzl,sscartquery,cloud_run_revision,INFO,functions/Logic.java,2024-02-29T20:26:52.834497Z
65e0e88c000915106851ab2b,functions/Logic.java,service,cpu:=560000000  rt:=582121251,cloudfunctions,00d087f5e07bdae58c1f4da3364551cac54ac5362bf1a9581e7d4bf9a32f14aae9b89d873ef09e84a16dbd253a49be122c24eb757e668e06c6c2cc19262d914e45e911,projects/modellearning/logs/run.googleapis.com%2Fstdout,,2024-02-29T20:26:52.900007323Z,sscartquery,northamerica-northeast1,modellearning,sscartquery-00011-jzl,sscartquery,cloud_run_revision,INFO,functions/Logic.java,2024-02-29T20:26:52.595216Z
65e0e88c00055942169cef00,functions/Logic.java,service,cpu:=1040000000  rt:=1064059559,cloudfunctions,00d087f5e0c28364f40a88ea65440fad99d864800ea3cc4f8b70fe4c04ce8ea9bd6aa21cc40c9f2508c1dde8fc79b324f27e029f2d84aed35c039754a5d33a775a009f,projects/modellearning/logs/run.googleapis.com%2Fstdout,,2024-02-29T20:26:52.567371039Z,sscartquery,northamerica-northeast1,modellearning,sscartquery-00011-jzl,sscartquery,cloud_run_revision,INFO,functions/Logic.java,2024-02-29T20:26:52.350530Z
65e0e88c00039369c2d666b8,functions/Logic.java,service,cpu:=220000000  rt:=234700862,cloudfunctions,00d087f5e0508b90f669d2e778e5edb119d2cf95bbdf1d474990a4029916e734b09cb9a2fbea2793facea51d590b84a7b32d827e55698dd1314956e833b1573e692dea,projects/modellearning/logs/run.googleapis.com%2Fstdout,,2024-02-29T20:26:52.567371039Z,sscartquery,northamerica-northeast1,modellearning,sscartquery-00011-jzl,sscartquery,cloud_run_revision,INFO,functions/Logic.java,2024-02-29T20:26:52.234345Z
65e0e88c00008633ea2c880a,functions/Logic.java,service,cpu:=1430000000  rt:=1483169248,cloudfunctions,00d087f5e0fb53247b367efd3d5bd3eb6ec2079ea1f90edc419a49866437bf458cfeca444aeaa3b7daf5636b05c06cb47d5f161f950d27b45213cc036890ef6262ebf3,projects/modellearning/logs/run.googleapis.com%2Fstdout,,2024-02-29T20:26:52.233757998Z,sscartquery,northamerica-northeast1,modellearning,sscartquery-00011-jzl,sscartquery,cloud_run_revision,INFO,functions/Logic.java,2024-02-29T20:26:52.034355Z
65e0e88b000be96c7107ddce,functions/Logic.java,service,cpu:=900000000  rt:=928296795,cloudfunctions,00d087f5e0d4d81528cf22cb133c2e4dd9a2c4ce3eab40a6348fdb235a3535110a2312ab0cf8d4076c1e91472dbd37c7a81eb9097195cd3f6758925e661bb3dd5e03a2,projects/modellearning/logs/run.googleapis.com%2Fstdout,,2024-02-29T20:26:51.822467595Z,sscartquery,northamerica-northeast1,modellearning,sscartquery-00011-jzl,sscartquery,cloud_run_revision,INFO,functions/Logic.java,2024-02-29T20:26:51.780652Z
65e0e88b0009019f3b7d86a0,functions/Logic.java,service,cpu:=240000000  rt:=242312188,cloudfunctions,00d087f5e04921ffa2ae878763f0217abb165fe4fe9a2e8a027ba11aed30e41dbddf4fc8615626ade2ce81a05b33cc0543a90b189fc41ef2749e7ddb07fe1c9b9eae6c,projects/modellearning/logs/run.googleapis.com%2Fstdout,,2024-02-29T20:26:51.901872652Z,sscartquery,northamerica-northeast1,modellearning,sscartquery-00011-jzl,sscartquery,cloud_run_revision,INFO,functions/Logic.java,2024-02-29T20:26:51.590239Z
65e0e88b00082759c2e0f9fb,functions/Logic.java,service,cpu:=200000000  rt:=225877545,cloudfunctions,00d087f5e0d2ec86d3e5125cd7f8c8da0159c6c9245f96f8b661fd58a2c43ac7b7746cbd693c48c899aa0e18c79c8f6e29e46ee53925108e8c6a70ca451f1b05c9a9d7,projects/modellearning/logs/run.googleapis.com%2Fstdout,,2024-02-29T20:26:51.567639256Z,sscartquery,northamerica-northeast1,modellearning,sscartquery-00011-jzl,sscartquery,cloud_run_revision,INFO,functions/Logic.java,2024-02-29T20:26:51.534361Z
65e0e88b0003935d7fb36af2,functions/Logic.java,service,cpu:=1000000000  rt:=1043247865,cloudfunctions,00d087f5e07bdae58c1f4da3364551cac54ac5362bf1a9581e7d4bf9a32f14aae9b89d873ef09e84a16dbd253a49be122c24eb757e668e06c6c2cc19262d914e45e911,projects/modellearning/logs/run.googleapis.com%2Fstdout,,2024-02-29T20:26:51.567639256Z,sscartquery,northamerica-northeast1,modellearning,sscartquery-00011-jzl,sscartquery,cloud_run_revision,INFO,functions/Logic.java,2024-02-29T20:26:51.234333Z
65e0e88b000393394ed5717d,functions/Logic.java,service,cpu:=340000000  rt:=356065908,cloudfunctions,00d087f5e0508b90f669d2e778e5edb119d2cf95bbdf1d474990a4029916e734b09cb9a2fbea2793facea51d590b84a7b32d827e55698dd1314956e833b1573e692dea,projects/modellearning/logs/run.googleapis.com%2Fstdout,,2024-02-29T20:26:51.567639256Z,sscartquery,northamerica-northeast1,modellearning,sscartquery-00011-jzl,sscartquery,cloud_run_revision,INFO,functions/Logic.java,2024-02-29T20:26:51.234297Z
65e0e88a000e9a45687f909f,functions/Logic.java,service,cpu:=290000000  rt:=312963311,cloudfunctions,00d087f5e04921ffa2ae878763f0217abb165fe4fe9a2e8a027ba11aed30e41dbddf4fc8615626ade2ce81a05b33cc0543a90b189fc41ef2749e7ddb07fe1c9b9eae6c,projects/modellearning/logs/run.googleapis.com%2Fstdout,,2024-02-29T20:26:51.235846090Z,sscartquery,northamerica-northeast1,modellearning,sscartquery-00011-jzl,sscartquery,cloud_run_revision,INFO,functions/Logic.java,2024-02-29T20:26:50.956997Z
65e0e88a000b352edb24d52c,functions/Logic.java,service,cpu:=820000000  rt:=856572699,cloudfunctions,00d087f5e0d2ec86d3e5125cd7f8c8da0159c6c9245f96f8b661fd58a2c43ac7b7746cbd693c48c899aa0e18c79c8f6e29e46ee53925108e8c6a70ca451f1b05c9a9d7,projects/modellearning/logs/run.googleapis.com%2Fstdout,,2024-02-29T20:26:50.901775998Z,sscartquery,northamerica-northeast1,modellearning,sscartquery-00011-jzl,sscartquery,cloud_run_revision,INFO,functions/Logic.java,2024-02-29T20:26:50.734510Z
65e0e88a0008d0abde44a75c,functions/Logic.java,service,cpu:=1000000000  rt:=1033652852,cloudfunctions,00d087f5e0d4d81528cf22cb133c2e4dd9a2c4ce3eab40a6348fdb235a3535110a2312ab0cf8d4076c1e91472dbd37c7a81eb9097195cd3f6758925e661bb3dd5e03a2,projects/modellearning/logs/run.googleapis.com%2Fstdout,,2024-02-29T20:26:50.823412458Z,sscartquery,northamerica-northeast1,modellearning,sscartquery-00011-jzl,sscartquery,cloud_run_revision,INFO,functions/Logic.java,2024-02-29T20:26:50.577707Z
65e0e88a000509dc756a7e8e,functions/Logic.java,service,cpu:=590000000  rt:=606686939,cloudfunctions,00d087f5e0fb53247b367efd3d5bd3eb6ec2079ea1f90edc419a49866437bf458cfeca444aeaa3b7daf5636b05c06cb47d5f161f950d27b45213cc036890ef6262ebf3,projects/modellearning/logs/run.googleapis.com%2Fstdout,,2024-02-29T20:26:50.568690622Z,sscartquery,northamerica-northeast1,modellearning,sscartquery-00011-jzl,sscartquery,cloud_run_revision,INFO,functions/Logic.java,2024-02-29T20:26:50.330204Z
65e0e88a00047c242d657aec,functions/Logic.java,service,cpu:=130000000  rt:=131880350,cloudfunctions,00d087f5e0c28364f40a88ea65440fad99d864800ea3cc4f8b70fe4c04ce8ea9bd6aa21cc40c9f2508c1dde8fc79b324f27e029f2d84aed35c039754a5d33a775a009f,projects/modellearning/logs/run.googleapis.com%2Fstdout,,2024-02-29T20:26:50.568690622Z,sscartquery,northamerica-northeast1,modellearning,sscartquery-00011-jzl,sscartquery,cloud_run_revision,INFO,functions/Logic.java,2024-02-29T20:26:50.293924Z
65e0e88a00025f63e52f285c,functions/Logic.java,service,cpu:=1310000000  rt:=1335124679,cloudfunctions,00d087f5e025f1412d457ac9df76d9971bbb653901e64de3964b6771b432461e319b79b0f00c478208807a6c7a3fbf8874fe0596d4f63281afed598300217590a2678e,projects/modellearning/logs/run.googleapis.com%2Fstdout,,2024-02-29T20:26:50.236921396Z,sscartquery,northamerica-northeast1,modellearning,sscartquery-00011-jzl,sscartquery,cloud_run_revision,INFO,functions/Logic.java,2024-02-29T20:26:50.155491Z
65e0e88a00023c2c34e1346b,functions/Logic.java,service,cpu:=1040000000  rt:=1069089548,cloudfunctions,00d087f5e0b82d4393d4a7bbb7f14727933f8b96724a91b37d40394984760349848f0c657a1b55ad143d87d15617c08a8ba76acddb65a7eb3b550a40e4aceccdfb8d33,projects/modellearning/logs/run.googleapis.com%2Fstdout,,2024-02-29T20:26:50.236921396Z,sscartquery,northamerica-northeast1,modellearning,sscartquery-00011-jzl,sscartquery,cloud_run_revision,INFO,functions/Logic.java,2024-02-29T20:26:50.146476Z
65e0e88a000169248de3b0d8,functions/Logic.java,service,cpu:=2740000000  rt:=2837634314,cloudfunctions,00d087f5e096f10c047c63271bf3ad0a02126a02b2e38fa8048979e18ea67d746ffa403f88d9a80d0fd5b28bb55609f2a74100003294e282c98f0e4563ee611fd74e6e,projects/modellearning/logs/run.googleapis.com%2Fstdout,,2024-02-29T20:26:50.236921396Z,sscartquery,northamerica-northeast1,modellearning,sscartquery-00011-jzl,sscartquery,cloud_run_revision,INFO,functions/Logic.java,2024-02-29T20:26:50.092452Z
65e0e88a00014d7e414d8ed0,functions/Logic.java,service,cpu:=200000000  rt:=224520880,cloudfunctions,00d087f5e0508b90f669d2e778e5edb119d2cf95bbdf1d474990a4029916e734b09cb9a2fbea2793facea51d590b84a7b32d827e55698dd1314956e833b1573e692dea,projects/modellearning/logs/run.googleapis.com%2Fstdout,,2024-02-29T20:26:50.236921396Z,sscartquery,northamerica-northeast1,modellearning,sscartquery-00011-jzl,sscartquery,cloud_run_revision,INFO,functions/Logic.java,2024-02-29T20:26:50.085374Z
65e0e889000ee45a2ea91572,functions/Logic.java,service,cpu:=140000000  rt:=148095713,cloudfunctions,00d087f5e04921ffa2ae878763f0217abb165fe4fe9a2e8a027ba11aed30e41dbddf4fc8615626ade2ce81a05b33cc0543a90b189fc41ef2749e7ddb07fe1c9b9eae6c,projects/modellearning/logs/run.googleapis.com%2Fstdout,,2024-02-29T20:26:50.236921396Z,sscartquery,northamerica-northeast1,modellearning,sscartquery-00011-jzl,sscartquery,cloud_run_revision,INFO,functions/Logic.java,2024-02-29T20:26:49.975962Z
65e0e889000b37c0443a49d2,functions/Logic.java,service,cpu:=870000000  rt:=1154701130,cloudfunctions,00d087f5e07bdae58c1f4da3364551cac54ac5362bf1a9581e7d4bf9a32f14aae9b89d873ef09e84a16dbd253a49be122c24eb757e668e06c6c2cc19262d914e45e911,projects/modellearning/logs/run.googleapis.com%2Fstdout,,2024-02-29T20:26:49.902635241Z,sscartquery,northamerica-northeast1,modellearning,sscartquery-00011-jzl,sscartquery,cloud_run_revision,INFO,functions/Logic.java,2024-02-29T20:26:49.735168Z
65e0e8890009fe28d034973a,functions/Logic.java,service,cpu:=2040000000  rt:=2154569327,cloudfunctions,00d087f5e0c28364f40a88ea65440fad99d864800ea3cc4f8b70fe4c04ce8ea9bd6aa21cc40c9f2508c1dde8fc79b324f27e029f2d84aed35c039754a5d33a775a009f,projects/modellearning/logs/run.googleapis.com%2Fstdout,,2024-02-29T20:26:49.902635241Z,sscartquery,northamerica-northeast1,modellearning,sscartquery-00011-jzl,sscartquery,cloud_run_revision,INFO,functions/Logic.java,2024-02-29T20:26:49.654888Z
65e0e8890008dbfaac56b08d,functions/Logic.java,service,cpu:=420000000  rt:=431875252,cloudfunctions,00d087f5e0d2ec86d3e5125cd7f8c8da0159c6c9245f96f8b661fd58a2c43ac7b7746cbd693c48c899aa0e18c79c8f6e29e46ee53925108e8c6a70ca451f1b05c9a9d7,projects/modellearning/logs/run.googleapis.com%2Fstdout,,2024-02-29T20:26:49.902635241Z,sscartquery,northamerica-northeast1,modellearning,sscartquery-00011-jzl,sscartquery,cloud_run_revision,INFO,functions/Logic.java,2024-02-29T20:26:49.580602Z
65e0e8890007178d6880c88b,functions/Logic.java,service,cpu:=410000000  rt:=437533637,cloudfunctions,00d087f5e0fb53247b367efd3d5bd3eb6ec2079ea1f90edc419a49866437bf458cfeca444aeaa3b7daf5636b05c06cb47d5f161f950d27b45213cc036890ef6262ebf3,projects/modellearning/logs/run.googleapis.com%2Fstdout,,2024-02-29T20:26:49.570461270Z,sscartquery,northamerica-northeast1,modellearning,sscartquery-00011-jzl,sscartquery,cloud_run_revision,INFO,functions/Logic.java,2024-02-29T20:26:49.464781Z
65e0e8890006a0ac2957fb7e,functions/Logic.java,service,cpu:=1030000000  rt:=1110335353,cloudfunctions,00d087f5e0508b90f669d2e778e5edb119d2cf95bbdf1d474990a4029916e734b09cb9a2fbea2793facea51d590b84a7b32d827e55698dd1314956e833b1573e692dea,projects/modellearning/logs/run.googleapis.com%2Fstdout,,2024-02-29T20:26:49.570461270Z,sscartquery,northamerica-northeast1,modellearning,sscartquery-00011-jzl,sscartquery,cloud_run_revision,INFO,functions/Logic.java,2024-02-29T20:26:49.434348Z
65e0e8890003daef46a850bf,functions/Logic.java,service,cpu:=-19300000000  rt:=148698142,cloudfunctions,00d087f5e04921ffa2ae878763f0217abb165fe4fe9a2e8a027ba11aed30e41dbddf4fc8615626ade2ce81a05b33cc0543a90b189fc41ef2749e7ddb07fe1c9b9eae6c,projects/modellearning/logs/run.googleapis.com%2Fstdout,,2024-02-29T20:26:49.570461270Z,sscartquery,northamerica-northeast1,modellearning,sscartquery-00011-jzl,sscartquery,cloud_run_revision,INFO,functions/Logic.java,2024-02-29T20:26:49.252655Z
65e0e8890003a9bc2551a5b8,functions/Logic.java,service,cpu:=90000000  rt:=136166231,cloudfunctions,00d087f5e04921ffa2ae878763f0217abb165fe4fe9a2e8a027ba11aed30e41dbddf4fc8615626ade2ce81a05b33cc0543a90b189fc41ef2749e7ddb07fe1c9b9eae6c,projects/modellearning/logs/run.googleapis.com%2Fstdout,,2024-02-29T20:26:49.570461270Z,sscartquery,northamerica-northeast1,modellearning,sscartquery-00011-jzl,sscartquery,cloud_run_revision,INFO,functions/Logic.java,2024-02-29T20:26:49.240060Z
65e0e88900020d4b7f9cd01c,functions/Logic.java,service,cpu:=15530000000  rt:=553934565,cloudfunctions,00d087f5e07bdae58c1f4da3364551cac54ac5362bf1a9581e7d4bf9a32f14aae9b89d873ef09e84a16dbd253a49be122c24eb757e668e06c6c2cc19262d914e45e911,projects/modellearning/logs/run.googleapis.com%2Fstdout,,2024-02-29T20:26:49.237213242Z,sscartquery,northamerica-northeast1,modellearning,sscartquery-00011-jzl,sscartquery,cloud_run_revision,INFO,functions/Logic.java,2024-02-29T20:26:49.134475Z
65e0e8890001b73acab6d0a4,functions/Logic.java,service,cpu:=2530000000  rt:=2654364796,cloudfunctions,00d087f5e0d2ec86d3e5125cd7f8c8da0159c6c9245f96f8b661fd58a2c43ac7b7746cbd693c48c899aa0e18c79c8f6e29e46ee53925108e8c6a70ca451f1b05c9a9d7,projects/modellearning/logs/run.googleapis.com%2Fstdout,,2024-02-29T20:26:49.237213242Z,sscartquery,northamerica-northeast1,modellearning,sscartquery-00011-jzl,sscartquery,cloud_run_revision,INFO,functions/Logic.java,2024-02-29T20:26:49.112442Z
65e0e888000d6ad701e7c92d,functions/Logic.java,service,cpu:=340000000  rt:=341439550,cloudfunctions,00d087f5e0fb53247b367efd3d5bd3eb6ec2079ea1f90edc419a49866437bf458cfeca444aeaa3b7daf5636b05c06cb47d5f161f950d27b45213cc036890ef6262ebf3,projects/modellearning/logs/run.googleapis.com%2Fstdout,,2024-02-29T20:26:48.903536305Z,sscartquery,northamerica-northeast1,modellearning,sscartquery-00011-jzl,sscartquery,cloud_run_revision,INFO,functions/Logic.java,2024-02-29T20:26:48.879319Z
65e0e888000cbb2c4013352a,functions/Logic.java,service,cpu:=6410000000  rt:=860744499,cloudfunctions,00d087f5e0b82d4393d4a7bbb7f14727933f8b96724a91b37d40394984760349848f0c657a1b55ad143d87d15617c08a8ba76acddb65a7eb3b550a40e4aceccdfb8d33,projects/modellearning/logs/run.googleapis.com%2Fstdout,,2024-02-29T20:26:48.903536305Z,sscartquery,northamerica-northeast1,modellearning,sscartquery-00011-jzl,sscartquery,cloud_run_revision,INFO,functions/Logic.java,2024-02-29T20:26:48.834348Z
65e0e888000b34c907602e4c,functions/Logic.java,service,cpu:=890000000  rt:=968474802,cloudfunctions,00d087f5e025f1412d457ac9df76d9971bbb653901e64de3964b6771b432461e319b79b0f00c478208807a6c7a3fbf8874fe0596d4f63281afed598300217590a2678e,projects/modellearning/logs/run.googleapis.com%2Fstdout,,2024-02-29T20:26:48.903536305Z,sscartquery,northamerica-northeast1,modellearning,sscartquery-00011-jzl,sscartquery,cloud_run_revision,INFO,functions/Logic.java,2024-02-29T20:26:48.734409Z
65e0e888000b06d6476b80aa,functions/Logic.java,service,cpu:=6330000000  rt:=6512847599,cloudfunctions,00d087f5e0d4d81528cf22cb133c2e4dd9a2c4ce3eab40a6348fdb235a3535110a2312ab0cf8d4076c1e91472dbd37c7a81eb9097195cd3f6758925e661bb3dd5e03a2,projects/modellearning/logs/run.googleapis.com%2Fstdout,,2024-02-29T20:26:48.825459423Z,sscartquery,northamerica-northeast1,modellearning,sscartquery-00011-jzl,sscartquery,cloud_run_revision,INFO,functions/Logic.java,2024-02-29T20:26:48.722646Z
65e0e888000a1f9a1bdea850,functions/Logic.java,service,cpu:=390000000  rt:=689797374,cloudfunctions,00d087f5e0b82d4393d4a7bbb7f14727933f8b96724a91b37d40394984760349848f0c657a1b55ad143d87d15617c08a8ba76acddb65a7eb3b550a40e4aceccdfb8d33,projects/modellearning/logs/run.googleapis.com%2Fstdout,,2024-02-29T20:26:48.903536305Z,sscartquery,northamerica-northeast1,modellearning,sscartquery-00011-jzl,sscartquery,cloud_run_revision,INFO,functions/Logic.java,2024-02-29T20:26:48.663450Z
65e0e8880006af4705800429,functions/Logic.java,service,cpu:=1240000000  rt:=1262166883,cloudfunctions,00d087f5e0fb53247b367efd3d5bd3eb6ec2079ea1f90edc419a49866437bf458cfeca444aeaa3b7daf5636b05c06cb47d5f161f950d27b45213cc036890ef6262ebf3,projects/modellearning/logs/run.googleapis.com%2Fstdout,,2024-02-29T20:26:48.571423374Z,sscartquery,northamerica-northeast1,modellearning,sscartquery-00011-jzl,sscartquery,cloud_run_revision,INFO,functions/Logic.java,2024-02-29T20:26:48.438087Z
65e0e8880005f0145f5c7d7f,functions/Logic.java,service,cpu:=-1080000000  rt:=24860973,cloudfunctions,00d087f5e07bdae58c1f4da3364551cac54ac5362bf1a9581e7d4bf9a32f14aae9b89d873ef09e84a16dbd253a49be122c24eb757e668e06c6c2cc19262d914e45e911,projects/modellearning/logs/run.googleapis.com%2Fstdout,,2024-02-29T20:26:48.571423374Z,sscartquery,northamerica-northeast1,modellearning,sscartquery-00011-jzl,sscartquery,cloud_run_revision,INFO,functions/Logic.java,2024-02-29T20:26:48.389140Z
65e0e88800039f302c72cc69,functions/Logic.java,service,cpu:=380000000  rt:=406695520,cloudfunctions,00d087f5e07bdae58c1f4da3364551cac54ac5362bf1a9581e7d4bf9a32f14aae9b89d873ef09e84a16dbd253a49be122c24eb757e668e06c6c2cc19262d914e45e911,projects/modellearning/logs/run.googleapis.com%2Fstdout,,2024-02-29T20:26:48.571423374Z,sscartquery,northamerica-northeast1,modellearning,sscartquery-00011-jzl,sscartquery,cloud_run_revision,INFO,functions/Logic.java,2024-02-29T20:26:48.237360Z
65e0e88800010a203775f185,functions/Logic.java,service,cpu:=120000000  rt:=178200834,cloudfunctions,00d087f5e0508b90f669d2e778e5edb119d2cf95bbdf1d474990a4029916e734b09cb9a2fbea2793facea51d590b84a7b32d827e55698dd1314956e833b1573e692dea,projects/modellearning/logs/run.googleapis.com%2Fstdout,,2024-02-29T20:26:48.237380254Z,sscartquery,northamerica-northeast1,modellearning,sscartquery-00011-jzl,sscartquery,cloud_run_revision,INFO,functions/Logic.java,2024-02-29T20:26:48.068128Z
65e0e887000b937c72b021c3,functions/Logic.java,service,cpu:=570000000  rt:=578767406,cloudfunctions,00d087f5e06379a276e4a585f3c5060b28341f9ba1aae00b35146eef3c6bfe293ee854779cb36f3cc9ba10b75867900165815dba5f5fb35677f9397372dd0e41039340,projects/modellearning/logs/run.googleapis.com%2Fstdout,,2024-02-29T20:26:47.905687592Z,sscartquery,northamerica-northeast1,modellearning,sscartquery-00011-jzl,sscartquery,cloud_run_revision,INFO,functions/Logic.java,2024-02-29T20:26:47.758652Z
65e0e887000b370ab9deb9e3,functions/Logic.java,service,cpu:=180000000  rt:=182727669,cloudfunctions,00d087f5e04921ffa2ae878763f0217abb165fe4fe9a2e8a027ba11aed30e41dbddf4fc8615626ade2ce81a05b33cc0543a90b189fc41ef2749e7ddb07fe1c9b9eae6c,projects/modellearning/logs/run.googleapis.com%2Fstdout,,2024-02-29T20:26:47.905687592Z,sscartquery,northamerica-northeast1,modellearning,sscartquery-00011-jzl,sscartquery,cloud_run_revision,INFO,functions/Logic.java,2024-02-29T20:26:47.734986Z
65e0e88700093f3a73f1ba9f,functions/Logic.java,service,cpu:=1320000000  rt:=1789558000,cloudfunctions,00d087f5e0508b90f669d2e778e5edb119d2cf95bbdf1d474990a4029916e734b09cb9a2fbea2793facea51d590b84a7b32d827e55698dd1314956e833b1573e692dea,projects/modellearning/logs/run.googleapis.com%2Fstdout,,2024-02-29T20:26:47.905687592Z,sscartquery,northamerica-northeast1,modellearning,sscartquery-00011-jzl,sscartquery,cloud_run_revision,INFO,functions/Logic.java,2024-02-29T20:26:47.606010Z
65e0e8870008a338a571265a,functions/Logic.java,service,cpu:=380000000  rt:=386113242,cloudfunctions,00d087f5e07bdae58c1f4da3364551cac54ac5362bf1a9581e7d4bf9a32f14aae9b89d873ef09e84a16dbd253a49be122c24eb757e668e06c6c2cc19262d914e45e911,projects/modellearning/logs/run.googleapis.com%2Fstdout,,2024-02-29T20:26:47.571558152Z,sscartquery,northamerica-northeast1,modellearning,sscartquery-00011-jzl,sscartquery,cloud_run_revision,INFO,functions/Logic.java,2024-02-29T20:26:47.566072Z
65e0e8870005fd28fd7cf390,functions/Logic.java,service,cpu:=1110000000  rt:=1128326417,cloudfunctions,00d087f5e025f1412d457ac9df76d9971bbb653901e64de3964b6771b432461e319b79b0f00c478208807a6c7a3fbf8874fe0596d4f63281afed598300217590a2678e,projects/modellearning/logs/run.googleapis.com%2Fstdout,,2024-02-29T20:26:47.571558152Z,sscartquery,northamerica-northeast1,modellearning,sscartquery-00011-jzl,sscartquery,cloud_run_revision,INFO,functions/Logic.java,2024-02-29T20:26:47.392488Z
65e0e887000352fbfc1996fa,functions/Logic.java,service,cpu:=2390000000  rt:=2446322963,cloudfunctions,00d087f5e04921ffa2ae878763f0217abb165fe4fe9a2e8a027ba11aed30e41dbddf4fc8615626ade2ce81a05b33cc0543a90b189fc41ef2749e7ddb07fe1c9b9eae6c,projects/modellearning/logs/run.googleapis.com%2Fstdout,,2024-02-29T20:26:47.239740318Z,sscartquery,northamerica-northeast1,modellearning,sscartquery-00011-jzl,sscartquery,cloud_run_revision,INFO,functions/Logic.java,2024-02-29T20:26:47.217851Z
65e0e88700020d0870b6b3cc,functions/Logic.java,service,cpu:=1080000000  rt:=1124747207,cloudfunctions,00d087f5e0c28364f40a88ea65440fad99d864800ea3cc4f8b70fe4c04ce8ea9bd6aa21cc40c9f2508c1dde8fc79b324f27e029f2d84aed35c039754a5d33a775a009f,projects/modellearning/logs/run.googleapis.com%2Fstdout,,2024-02-29T20:26:47.239740318Z,sscartquery,northamerica-northeast1,modellearning,sscartquery-00011-jzl,sscartquery,cloud_run_revision,INFO,functions/Logic.java,2024-02-29T20:26:47.134408Z
65e0e887000189537f51c8cb,functions/Logic.java,service,cpu:=900000000  rt:=949818169,cloudfunctions,00d087f5e096f10c047c63271bf3ad0a02126a02b2e38fa8048979e18ea67d746ffa403f88d9a80d0fd5b28bb55609f2a74100003294e282c98f0e4563ee611fd74e6e,projects/modellearning/logs/run.googleapis.com%2Fstdout,,2024-02-29T20:26:47.239740318Z,sscartquery,northamerica-northeast1,modellearning,sscartquery-00011-jzl,sscartquery,cloud_run_revision,INFO,functions/Logic.java,2024-02-29T20:26:47.100691Z
65e0e886000dc2da67786fac,functions/Logic.java,service,cpu:=1460000000  rt:=1491407783,cloudfunctions,00d087f5e06379a276e4a585f3c5060b28341f9ba1aae00b35146eef3c6bfe293ee854779cb36f3cc9ba10b75867900165815dba5f5fb35677f9397372dd0e41039340,projects/modellearning/logs/run.googleapis.com%2Fstdout,,2024-02-29T20:26:46.907019891Z,sscartquery,northamerica-northeast1,modellearning,sscartquery-00011-jzl,sscartquery,cloud_run_revision,INFO,functions/Logic.java,2024-02-29T20:26:46.901850Z
65e0e886000d1abbaed286fb,functions/Logic.java,service,cpu:=1830000000  rt:=1875003089,cloudfunctions,00d087f5e0fb53247b367efd3d5bd3eb6ec2079ea1f90edc419a49866437bf458cfeca444aeaa3b7daf5636b05c06cb47d5f161f950d27b45213cc036890ef6262ebf3,projects/modellearning/logs/run.googleapis.com%2Fstdout,,2024-02-29T20:26:46.907019891Z,sscartquery,northamerica-northeast1,modellearning,sscartquery-00011-jzl,sscartquery,cloud_run_revision,INFO,functions/Logic.java,2024-02-29T20:26:46.858811Z
65e0e886000a59a768a62e29,functions/Logic.java,service,cpu:=460000000  rt:=862405756,cloudfunctions,00d087f5e0508b90f669d2e778e5edb119d2cf95bbdf1d474990a4029916e734b09cb9a2fbea2793facea51d590b84a7b32d827e55698dd1314956e833b1573e692dea,projects/modellearning/logs/run.googleapis.com%2Fstdout,,2024-02-29T20:26:46.907019891Z,sscartquery,northamerica-northeast1,modellearning,sscartquery-00011-jzl,sscartquery,cloud_run_revision,INFO,functions/Logic.java,2024-02-29T20:26:46.678311Z
65e0e8860008d5a3a10b52a9,functions/Logic.java,service,cpu:=110000000  rt:=105283704,cloudfunctions,00d087f5e07bdae58c1f4da3364551cac54ac5362bf1a9581e7d4bf9a32f14aae9b89d873ef09e84a16dbd253a49be122c24eb757e668e06c6c2cc19262d914e45e911,projects/modellearning/logs/run.googleapis.com%2Fstdout,,2024-02-29T20:26:46.907019891Z,sscartquery,northamerica-northeast1,modellearning,sscartquery-00011-jzl,sscartquery,cloud_run_revision,INFO,functions/Logic.java,2024-02-29T20:26:46.578979Z
65e0e8860008342bbe3e1bc4,functions/Logic.java,service,cpu:=980000000  rt:=1157733372,cloudfunctions,00d087f5e0b82d4393d4a7bbb7f14727933f8b96724a91b37d40394984760349848f0c657a1b55ad143d87d15617c08a8ba76acddb65a7eb3b550a40e4aceccdfb8d33,projects/modellearning/logs/run.googleapis.com%2Fstdout,,2024-02-29T20:26:46.572464789Z,sscartquery,northamerica-northeast1,modellearning,sscartquery-00011-jzl,sscartquery,cloud_run_revision,INFO,functions/Logic.java,2024-02-29T20:26:46.537643Z
65e0e88600059019ce379a5d,functions/Logic.java,service,cpu:=2430000000  rt:=2490529830,cloudfunctions,00d087f5e07bdae58c1f4da3364551cac54ac5362bf1a9581e7d4bf9a32f14aae9b89d873ef09e84a16dbd253a49be122c24eb757e668e06c6c2cc19262d914e45e911,projects/modellearning/logs/run.googleapis.com%2Fstdout,,2024-02-29T20:26:46.572464789Z,sscartquery,northamerica-northeast1,modellearning,sscartquery-00011-jzl,sscartquery,cloud_run_revision,INFO,functions/Logic.java,2024-02-29T20:26:46.364569Z
65e0e88600015424077b42db,functions/Logic.java,service,cpu:=1130000000  rt:=1184018038,cloudfunctions,00d087f5e0d2ec86d3e5125cd7f8c8da0159c6c9245f96f8b661fd58a2c43ac7b7746cbd693c48c899aa0e18c79c8f6e29e46ee53925108e8c6a70ca451f1b05c9a9d7,projects/modellearning/logs/run.googleapis.com%2Fstdout,,2024-02-29T20:26:46.240513718Z,sscartquery,northamerica-northeast1,modellearning,sscartquery-00011-jzl,sscartquery,cloud_run_revision,INFO,functions/Logic.java,2024-02-29T20:26:46.087076Z
65e0e88600014c80771d37ec,functions/Logic.java,service,cpu:=2100000000  rt:=2152895042,cloudfunctions,00d087f5e025f1412d457ac9df76d9971bbb653901e64de3964b6771b432461e319b79b0f00c478208807a6c7a3fbf8874fe0596d4f63281afed598300217590a2678e,projects/modellearning/logs/run.googleapis.com%2Fstdout,,2024-02-29T20:26:46.240513718Z,sscartquery,northamerica-northeast1,modellearning,sscartquery-00011-jzl,sscartquery,cloud_run_revision,INFO,functions/Logic.java,2024-02-29T20:26:46.085120Z
65e0e885000f35cb88e3670d,functions/Logic.java,service,cpu:=330000000  rt:=550825296,cloudfunctions,00d087f5e096f10c047c63271bf3ad0a02126a02b2e38fa8048979e18ea67d746ffa403f88d9a80d0fd5b28bb55609f2a74100003294e282c98f0e4563ee611fd74e6e,projects/modellearning/logs/run.googleapis.com%2Fstdout,,2024-02-29T20:26:46.240513718Z,sscartquery,northamerica-northeast1,modellearning,sscartquery-00011-jzl,sscartquery,cloud_run_revision,INFO,functions/Logic.java,2024-02-29T20:26:45.996811Z
65e0e885000f006c9ddee3b4,functions/Logic.java,service,cpu:=170000000  rt:=172630255,cloudfunctions,00d087f5e0c28364f40a88ea65440fad99d864800ea3cc4f8b70fe4c04ce8ea9bd6aa21cc40c9f2508c1dde8fc79b324f27e029f2d84aed35c039754a5d33a775a009f,projects/modellearning/logs/run.googleapis.com%2Fstdout,,2024-02-29T20:26:46.240513718Z,sscartquery,northamerica-northeast1,modellearning,sscartquery-00011-jzl,sscartquery,cloud_run_revision,INFO,functions/Logic.java,2024-02-29T20:26:45.983148Z
65e0e885000e5173f61f6d58,functions/Logic.java,service,cpu:=-15630000000  rt:=558585488,cloudfunctions,00d087f5e0b82d4393d4a7bbb7f14727933f8b96724a91b37d40394984760349848f0c657a1b55ad143d87d15617c08a8ba76acddb65a7eb3b550a40e4aceccdfb8d33,projects/modellearning/logs/run.googleapis.com%2Fstdout,,2024-02-29T20:26:46.240513718Z,sscartquery,northamerica-northeast1,modellearning,sscartquery-00011-jzl,sscartquery,cloud_run_revision,INFO,functions/Logic.java,2024-02-29T20:26:45.938355Z
65e0e885000d38a0dc392765,functions/Logic.java,service,cpu:=-18570000000  rt:=420565379,cloudfunctions,00d087f5e096f10c047c63271bf3ad0a02126a02b2e38fa8048979e18ea67d746ffa403f88d9a80d0fd5b28bb55609f2a74100003294e282c98f0e4563ee611fd74e6e,projects/modellearning/logs/run.googleapis.com%2Fstdout,,2024-02-29T20:26:45.907602641Z,sscartquery,northamerica-northeast1,modellearning,sscartquery-00011-jzl,sscartquery,cloud_run_revision,INFO,functions/Logic.java,2024-02-29T20:26:45.866464Z
65e0e885000c839a17026b48,functions/Logic.java,service,cpu:=-2610000000  rt:=9622673,cloudfunctions,00d087f5e0c28364f40a88ea65440fad99d864800ea3cc4f8b70fe4c04ce8ea9bd6aa21cc40c9f2508c1dde8fc79b324f27e029f2d84aed35c039754a5d33a775a009f,projects/modellearning/logs/run.googleapis.com%2Fstdout,,2024-02-29T20:26:45.907602641Z,sscartquery,northamerica-northeast1,modellearning,sscartquery-00011-jzl,sscartquery,cloud_run_revision,INFO,functions/Logic.java,2024-02-29T20:26:45.820122Z
65e0e885000b5d16f1c14d26,functions/Logic.java,service,cpu:=430000000  rt:=457847570,cloudfunctions,00d087f5e0c28364f40a88ea65440fad99d864800ea3cc4f8b70fe4c04ce8ea9bd6aa21cc40c9f2508c1dde8fc79b324f27e029f2d84aed35c039754a5d33a775a009f,projects/modellearning/logs/run.googleapis.com%2Fstdout,,2024-02-29T20:26:45.907602641Z,sscartquery,northamerica-northeast1,modellearning,sscartquery-00011-jzl,sscartquery,cloud_run_revision,INFO,functions/Logic.java,2024-02-29T20:26:45.744726Z
65e0e8850005c51cc02df257,functions/Logic.java,service,cpu:=1080000000  rt:=1115502545,cloudfunctions,00d087f5e06379a276e4a585f3c5060b28341f9ba1aae00b35146eef3c6bfe293ee854779cb36f3cc9ba10b75867900165815dba5f5fb35677f9397372dd0e41039340,projects/modellearning/logs/run.googleapis.com%2Fstdout,,2024-02-29T20:26:45.574611782Z,sscartquery,northamerica-northeast1,modellearning,sscartquery-00011-jzl,sscartquery,cloud_run_revision,INFO,functions/Logic.java,2024-02-29T20:26:45.378140Z
65e0e884000dccccff68747f,functions/Logic.java,service,cpu:=3340000000  rt:=3437881435,cloudfunctions,00d087f5e0fb53247b367efd3d5bd3eb6ec2079ea1f90edc419a49866437bf458cfeca444aeaa3b7daf5636b05c06cb47d5f161f950d27b45213cc036890ef6262ebf3,projects/modellearning/logs/run.googleapis.com%2Fstdout,,2024-02-29T20:26:44.907338970Z,sscartquery,northamerica-northeast1,modellearning,sscartquery-00011-jzl,sscartquery,cloud_run_revision,INFO,functions/Logic.java,2024-02-29T20:26:44.904396Z
65e0e8840006a0d92aeb47c9,functions/Logic.java,service,cpu:=2180000000  rt:=2259770216,cloudfunctions,00d087f5e0c28364f40a88ea65440fad99d864800ea3cc4f8b70fe4c04ce8ea9bd6aa21cc40c9f2508c1dde8fc79b324f27e029f2d84aed35c039754a5d33a775a009f,projects/modellearning/logs/run.googleapis.com%2Fstdout,,2024-02-29T20:26:44.574807827Z,sscartquery,northamerica-northeast1,modellearning,sscartquery-00011-jzl,sscartquery,cloud_run_revision,INFO,functions/Logic.java,2024-02-29T20:26:44.434393Z
65e0e8840005c7cb80f2d820,functions/Logic.java,service,cpu:=780000000  rt:=821605811,cloudfunctions,00d087f5e0b82d4393d4a7bbb7f14727933f8b96724a91b37d40394984760349848f0c657a1b55ad143d87d15617c08a8ba76acddb65a7eb3b550a40e4aceccdfb8d33,projects/modellearning/logs/run.googleapis.com%2Fstdout,,2024-02-29T20:26:44.574807827Z,sscartquery,northamerica-northeast1,modellearning,sscartquery-00011-jzl,sscartquery,cloud_run_revision,INFO,functions/Logic.java,2024-02-29T20:26:44.378827Z
65e0e8840004e7f090768624,functions/Logic.java,service,cpu:=30000000  rt:=29620880,cloudfunctions,00d087f5e0508b90f669d2e778e5edb119d2cf95bbdf1d474990a4029916e734b09cb9a2fbea2793facea51d590b84a7b32d827e55698dd1314956e833b1573e692dea,projects/modellearning/logs/run.googleapis.com%2Fstdout,,2024-02-29T20:26:44.574807827Z,sscartquery,northamerica-northeast1,modellearning,sscartquery-00011-jzl,sscartquery,cloud_run_revision,INFO,functions/Logic.java,2024-02-29T20:26:44.321520Z
65e0e88400022529009de88e,functions/Logic.java,service,cpu:=460000000  rt:=467372012,cloudfunctions,00d087f5e096f10c047c63271bf3ad0a02126a02b2e38fa8048979e18ea67d746ffa403f88d9a80d0fd5b28bb55609f2a74100003294e282c98f0e4563ee611fd74e6e,projects/modellearning/logs/run.googleapis.com%2Fstdout,,2024-02-29T20:26:44.241257029Z,sscartquery,northamerica-northeast1,modellearning,sscartquery-00011-jzl,sscartquery,cloud_run_revision,INFO,functions/Logic.java,2024-02-29T20:26:44.140585Z
65e0e883000ec7dc9bd36c9d,functions/Logic.java,service,cpu:=500000000  rt:=507448562,cloudfunctions,00d087f5e0d2ec86d3e5125cd7f8c8da0159c6c9245f96f8b661fd58a2c43ac7b7746cbd693c48c899aa0e18c79c8f6e29e46ee53925108e8c6a70ca451f1b05c9a9d7,projects/modellearning/logs/run.googleapis.com%2Fstdout,,2024-02-29T20:26:44.241257029Z,sscartquery,northamerica-northeast1,modellearning,sscartquery-00011-jzl,sscartquery,cloud_run_revision,INFO,functions/Logic.java,2024-02-29T20:26:43.968668Z
65e0e883000d741a6e3f3d06,functions/Logic.java,service,cpu:=1330000000  rt:=1377563465,cloudfunctions,00d087f5e04921ffa2ae878763f0217abb165fe4fe9a2e8a027ba11aed30e41dbddf4fc8615626ade2ce81a05b33cc0543a90b189fc41ef2749e7ddb07fe1c9b9eae6c,projects/modellearning/logs/run.googleapis.com%2Fstdout,,2024-02-29T20:26:43.909309836Z,sscartquery,northamerica-northeast1,modellearning,sscartquery-00011-jzl,sscartquery,cloud_run_revision,INFO,functions/Logic.java,2024-02-29T20:26:43.881690Z
65e0e883000b3f8d228ef275,functions/Logic.java,service,cpu:=5460000000  rt:=5629921287,cloudfunctions,00d087f5e0508b90f669d2e778e5edb119d2cf95bbdf1d474990a4029916e734b09cb9a2fbea2793facea51d590b84a7b32d827e55698dd1314956e833b1573e692dea,projects/modellearning/logs/run.googleapis.com%2Fstdout,,2024-02-29T20:26:43.909309836Z,sscartquery,northamerica-northeast1,modellearning,sscartquery-00011-jzl,sscartquery,cloud_run_revision,INFO,functions/Logic.java,2024-02-29T20:26:43.737165Z
65e0e8830009ae1ad9fa94bf,functions/Logic.java,service,cpu:=470000000  rt:=488380014,cloudfunctions,00d087f5e06379a276e4a585f3c5060b28341f9ba1aae00b35146eef3c6bfe293ee854779cb36f3cc9ba10b75867900165815dba5f5fb35677f9397372dd0e41039340,projects/modellearning/logs/run.googleapis.com%2Fstdout,,2024-02-29T20:26:43.909309836Z,sscartquery,northamerica-northeast1,modellearning,sscartquery-00011-jzl,sscartquery,cloud_run_revision,INFO,functions/Logic.java,2024-02-29T20:26:43.634394Z
65e0e88300061be96529fe0f,functions/Logic.java,service,cpu:=1540000000  rt:=1621714672,cloudfunctions,00d087f5e025f1412d457ac9df76d9971bbb653901e64de3964b6771b432461e319b79b0f00c478208807a6c7a3fbf8874fe0596d4f63281afed598300217590a2678e,projects/modellearning/logs/run.googleapis.com%2Fstdout,,2024-02-29T20:26:43.575178968Z,sscartquery,northamerica-northeast1,modellearning,sscartquery-00011-jzl,sscartquery,cloud_run_revision,INFO,functions/Logic.java,2024-02-29T20:26:43.400361Z
65e0e8830005f47e26edee9e,functions/Logic.java,service,cpu:=1210000000  rt:=1247007105,cloudfunctions,00d087f5e07bdae58c1f4da3364551cac54ac5362bf1a9581e7d4bf9a32f14aae9b89d873ef09e84a16dbd253a49be122c24eb757e668e06c6c2cc19262d914e45e911,projects/modellearning/logs/run.googleapis.com%2Fstdout,,2024-02-29T20:26:43.575178968Z,sscartquery,northamerica-northeast1,modellearning,sscartquery-00011-jzl,sscartquery,cloud_run_revision,INFO,functions/Logic.java,2024-02-29T20:26:43.390270Z
65e0e88300020d4d671abb61,functions/Logic.java,service,cpu:=270000000  rt:=287416171,cloudfunctions,00d087f5e096f10c047c63271bf3ad0a02126a02b2e38fa8048979e18ea67d746ffa403f88d9a80d0fd5b28bb55609f2a74100003294e282c98f0e4563ee611fd74e6e,projects/modellearning/logs/run.googleapis.com%2Fstdout,,2024-02-29T20:26:43.243404502Z,sscartquery,northamerica-northeast1,modellearning,sscartquery-00011-jzl,sscartquery,cloud_run_revision,INFO,functions/Logic.java,2024-02-29T20:26:43.134477Z
65e0e883000097c034a19367,functions/Logic.java,service,cpu:=1060000000  rt:=1080296862,cloudfunctions,00d087f5e0b82d4393d4a7bbb7f14727933f8b96724a91b37d40394984760349848f0c657a1b55ad143d87d15617c08a8ba76acddb65a7eb3b550a40e4aceccdfb8d33,projects/modellearning/logs/run.googleapis.com%2Fstdout,,2024-02-29T20:26:43.243404502Z,sscartquery,northamerica-northeast1,modellearning,sscartquery-00011-jzl,sscartquery,cloud_run_revision,INFO,functions/Logic.java,2024-02-29T20:26:43.038848Z
65e0e882000d4936361b8fff,functions/Logic.java,service,cpu:=770000000  rt:=782558626,cloudfunctions,00d087f5e0d2ec86d3e5125cd7f8c8da0159c6c9245f96f8b661fd58a2c43ac7b7746cbd693c48c899aa0e18c79c8f6e29e46ee53925108e8c6a70ca451f1b05c9a9d7,projects/modellearning/logs/run.googleapis.com%2Fstdout,,2024-02-29T20:26:42.909238536Z,sscartquery,northamerica-northeast1,modellearning,sscartquery-00011-jzl,sscartquery,cloud_run_revision,INFO,functions/Logic.java,2024-02-29T20:26:42.870710Z
65e0e882000b9e599804ebc0,functions/Logic.java,service,cpu:=1050000000  rt:=1098161648,cloudfunctions,00d087f5e06379a276e4a585f3c5060b28341f9ba1aae00b35146eef3c6bfe293ee854779cb36f3cc9ba10b75867900165815dba5f5fb35677f9397372dd0e41039340,projects/modellearning/logs/run.googleapis.com%2Fstdout,,2024-02-29T20:26:42.909238536Z,sscartquery,northamerica-northeast1,modellearning,sscartquery-00011-jzl,sscartquery,cloud_run_revision,INFO,functions/Logic.java,2024-02-29T20:26:42.761433Z
65e0e882000a4cd60c6f11de,functions/Logic.java,service,cpu:=-9060000000  rt:=2782525212,cloudfunctions,00d087f5e096f10c047c63271bf3ad0a02126a02b2e38fa8048979e18ea67d746ffa403f88d9a80d0fd5b28bb55609f2a74100003294e282c98f0e4563ee611fd74e6e,projects/modellearning/logs/run.googleapis.com%2Fstdout,,2024-02-29T20:26:42.909238536Z,sscartquery,northamerica-northeast1,modellearning,sscartquery-00011-jzl,sscartquery,cloud_run_revision,INFO,functions/Logic.java,2024-02-29T20:26:42.675030Z
65e0e8820002c75c852b8d9c,functions/Logic.java,service,cpu:=390000000  rt:=414028788,cloudfunctions,00d087f5e04921ffa2ae878763f0217abb165fe4fe9a2e8a027ba11aed30e41dbddf4fc8615626ade2ce81a05b33cc0543a90b189fc41ef2749e7ddb07fe1c9b9eae6c,projects/modellearning/logs/run.googleapis.com%2Fstdout,,2024-02-29T20:26:42.243964809Z,sscartquery,northamerica-northeast1,modellearning,sscartquery-00011-jzl,sscartquery,cloud_run_revision,INFO,functions/Logic.java,2024-02-29T20:26:42.182108Z
65e0e882000223e50de6f237,functions/Logic.java,service,cpu:=40000000  rt:=39354136,cloudfunctions,00d087f5e0c28364f40a88ea65440fad99d864800ea3cc4f8b70fe4c04ce8ea9bd6aa21cc40c9f2508c1dde8fc79b324f27e029f2d84aed35c039754a5d33a775a009f,projects/modellearning/logs/run.googleapis.com%2Fstdout,,2024-02-29T20:26:42.243964809Z,sscartquery,northamerica-northeast1,modellearning,sscartquery-00011-jzl,sscartquery,cloud_run_revision,INFO,functions/Logic.java,2024-02-29T20:26:42.140261Z
65e0e88200011fc2851fa3f0,functions/Logic.java,service,cpu:=1000000000  rt:=1051061276,cloudfunctions,00d087f5e07bdae58c1f4da3364551cac54ac5362bf1a9581e7d4bf9a32f14aae9b89d873ef09e84a16dbd253a49be122c24eb757e668e06c6c2cc19262d914e45e911,projects/modellearning/logs/run.googleapis.com%2Fstdout,,2024-02-29T20:26:42.243964809Z,sscartquery,northamerica-northeast1,modellearning,sscartquery-00011-jzl,sscartquery,cloud_run_revision,INFO,functions/Logic.java,2024-02-29T20:26:42.073666Z
65e0e881000c609071bf2bd7,functions/Logic.java,service,cpu:=440000000  rt:=456469048,cloudfunctions,00d087f5e0c28364f40a88ea65440fad99d864800ea3cc4f8b70fe4c04ce8ea9bd6aa21cc40c9f2508c1dde8fc79b324f27e029f2d84aed35c039754a5d33a775a009f,projects/modellearning/logs/run.googleapis.com%2Fstdout,,2024-02-29T20:26:41.910250150Z,sscartquery,northamerica-northeast1,modellearning,sscartquery-00011-jzl,sscartquery,cloud_run_revision,INFO,functions/Logic.java,2024-02-29T20:26:41.811152Z
65e0e881000c1a60a5737783,functions/Logic.java,service,cpu:=1390000000  rt:=1427967532,cloudfunctions,00d087f5e0d2ec86d3e5125cd7f8c8da0159c6c9245f96f8b661fd58a2c43ac7b7746cbd693c48c899aa0e18c79c8f6e29e46ee53925108e8c6a70ca451f1b05c9a9d7,projects/modellearning/logs/run.googleapis.com%2Fstdout,,2024-02-29T20:26:41.910250150Z,sscartquery,northamerica-northeast1,modellearning,sscartquery-00011-jzl,sscartquery,cloud_run_revision,INFO,functions/Logic.java,2024-02-29T20:26:41.793184Z
65e0e881000767b502dce5b4,functions/Logic.java,service,cpu:=3050000000  rt:=3192878048,cloudfunctions,00d087f5e0b82d4393d4a7bbb7f14727933f8b96724a91b37d40394984760349848f0c657a1b55ad143d87d15617c08a8ba76acddb65a7eb3b550a40e4aceccdfb8d33,projects/modellearning/logs/run.googleapis.com%2Fstdout,,2024-02-29T20:26:41.578439415Z,sscartquery,northamerica-northeast1,modellearning,sscartquery-00011-jzl,sscartquery,cloud_run_revision,INFO,functions/Logic.java,2024-02-29T20:26:41.485301Z
65e0e8810006a8c41e5baff6,functions/Logic.java,service,cpu:=1380000000  rt:=1554829305,cloudfunctions,00d087f5e025f1412d457ac9df76d9971bbb653901e64de3964b6771b432461e319b79b0f00c478208807a6c7a3fbf8874fe0596d4f63281afed598300217590a2678e,projects/modellearning/logs/run.googleapis.com%2Fstdout,,2024-02-29T20:26:41.578439415Z,sscartquery,northamerica-northeast1,modellearning,sscartquery-00011-jzl,sscartquery,cloud_run_revision,INFO,functions/Logic.java,2024-02-29T20:26:41.436420Z
65e0e88100062ed5bb8546aa,functions/Logic.java,service,cpu:=520000000  rt:=521887628,cloudfunctions,00d087f5e0fb53247b367efd3d5bd3eb6ec2079ea1f90edc419a49866437bf458cfeca444aeaa3b7daf5636b05c06cb47d5f161f950d27b45213cc036890ef6262ebf3,projects/modellearning/logs/run.googleapis.com%2Fstdout,,2024-02-29T20:26:41.578439415Z,sscartquery,northamerica-northeast1,modellearning,sscartquery-00011-jzl,sscartquery,cloud_run_revision,INFO,functions/Logic.java,2024-02-29T20:26:41.405205Z
65e0e88100051a3895ddcfd0,functions/Logic.java,service,cpu:=-22070000000  rt:=964215476,cloudfunctions,00d087f5e04921ffa2ae878763f0217abb165fe4fe9a2e8a027ba11aed30e41dbddf4fc8615626ade2ce81a05b33cc0543a90b189fc41ef2749e7ddb07fe1c9b9eae6c,projects/modellearning/logs/run.googleapis.com%2Fstdout,,2024-02-29T20:26:41.578439415Z,sscartquery,northamerica-northeast1,modellearning,sscartquery-00011-jzl,sscartquery,cloud_run_revision,INFO,functions/Logic.java,2024-02-29T20:26:41.334392Z
65e0e88100039e3e23ea7fae,functions/Logic.java,service,cpu:=250000000  rt:=252680643,cloudfunctions,00d087f5e06379a276e4a585f3c5060b28341f9ba1aae00b35146eef3c6bfe293ee854779cb36f3cc9ba10b75867900165815dba5f5fb35677f9397372dd0e41039340,projects/modellearning/logs/run.googleapis.com%2Fstdout,,2024-02-29T20:26:41.244387582Z,sscartquery,northamerica-northeast1,modellearning,sscartquery-00011-jzl,sscartquery,cloud_run_revision,INFO,functions/Logic.java,2024-02-29T20:26:41.237118Z
65e0e88100020d75bd4b1c67,functions/Logic.java,service,cpu:=-4130000000  rt:=111792219,cloudfunctions,00d087f5e07bdae58c1f4da3364551cac54ac5362bf1a9581e7d4bf9a32f14aae9b89d873ef09e84a16dbd253a49be122c24eb757e668e06c6c2cc19262d914e45e911,projects/modellearning/logs/run.googleapis.com%2Fstdout,,2024-02-29T20:26:41.244387582Z,sscartquery,northamerica-northeast1,modellearning,sscartquery-00011-jzl,sscartquery,cloud_run_revision,INFO,functions/Logic.java,2024-02-29T20:26:41.134517Z
65e0e8810000fe96ac9f5fd5,functions/Logic.java,service,cpu:=1130000000  rt:=1179217490,cloudfunctions,00d087f5e0c28364f40a88ea65440fad99d864800ea3cc4f8b70fe4c04ce8ea9bd6aa21cc40c9f2508c1dde8fc79b324f27e029f2d84aed35c039754a5d33a775a009f,projects/modellearning/logs/run.googleapis.com%2Fstdout,,2024-02-29T20:26:41.244387582Z,sscartquery,northamerica-northeast1,modellearning,sscartquery-00011-jzl,sscartquery,cloud_run_revision,INFO,functions/Logic.java,2024-02-29T20:26:41.065174Z
65e0e880000cbb642d47b122,functions/Logic.java,service,cpu:=1540000000  rt:=1603686784,cloudfunctions,00d087f5e0fb53247b367efd3d5bd3eb6ec2079ea1f90edc419a49866437bf458cfeca444aeaa3b7daf5636b05c06cb47d5f161f950d27b45213cc036890ef6262ebf3,projects/modellearning/logs/run.googleapis.com%2Fstdout,,2024-02-29T20:26:40.911304301Z,sscartquery,northamerica-northeast1,modellearning,sscartquery-00011-jzl,sscartquery,cloud_run_revision,INFO,functions/Logic.java,2024-02-29T20:26:40.834404Z
65e0e880000cbb379ef0846c,functions/Logic.java,service,cpu:=270000000  rt:=464243309,cloudfunctions,00d087f5e04921ffa2ae878763f0217abb165fe4fe9a2e8a027ba11aed30e41dbddf4fc8615626ade2ce81a05b33cc0543a90b189fc41ef2749e7ddb07fe1c9b9eae6c,projects/modellearning/logs/run.googleapis.com%2Fstdout,,2024-02-29T20:26:40.911304301Z,sscartquery,northamerica-northeast1,modellearning,sscartquery-00011-jzl,sscartquery,cloud_run_revision,INFO,functions/Logic.java,2024-02-29T20:26:40.834359Z
65e0e880000ab229b9e24082,functions/Logic.java,service,cpu:=110000000  rt:=121395926,cloudfunctions,00d087f5e0d4d81528cf22cb133c2e4dd9a2c4ce3eab40a6348fdb235a3535110a2312ab0cf8d4076c1e91472dbd37c7a81eb9097195cd3f6758925e661bb3dd5e03a2,projects/modellearning/logs/run.googleapis.com%2Fstdout,,2024-02-29T20:26:40.833058114Z,sscartquery,northamerica-northeast1,modellearning,sscartquery-00011-jzl,sscartquery,cloud_run_revision,INFO,functions/Logic.java,2024-02-29T20:26:40.700969Z
65e0e8800009dbd06e1b6676,functions/Logic.java,service,cpu:=1300000000  rt:=1354508185,cloudfunctions,00d087f5e06379a276e4a585f3c5060b28341f9ba1aae00b35146eef3c6bfe293ee854779cb36f3cc9ba10b75867900165815dba5f5fb35677f9397372dd0e41039340,projects/modellearning/logs/run.googleapis.com%2Fstdout,,2024-02-29T20:26:40.911304301Z,sscartquery,northamerica-northeast1,modellearning,sscartquery-00011-jzl,sscartquery,cloud_run_revision,INFO,functions/Logic.java,2024-02-29T20:26:40.646096Z
65e0e8800005b220aba5532e,functions/Logic.java,service,cpu:=230000000  rt:=480800376,cloudfunctions,00d087f5e096f10c047c63271bf3ad0a02126a02b2e38fa8048979e18ea67d746ffa403f88d9a80d0fd5b28bb55609f2a74100003294e282c98f0e4563ee611fd74e6e,projects/modellearning/logs/run.googleapis.com%2Fstdout,,2024-02-29T20:26:40.579159995Z,sscartquery,northamerica-northeast1,modellearning,sscartquery-00011-jzl,sscartquery,cloud_run_revision,INFO,functions/Logic.java,2024-02-29T20:26:40.373280Z
65e0e880000394f3b83e07e0,functions/Logic.java,service,cpu:=690000000  rt:=708707552,cloudfunctions,00d087f5e0d2ec86d3e5125cd7f8c8da0159c6c9245f96f8b661fd58a2c43ac7b7746cbd693c48c899aa0e18c79c8f6e29e46ee53925108e8c6a70ca451f1b05c9a9d7,projects/modellearning/logs/run.googleapis.com%2Fstdout,,2024-02-29T20:26:40.246003860Z,sscartquery,northamerica-northeast1,modellearning,sscartquery-00011-jzl,sscartquery,cloud_run_revision,INFO,functions/Logic.java,2024-02-29T20:26:40.234739Z
65e0e88000011f4596768ff5,functions/Logic.java,service,cpu:=850000000  rt:=1216542220,cloudfunctions,00d087f5e0d4d81528cf22cb133c2e4dd9a2c4ce3eab40a6348fdb235a3535110a2312ab0cf8d4076c1e91472dbd37c7a81eb9097195cd3f6758925e661bb3dd5e03a2,projects/modellearning/logs/run.googleapis.com%2Fstdout,,2024-02-29T20:26:40.167096052Z,sscartquery,northamerica-northeast1,modellearning,sscartquery-00011-jzl,sscartquery,cloud_run_revision,INFO,functions/Logic.java,2024-02-29T20:26:40.073541Z
65e0e8800000875527f8e92d,functions/Logic.java,service,cpu:=260000000  rt:=262343266,cloudfunctions,00d087f5e07bdae58c1f4da3364551cac54ac5362bf1a9581e7d4bf9a32f14aae9b89d873ef09e84a16dbd253a49be122c24eb757e668e06c6c2cc19262d914e45e911,projects/modellearning/logs/run.googleapis.com%2Fstdout,,2024-02-29T20:26:40.246003860Z,sscartquery,northamerica-northeast1,modellearning,sscartquery-00011-jzl,sscartquery,cloud_run_revision,INFO,functions/Logic.java,2024-02-29T20:26:40.034645Z
65e0e87f000c36d7629ad753,functions/Logic.java,service,cpu:=1160000000  rt:=1204507876,cloudfunctions,00d087f5e0c28364f40a88ea65440fad99d864800ea3cc4f8b70fe4c04ce8ea9bd6aa21cc40c9f2508c1dde8fc79b324f27e029f2d84aed35c039754a5d33a775a009f,projects/modellearning/logs/run.googleapis.com%2Fstdout,,2024-02-29T20:26:39.911932994Z,sscartquery,northamerica-northeast1,modellearning,sscartquery-00011-jzl,sscartquery,cloud_run_revision,INFO,functions/Logic.java,2024-02-29T20:26:39.800471Z
65e0e87f00080cf6789ef704,functions/Logic.java,service,cpu:=6550000000  rt:=670511983,cloudfunctions,00d087f5e0d4d81528cf22cb133c2e4dd9a2c4ce3eab40a6348fdb235a3535110a2312ab0cf8d4076c1e91472dbd37c7a81eb9097195cd3f6758925e661bb3dd5e03a2,projects/modellearning/logs/run.googleapis.com%2Fstdout,,2024-02-29T20:26:39.833195978Z,sscartquery,northamerica-northeast1,modellearning,sscartquery-00011-jzl,sscartquery,cloud_run_revision,INFO,functions/Logic.java,2024-02-29T20:26:39.527606Z
65e0e87f0005d057eb4396b9,functions/Logic.java,service,cpu:=820000000  rt:=828130823,cloudfunctions,00d087f5e025f1412d457ac9df76d9971bbb653901e64de3964b6771b432461e319b79b0f00c478208807a6c7a3fbf8874fe0596d4f63281afed598300217590a2678e,projects/modellearning/logs/run.googleapis.com%2Fstdout,,2024-02-29T20:26:39.580048542Z,sscartquery,northamerica-northeast1,modellearning,sscartquery-00011-jzl,sscartquery,cloud_run_revision,INFO,functions/Logic.java,2024-02-29T20:26:39.381015Z
65e0e87e000f0b1ae81ca63b,functions/Logic.java,service,cpu:=970000000  rt:=1015716269,cloudfunctions,00d087f5e0fb53247b367efd3d5bd3eb6ec2079ea1f90edc419a49866437bf458cfeca444aeaa3b7daf5636b05c06cb47d5f161f950d27b45213cc036890ef6262ebf3,projects/modellearning/logs/run.googleapis.com%2Fstdout,,2024-02-29T20:26:39.246832315Z,sscartquery,northamerica-northeast1,modellearning,sscartquery-00011-jzl,sscartquery,cloud_run_revision,INFO,functions/Logic.java,2024-02-29T20:26:38.985882Z
65e0e87e000a5d87ae46b1cd,functions/Logic.java,service,cpu:=2270000000  rt:=2374969523,cloudfunctions,00d087f5e07bdae58c1f4da3364551cac54ac5362bf1a9581e7d4bf9a32f14aae9b89d873ef09e84a16dbd253a49be122c24eb757e668e06c6c2cc19262d914e45e911,projects/modellearning/logs/run.googleapis.com%2Fstdout,,2024-02-29T20:26:38.912794218Z,sscartquery,northamerica-northeast1,modellearning,sscartquery-00011-jzl,sscartquery,cloud_run_revision,INFO,functions/Logic.java,2024-02-29T20:26:38.679303Z
65e0e87e00092ded63316fb3,functions/Logic.java,service,cpu:=190000000  rt:=201946327,cloudfunctions,00d087f5e04921ffa2ae878763f0217abb165fe4fe9a2e8a027ba11aed30e41dbddf4fc8615626ade2ce81a05b33cc0543a90b189fc41ef2749e7ddb07fe1c9b9eae6c,projects/modellearning/logs/run.googleapis.com%2Fstdout,,2024-02-29T20:26:38.912794218Z,sscartquery,northamerica-northeast1,modellearning,sscartquery-00011-jzl,sscartquery,cloud_run_revision,INFO,functions/Logic.java,2024-02-29T20:26:38.601581Z
65e0e87e00086152a214c090,functions/Logic.java,service,cpu:=720000000  rt:=758284378,cloudfunctions,00d087f5e0d4d81528cf22cb133c2e4dd9a2c4ce3eab40a6348fdb235a3535110a2312ab0cf8d4076c1e91472dbd37c7a81eb9097195cd3f6758925e661bb3dd5e03a2,projects/modellearning/logs/run.googleapis.com%2Fstdout,,2024-02-29T20:26:38.833964324Z,sscartquery,northamerica-northeast1,modellearning,sscartquery-00011-jzl,sscartquery,cloud_run_revision,INFO,functions/Logic.java,2024-02-29T20:26:38.549202Z
65e0e87e0006bbaeaf873a4b,functions/Logic.java,service,cpu:=180000000  rt:=182522488,cloudfunctions,00d087f5e096f10c047c63271bf3ad0a02126a02b2e38fa8048979e18ea67d746ffa403f88d9a80d0fd5b28bb55609f2a74100003294e282c98f0e4563ee611fd74e6e,projects/modellearning/logs/run.googleapis.com%2Fstdout,,2024-02-29T20:26:38.576301032Z,sscartquery,northamerica-northeast1,modellearning,sscartquery-00011-jzl,sscartquery,cloud_run_revision,INFO,functions/Logic.java,2024-02-29T20:26:38.441262Z
65e0e87e000611deb2ef7e32,functions/Logic.java,service,cpu:=1790000000  rt:=1851378465,cloudfunctions,00d087f5e0d2ec86d3e5125cd7f8c8da0159c6c9245f96f8b661fd58a2c43ac7b7746cbd693c48c899aa0e18c79c8f6e29e46ee53925108e8c6a70ca451f1b05c9a9d7,projects/modellearning/logs/run.googleapis.com%2Fstdout,,2024-02-29T20:26:38.576301032Z,sscartquery,northamerica-northeast1,modellearning,sscartquery-00011-jzl,sscartquery,cloud_run_revision,INFO,functions/Logic.java,2024-02-29T20:26:38.397790Z
65e0e87e00041bff9dcf7a4c,functions/Logic.java,service,cpu:=1340000000  rt:=1376083243,cloudfunctions,00d087f5e06379a276e4a585f3c5060b28341f9ba1aae00b35146eef3c6bfe293ee854779cb36f3cc9ba10b75867900165815dba5f5fb35677f9397372dd0e41039340,projects/modellearning/logs/run.googleapis.com%2Fstdout,,2024-02-29T20:26:38.576301032Z,sscartquery,northamerica-northeast1,modellearning,sscartquery-00011-jzl,sscartquery,cloud_run_revision,INFO,functions/Logic.java,2024-02-29T20:26:38.269311Z
65e0e87e00020d4ee348b062,functions/Logic.java,service,cpu:=160000000  rt:=165181769,cloudfunctions,00d087f5e0c28364f40a88ea65440fad99d864800ea3cc4f8b70fe4c04ce8ea9bd6aa21cc40c9f2508c1dde8fc79b324f27e029f2d84aed35c039754a5d33a775a009f,projects/modellearning/logs/run.googleapis.com%2Fstdout,,2024-02-29T20:26:38.243236996Z,sscartquery,northamerica-northeast1,modellearning,sscartquery-00011-jzl,sscartquery,cloud_run_revision,INFO,functions/Logic.java,2024-02-29T20:26:38.134478Z
65e0e87e0001108dfc0ee355,functions/Logic.java,service,cpu:=1080000000  rt:=1098001123,cloudfunctions,00d087f5e025f1412d457ac9df76d9971bbb653901e64de3964b6771b432461e319b79b0f00c478208807a6c7a3fbf8874fe0596d4f63281afed598300217590a2678e,projects/modellearning/logs/run.googleapis.com%2Fstdout,,2024-02-29T20:26:38.243236996Z,sscartquery,northamerica-northeast1,modellearning,sscartquery-00011-jzl,sscartquery,cloud_run_revision,INFO,functions/Logic.java,2024-02-29T20:26:38.069773Z
65e0e87d000d0f7c366f069f,functions/Logic.java,service,cpu:=460000000  rt:=471542638,cloudfunctions,00d087f5e04921ffa2ae878763f0217abb165fe4fe9a2e8a027ba11aed30e41dbddf4fc8615626ade2ce81a05b33cc0543a90b189fc41ef2749e7ddb07fe1c9b9eae6c,projects/modellearning/logs/run.googleapis.com%2Fstdout,,2024-02-29T20:26:37.911031134Z,sscartquery,northamerica-northeast1,modellearning,sscartquery-00011-jzl,sscartquery,cloud_run_revision,INFO,functions/Logic.java,2024-02-29T20:26:37.855932Z
65e0e87d0008dcb8e66bcaf7,functions/Logic.java,service,cpu:=1570000000  rt:=1652132645,cloudfunctions,00d087f5e0fb53247b367efd3d5bd3eb6ec2079ea1f90edc419a49866437bf458cfeca444aeaa3b7daf5636b05c06cb47d5f161f950d27b45213cc036890ef6262ebf3,projects/modellearning/logs/run.googleapis.com%2Fstdout,,2024-02-29T20:26:37.911031134Z,sscartquery,northamerica-northeast1,modellearning,sscartquery-00011-jzl,sscartquery,cloud_run_revision,INFO,functions/Logic.java,2024-02-29T20:26:37.580792Z
65e0e87d000449ae7590adaa,functions/Logic.java,service,cpu:=410000000  rt:=454182170,cloudfunctions,00d087f5e0b82d4393d4a7bbb7f14727933f8b96724a91b37d40394984760349848f0c657a1b55ad143d87d15617c08a8ba76acddb65a7eb3b550a40e4aceccdfb8d33,projects/modellearning/logs/run.googleapis.com%2Fstdout,,2024-02-29T20:26:37.578628717Z,sscartquery,northamerica-northeast1,modellearning,sscartquery-00011-jzl,sscartquery,cloud_run_revision,INFO,functions/Logic.java,2024-02-29T20:26:37.281006Z
65e0e87d000409624cb01bd4,functions/Logic.java,service,cpu:=2120000000  rt:=2194212889,cloudfunctions,00d087f5e096f10c047c63271bf3ad0a02126a02b2e38fa8048979e18ea67d746ffa403f88d9a80d0fd5b28bb55609f2a74100003294e282c98f0e4563ee611fd74e6e,projects/modellearning/logs/run.googleapis.com%2Fstdout,,2024-02-29T20:26:37.578628717Z,sscartquery,northamerica-northeast1,modellearning,sscartquery-00011-jzl,sscartquery,cloud_run_revision,INFO,functions/Logic.java,2024-02-29T20:26:37.264546Z
65e0e87d00026438d3d895d9,functions/Logic.java,service,cpu:=3100000000  rt:=3221416822,cloudfunctions,00d087f5e0508b90f669d2e778e5edb119d2cf95bbdf1d474990a4029916e734b09cb9a2fbea2793facea51d590b84a7b32d827e55698dd1314956e833b1573e692dea,projects/modellearning/logs/run.googleapis.com%2Fstdout,,2024-02-29T20:26:37.244145190Z,sscartquery,northamerica-northeast1,modellearning,sscartquery-00011-jzl,sscartquery,cloud_run_revision,INFO,functions/Logic.java,2024-02-29T20:26:37.156728Z
65e0e87d0000fa87ef58e7bc,functions/Logic.java,service,cpu:=630000000  rt:=665666565,cloudfunctions,00d087f5e0c28364f40a88ea65440fad99d864800ea3cc4f8b70fe4c04ce8ea9bd6aa21cc40c9f2508c1dde8fc79b324f27e029f2d84aed35c039754a5d33a775a009f,projects/modellearning/logs/run.googleapis.com%2Fstdout,,2024-02-29T20:26:37.244145190Z,sscartquery,northamerica-northeast1,modellearning,sscartquery-00011-jzl,sscartquery,cloud_run_revision,INFO,functions/Logic.java,2024-02-29T20:26:37.064135Z
65e0e87c000de5335928ee23,functions/Logic.java,service,cpu:=2310000000  rt:=2358116532,cloudfunctions,00d087f5e04921ffa2ae878763f0217abb165fe4fe9a2e8a027ba11aed30e41dbddf4fc8615626ade2ce81a05b33cc0543a90b189fc41ef2749e7ddb07fe1c9b9eae6c,projects/modellearning/logs/run.googleapis.com%2Fstdout,,2024-02-29T20:26:37.244145190Z,sscartquery,northamerica-northeast1,modellearning,sscartquery-00011-jzl,sscartquery,cloud_run_revision,INFO,functions/Logic.java,2024-02-29T20:26:36.910643Z
65e0e87c000b9ddd968fcc1e,functions/Logic.java,service,cpu:=370000000  rt:=386260428,cloudfunctions,00d087f5e025f1412d457ac9df76d9971bbb653901e64de3964b6771b432461e319b79b0f00c478208807a6c7a3fbf8874fe0596d4f63281afed598300217590a2678e,projects/modellearning/logs/run.googleapis.com%2Fstdout,,2024-02-29T20:26:36.911196648Z,sscartquery,northamerica-northeast1,modellearning,sscartquery-00011-jzl,sscartquery,cloud_run_revision,INFO,functions/Logic.java,2024-02-29T20:26:36.761309Z
65e0e87c00084cdb6ac668e9,functions/Logic.java,service,cpu:=60000000  rt:=59245188,cloudfunctions,00d087f5e06379a276e4a585f3c5060b28341f9ba1aae00b35146eef3c6bfe293ee854779cb36f3cc9ba10b75867900165815dba5f5fb35677f9397372dd0e41039340,projects/modellearning/logs/run.googleapis.com%2Fstdout,,2024-02-29T20:26:36.579015968Z,sscartquery,northamerica-northeast1,modellearning,sscartquery-00011-jzl,sscartquery,cloud_run_revision,INFO,functions/Logic.java,2024-02-29T20:26:36.543963Z
65e0e87c0004079258da4c9f,functions/Logic.java,service,cpu:=1300000000  rt:=1335169175,cloudfunctions,00d087f5e0b82d4393d4a7bbb7f14727933f8b96724a91b37d40394984760349848f0c657a1b55ad143d87d15617c08a8ba76acddb65a7eb3b550a40e4aceccdfb8d33,projects/modellearning/logs/run.googleapis.com%2Fstdout,,2024-02-29T20:26:36.579015968Z,sscartquery,northamerica-northeast1,modellearning,sscartquery-00011-jzl,sscartquery,cloud_run_revision,INFO,functions/Logic.java,2024-02-29T20:26:36.264082Z
65e0e87b000b1fb36b6a3306,functions/Logic.java,service,cpu:=80000000  rt:=76843522,cloudfunctions,00d087f5e0fb53247b367efd3d5bd3eb6ec2079ea1f90edc419a49866437bf458cfeca444aeaa3b7daf5636b05c06cb47d5f161f950d27b45213cc036890ef6262ebf3,projects/modellearning/logs/run.googleapis.com%2Fstdout,,2024-02-29T20:26:35.912963592Z,sscartquery,northamerica-northeast1,modellearning,sscartquery-00011-jzl,sscartquery,cloud_run_revision,INFO,functions/Logic.java,2024-02-29T20:26:35.729011Z
65e0e87b000aad1a6d1f8d17,functions/Logic.java,service,cpu:=950000000  rt:=1016206483,cloudfunctions,00d087f5e0d2ec86d3e5125cd7f8c8da0159c6c9245f96f8b661fd58a2c43ac7b7746cbd693c48c899aa0e18c79c8f6e29e46ee53925108e8c6a70ca451f1b05c9a9d7,projects/modellearning/logs/run.googleapis.com%2Fstdout,,2024-02-29T20:26:35.912963592Z,sscartquery,northamerica-northeast1,modellearning,sscartquery-00011-jzl,sscartquery,cloud_run_revision,INFO,functions/Logic.java,2024-02-29T20:26:35.699674Z
65e0e87b000a9fc260e776f4,functions/Logic.java,service,cpu:=1430000000  rt:=1468752157,cloudfunctions,00d087f5e06379a276e4a585f3c5060b28341f9ba1aae00b35146eef3c6bfe293ee854779cb36f3cc9ba10b75867900165815dba5f5fb35677f9397372dd0e41039340,projects/modellearning/logs/run.googleapis.com%2Fstdout,,2024-02-29T20:26:35.912963592Z,sscartquery,northamerica-northeast1,modellearning,sscartquery-00011-jzl,sscartquery,cloud_run_revision,INFO,functions/Logic.java,2024-02-29T20:26:35.696258Z
65e0e87b00093db0caa29bf8,functions/Logic.java,service,cpu:=4040000000  rt:=4128809807,cloudfunctions,00d087f5e0fb53247b367efd3d5bd3eb6ec2079ea1f90edc419a49866437bf458cfeca444aeaa3b7daf5636b05c06cb47d5f161f950d27b45213cc036890ef6262ebf3,projects/modellearning/logs/run.googleapis.com%2Fstdout,,2024-02-29T20:26:35.912963592Z,sscartquery,northamerica-northeast1,modellearning,sscartquery-00011-jzl,sscartquery,cloud_run_revision,INFO,functions/Logic.java,2024-02-29T20:26:35.605616Z
65e0e87b00085696fccb7ffa,functions/Logic.java,service,cpu:=660000000  rt:=675043637,cloudfunctions,00d087f5e0c28364f40a88ea65440fad99d864800ea3cc4f8b70fe4c04ce8ea9bd6aa21cc40c9f2508c1dde8fc79b324f27e029f2d84aed35c039754a5d33a775a009f,projects/modellearning/logs/run.googleapis.com%2Fstdout,,2024-02-29T20:26:35.579969905Z,sscartquery,northamerica-northeast1,modellearning,sscartquery-00011-jzl,sscartquery,cloud_run_revision,INFO,functions/Logic.java,2024-02-29T20:26:35.546454Z
65e0e87b000827f5749a4a88,functions/Logic.java,service,cpu:=500000000  rt:=548972060,cloudfunctions,00d087f5e025f1412d457ac9df76d9971bbb653901e64de3964b6771b432461e319b79b0f00c478208807a6c7a3fbf8874fe0596d4f63281afed598300217590a2678e,projects/modellearning/logs/run.googleapis.com%2Fstdout,,2024-02-29T20:26:35.579969905Z,sscartquery,northamerica-northeast1,modellearning,sscartquery-00011-jzl,sscartquery,cloud_run_revision,INFO,functions/Logic.java,2024-02-29T20:26:35.534517Z
65e0e87b0006a0e6e851ea4f,functions/Logic.java,service,cpu:=160000000  rt:=163182894,cloudfunctions,00d087f5e07bdae58c1f4da3364551cac54ac5362bf1a9581e7d4bf9a32f14aae9b89d873ef09e84a16dbd253a49be122c24eb757e668e06c6c2cc19262d914e45e911,projects/modellearning/logs/run.googleapis.com%2Fstdout,,2024-02-29T20:26:35.579969905Z,sscartquery,northamerica-northeast1,modellearning,sscartquery-00011-jzl,sscartquery,cloud_run_revision,INFO,functions/Logic.java,2024-02-29T20:26:35.434406Z
65e0e87b000285459c310614,functions/Logic.java,service,cpu:=1440000000  rt:=1487265843,cloudfunctions,00d087f5e07bdae58c1f4da3364551cac54ac5362bf1a9581e7d4bf9a32f14aae9b89d873ef09e84a16dbd253a49be122c24eb757e668e06c6c2cc19262d914e45e911,projects/modellearning/logs/run.googleapis.com%2Fstdout,,2024-02-29T20:26:35.246129711Z,sscartquery,northamerica-northeast1,modellearning,sscartquery-00011-jzl,sscartquery,cloud_run_revision,INFO,functions/Logic.java,2024-02-29T20:26:35.165189Z
65e0e87a000f19f0d5b33202,functions/Logic.java,service,cpu:=520000000  rt:=530204538,cloudfunctions,00d087f5e096f10c047c63271bf3ad0a02126a02b2e38fa8048979e18ea67d746ffa403f88d9a80d0fd5b28bb55609f2a74100003294e282c98f0e4563ee611fd74e6e,projects/modellearning/logs/run.googleapis.com%2Fstdout,,2024-02-29T20:26:35.246129711Z,sscartquery,northamerica-northeast1,modellearning,sscartquery-00011-jzl,sscartquery,cloud_run_revision,INFO,functions/Logic.java,2024-02-29T20:26:34.989680Z
65e0e87a000c0edf59c8023e,functions/Logic.java,service,cpu:=750000000  rt:=768001989,cloudfunctions,00d087f5e025f1412d457ac9df76d9971bbb653901e64de3964b6771b432461e319b79b0f00c478208807a6c7a3fbf8874fe0596d4f63281afed598300217590a2678e,projects/modellearning/logs/run.googleapis.com%2Fstdout,,2024-02-29T20:26:34.911722178Z,sscartquery,northamerica-northeast1,modellearning,sscartquery-00011-jzl,sscartquery,cloud_run_revision,INFO,functions/Logic.java,2024-02-29T20:26:34.790239Z
65e0e87a000b5c0974136a09,functions/Logic.java,service,cpu:=520000000  rt:=528824585,cloudfunctions,00d087f5e0b82d4393d4a7bbb7f14727933f8b96724a91b37d40394984760349848f0c657a1b55ad143d87d15617c08a8ba76acddb65a7eb3b550a40e4aceccdfb8d33,projects/modellearning/logs/run.googleapis.com%2Fstdout,,2024-02-29T20:26:34.911722178Z,sscartquery,northamerica-northeast1,modellearning,sscartquery-00011-jzl,sscartquery,cloud_run_revision,INFO,functions/Logic.java,2024-02-29T20:26:34.744457Z
65e0e87a000aeeeb692385ff,functions/Logic.java,service,cpu:=1130000000  rt:=1669260285,cloudfunctions,00d087f5e0d4d81528cf22cb133c2e4dd9a2c4ce3eab40a6348fdb235a3535110a2312ab0cf8d4076c1e91472dbd37c7a81eb9097195cd3f6758925e661bb3dd5e03a2,projects/modellearning/logs/run.googleapis.com%2Fstdout,,2024-02-29T20:26:34.839268030Z,sscartquery,northamerica-northeast1,modellearning,sscartquery-00011-jzl,sscartquery,cloud_run_revision,INFO,functions/Logic.java,2024-02-29T20:26:34.716523Z
65e0e87a000a0e37ec85355e,functions/Logic.java,service,cpu:=980000000  rt:=999832076,cloudfunctions,00d087f5e0c28364f40a88ea65440fad99d864800ea3cc4f8b70fe4c04ce8ea9bd6aa21cc40c9f2508c1dde8fc79b324f27e029f2d84aed35c039754a5d33a775a009f,projects/modellearning/logs/run.googleapis.com%2Fstdout,,2024-02-29T20:26:34.911722178Z,sscartquery,northamerica-northeast1,modellearning,sscartquery-00011-jzl,sscartquery,cloud_run_revision,INFO,functions/Logic.java,2024-02-29T20:26:34.658999Z
65e0e87a0007dbfd99b59e10,functions/Logic.java,service,cpu:=40000000  rt:=33424226,cloudfunctions,00d087f5e0d2ec86d3e5125cd7f8c8da0159c6c9245f96f8b661fd58a2c43ac7b7746cbd693c48c899aa0e18c79c8f6e29e46ee53925108e8c6a70ca451f1b05c9a9d7,projects/modellearning/logs/run.googleapis.com%2Fstdout,,2024-02-29T20:26:34.579319069Z,sscartquery,northamerica-northeast1,modellearning,sscartquery-00011-jzl,sscartquery,cloud_run_revision,INFO,functions/Logic.java,2024-02-29T20:26:34.515069Z
65e0e87a000786d34bd061f6,functions/Logic.java,service,cpu:=140000000  rt:=135074398,cloudfunctions,00d087f5e04921ffa2ae878763f0217abb165fe4fe9a2e8a027ba11aed30e41dbddf4fc8615626ade2ce81a05b33cc0543a90b189fc41ef2749e7ddb07fe1c9b9eae6c,projects/modellearning/logs/run.googleapis.com%2Fstdout,,2024-02-29T20:26:34.579319069Z,sscartquery,northamerica-northeast1,modellearning,sscartquery-00011-jzl,sscartquery,cloud_run_revision,INFO,functions/Logic.java,2024-02-29T20:26:34.493267Z
65e0e87a00055f88686ea431,functions/Logic.java,service,cpu:=190000000  rt:=201518046,cloudfunctions,00d087f5e0d2ec86d3e5125cd7f8c8da0159c6c9245f96f8b661fd58a2c43ac7b7746cbd693c48c899aa0e18c79c8f6e29e46ee53925108e8c6a70ca451f1b05c9a9d7,projects/modellearning/logs/run.googleapis.com%2Fstdout,,2024-02-29T20:26:34.579319069Z,sscartquery,northamerica-northeast1,modellearning,sscartquery-00011-jzl,sscartquery,cloud_run_revision,INFO,functions/Logic.java,2024-02-29T20:26:34.352136Z
65e0e87a00045eb431686add,functions/Logic.java,service,cpu:=1470000000  rt:=1532447803,cloudfunctions,00d087f5e096f10c047c63271bf3ad0a02126a02b2e38fa8048979e18ea67d746ffa403f88d9a80d0fd5b28bb55609f2a74100003294e282c98f0e4563ee611fd74e6e,projects/modellearning/logs/run.googleapis.com%2Fstdout,,2024-02-29T20:26:34.579319069Z,sscartquery,northamerica-northeast1,modellearning,sscartquery-00011-jzl,sscartquery,cloud_run_revision,INFO,functions/Logic.java,2024-02-29T20:26:34.286388Z
65e0e87a00024509626ebfa0,functions/Logic.java,service,cpu:=3480000000  rt:=4356365083,cloudfunctions,00d087f5e04921ffa2ae878763f0217abb165fe4fe9a2e8a027ba11aed30e41dbddf4fc8615626ade2ce81a05b33cc0543a90b189fc41ef2749e7ddb07fe1c9b9eae6c,projects/modellearning/logs/run.googleapis.com%2Fstdout,,2024-02-29T20:26:34.246377430Z,sscartquery,northamerica-northeast1,modellearning,sscartquery-00011-jzl,sscartquery,cloud_run_revision,INFO,functions/Logic.java,2024-02-29T20:26:34.148745Z
65e0e87a00020745c3d687f5,functions/Logic.java,service,cpu:=-430000000  rt:=1085156124,cloudfunctions,00d087f5e0d4d81528cf22cb133c2e4dd9a2c4ce3eab40a6348fdb235a3535110a2312ab0cf8d4076c1e91472dbd37c7a81eb9097195cd3f6758925e661bb3dd5e03a2,projects/modellearning/logs/run.googleapis.com%2Fstdout,,2024-02-29T20:26:34.172645768Z,sscartquery,northamerica-northeast1,modellearning,sscartquery-00011-jzl,sscartquery,cloud_run_revision,INFO,functions/Logic.java,2024-02-29T20:26:34.132933Z
65e0e87a00002592f1f737c6,functions/Logic.java,service,cpu:=680000000  rt:=711396235,cloudfunctions,00d087f5e06379a276e4a585f3c5060b28341f9ba1aae00b35146eef3c6bfe293ee854779cb36f3cc9ba10b75867900165815dba5f5fb35677f9397372dd0e41039340,projects/modellearning/logs/run.googleapis.com%2Fstdout,,2024-02-29T20:26:34.246377430Z,sscartquery,northamerica-northeast1,modellearning,sscartquery-00011-jzl,sscartquery,cloud_run_revision,INFO,functions/Logic.java,2024-02-29T20:26:34.009618Z
65e0e879000e5f02f3e366d1,functions/Logic.java,service,cpu:=460000000  rt:=485596453,cloudfunctions,00d087f5e0b82d4393d4a7bbb7f14727933f8b96724a91b37d40394984760349848f0c657a1b55ad143d87d15617c08a8ba76acddb65a7eb3b550a40e4aceccdfb8d33,projects/modellearning/logs/run.googleapis.com%2Fstdout,,2024-02-29T20:26:34.246377430Z,sscartquery,northamerica-northeast1,modellearning,sscartquery-00011-jzl,sscartquery,cloud_run_revision,INFO,functions/Logic.java,2024-02-29T20:26:33.941826Z
65e0e879000d2323efcdd6a8,functions/Logic.java,service,cpu:=270000000  rt:=273015631,cloudfunctions,00d087f5e0d2ec86d3e5125cd7f8c8da0159c6c9245f96f8b661fd58a2c43ac7b7746cbd693c48c899aa0e18c79c8f6e29e46ee53925108e8c6a70ca451f1b05c9a9d7,projects/modellearning/logs/run.googleapis.com%2Fstdout,,2024-02-29T20:26:33.912813443Z,sscartquery,northamerica-northeast1,modellearning,sscartquery-00011-jzl,sscartquery,cloud_run_revision,INFO,functions/Logic.java,2024-02-29T20:26:33.860963Z
65e0e879000c5d51c7c3bc4d,functions/Logic.java,service,cpu:=240000000  rt:=242645519,cloudfunctions,00d087f5e025f1412d457ac9df76d9971bbb653901e64de3964b6771b432461e319b79b0f00c478208807a6c7a3fbf8874fe0596d4f63281afed598300217590a2678e,projects/modellearning/logs/run.googleapis.com%2Fstdout,,2024-02-29T20:26:33.912813443Z,sscartquery,northamerica-northeast1,modellearning,sscartquery-00011-jzl,sscartquery,cloud_run_revision,INFO,functions/Logic.java,2024-02-29T20:26:33.810321Z
65e0e87900072e26dcc849dc,functions/Logic.java,service,cpu:=-7410000000  rt:=3689078491,cloudfunctions,00d087f5e0508b90f669d2e778e5edb119d2cf95bbdf1d474990a4029916e734b09cb9a2fbea2793facea51d590b84a7b32d827e55698dd1314956e833b1573e692dea,projects/modellearning/logs/run.googleapis.com%2Fstdout,,2024-02-29T20:26:33.579895428Z,sscartquery,northamerica-northeast1,modellearning,sscartquery-00011-jzl,sscartquery,cloud_run_revision,INFO,functions/Logic.java,2024-02-29T20:26:33.470566Z
65e0e8790005ceb9c6607c63,functions/Logic.java,service,cpu:=890000000  rt:=922684213,cloudfunctions,00d087f5e07bdae58c1f4da3364551cac54ac5362bf1a9581e7d4bf9a32f14aae9b89d873ef09e84a16dbd253a49be122c24eb757e668e06c6c2cc19262d914e45e911,projects/modellearning/logs/run.googleapis.com%2Fstdout,,2024-02-29T20:26:33.579895428Z,sscartquery,northamerica-northeast1,modellearning,sscartquery-00011-jzl,sscartquery,cloud_run_revision,INFO,functions/Logic.java,2024-02-29T20:26:33.380601Z
65e0e8790005673d4f7ca0e3,functions/Logic.java,service,cpu:=8570000000  rt:=305983016,cloudfunctions,00d087f5e0d4d81528cf22cb133c2e4dd9a2c4ce3eab40a6348fdb235a3535110a2312ab0cf8d4076c1e91472dbd37c7a81eb9097195cd3f6758925e661bb3dd5e03a2,projects/modellearning/logs/run.googleapis.com%2Fstdout,,2024-02-29T20:26:33.506851018Z,sscartquery,northamerica-northeast1,modellearning,sscartquery-00011-jzl,sscartquery,cloud_run_revision,INFO,functions/Logic.java,2024-02-29T20:26:33.354109Z
65e0e87900023d6cee7e6edb,functions/Logic.java,service,cpu:=1850000000  rt:=1946914724,cloudfunctions,00d087f5e0c28364f40a88ea65440fad99d864800ea3cc4f8b70fe4c04ce8ea9bd6aa21cc40c9f2508c1dde8fc79b324f27e029f2d84aed35c039754a5d33a775a009f,projects/modellearning/logs/run.googleapis.com%2Fstdout,,2024-02-29T20:26:33.246839940Z,sscartquery,northamerica-northeast1,modellearning,sscartquery-00011-jzl,sscartquery,cloud_run_revision,INFO,functions/Logic.java,2024-02-29T20:26:33.146796Z
65e0e879000096ac5975e33d,functions/Logic.java,service,cpu:=960000000  rt:=987310153,cloudfunctions,00d087f5e0d2ec86d3e5125cd7f8c8da0159c6c9245f96f8b661fd58a2c43ac7b7746cbd693c48c899aa0e18c79c8f6e29e46ee53925108e8c6a70ca451f1b05c9a9d7,projects/modellearning/logs/run.googleapis.com%2Fstdout,,2024-02-29T20:26:33.246839940Z,sscartquery,northamerica-northeast1,modellearning,sscartquery-00011-jzl,sscartquery,cloud_run_revision,INFO,functions/Logic.java,2024-02-29T20:26:33.038572Z
65e0e878000d4082f2501cd8,functions/Logic.java,service,cpu:=3760000000  rt:=3897810509,cloudfunctions,00d087f5e025f1412d457ac9df76d9971bbb653901e64de3964b6771b432461e319b79b0f00c478208807a6c7a3fbf8874fe0596d4f63281afed598300217590a2678e,projects/modellearning/logs/run.googleapis.com%2Fstdout,,2024-02-29T20:26:32.914041035Z,sscartquery,northamerica-northeast1,modellearning,sscartquery-00011-jzl,sscartquery,cloud_run_revision,INFO,functions/Logic.java,2024-02-29T20:26:32.868482Z
65e0e878000ca467d221c739,functions/Logic.java,service,cpu:=500000000  rt:=508493108,cloudfunctions,00d087f5e02e95466401fe6b26a2dc3f1c606cee66edb3cc923425595f588fa173e8c4959802dc2526b02479ea51b4553ea19e70d4d79ad7fd363aa07a5c26a0cae978,projects/modellearning/logs/run.googleapis.com%2Fstdout,,2024-02-29T20:26:32.830391927Z,sscartquery,northamerica-northeast1,modellearning,sscartquery-00011-jzl,sscartquery,cloud_run_revision,INFO,functions/Logic.java,2024-02-29T20:26:32.828519Z
65e0e878000c0fcc12e0aace,functions/Logic.java,service,cpu:=20720000000  rt:=2101921690,cloudfunctions,00d087f5e0b82d4393d4a7bbb7f14727933f8b96724a91b37d40394984760349848f0c657a1b55ad143d87d15617c08a8ba76acddb65a7eb3b550a40e4aceccdfb8d33,projects/modellearning/logs/run.googleapis.com%2Fstdout,,2024-02-29T20:26:32.914041035Z,sscartquery,northamerica-northeast1,modellearning,sscartquery-00011-jzl,sscartquery,cloud_run_revision,INFO,functions/Logic.java,2024-02-29T20:26:32.790476Z
65e0e878000ac57a8316aa27,functions/Logic.java,service,cpu:=1050000000  rt:=1088917947,cloudfunctions,00d087f5e06379a276e4a585f3c5060b28341f9ba1aae00b35146eef3c6bfe293ee854779cb36f3cc9ba10b75867900165815dba5f5fb35677f9397372dd0e41039340,projects/modellearning/logs/run.googleapis.com%2Fstdout,,2024-02-29T20:26:32.914041035Z,sscartquery,northamerica-northeast1,modellearning,sscartquery-00011-jzl,sscartquery,cloud_run_revision,INFO,functions/Logic.java,2024-02-29T20:26:32.705914Z
65e0e8780008274bc7f19f21,functions/Logic.java,service,cpu:=660000000  rt:=686101852,cloudfunctions,00d087f5e096f10c047c63271bf3ad0a02126a02b2e38fa8048979e18ea67d746ffa403f88d9a80d0fd5b28bb55609f2a74100003294e282c98f0e4563ee611fd74e6e,projects/modellearning/logs/run.googleapis.com%2Fstdout,,2024-02-29T20:26:32.580579792Z,sscartquery,northamerica-northeast1,modellearning,sscartquery-00011-jzl,sscartquery,cloud_run_revision,INFO,functions/Logic.java,2024-02-29T20:26:32.534347Z
65e0e87800063af7efac52d6,functions/Logic.java,service,cpu:=1390000000  rt:=1441540316,cloudfunctions,00d087f5e07bdae58c1f4da3364551cac54ac5362bf1a9581e7d4bf9a32f14aae9b89d873ef09e84a16dbd253a49be122c24eb757e668e06c6c2cc19262d914e45e911,projects/modellearning/logs/run.googleapis.com%2Fstdout,,2024-02-29T20:26:32.580579792Z,sscartquery,northamerica-northeast1,modellearning,sscartquery-00011-jzl,sscartquery,cloud_run_revision,INFO,functions/Logic.java,2024-02-29T20:26:32.408311Z
65e0e877000d7049db00948a,functions/Logic.java,service,cpu:=860000000  rt:=890210878,cloudfunctions,00d087f5e0d2ec86d3e5125cd7f8c8da0159c6c9245f96f8b661fd58a2c43ac7b7746cbd693c48c899aa0e18c79c8f6e29e46ee53925108e8c6a70ca451f1b05c9a9d7,projects/modellearning/logs/run.googleapis.com%2Fstdout,,2024-02-29T20:26:31.914596188Z,sscartquery,northamerica-northeast1,modellearning,sscartquery-00011-jzl,sscartquery,cloud_run_revision,INFO,functions/Logic.java,2024-02-29T20:26:31.880713Z
65e0e8770008bb756266900b,functions/Logic.java,service,cpu:=-2810000000  rt:=1780482278,cloudfunctions,00d087f5e04921ffa2ae878763f0217abb165fe4fe9a2e8a027ba11aed30e41dbddf4fc8615626ade2ce81a05b33cc0543a90b189fc41ef2749e7ddb07fe1c9b9eae6c,projects/modellearning/logs/run.googleapis.com%2Fstdout,,2024-02-29T20:26:31.581757448Z,sscartquery,northamerica-northeast1,modellearning,sscartquery-00011-jzl,sscartquery,cloud_run_revision,INFO,functions/Logic.java,2024-02-29T20:26:31.572277Z
65e0e8770006a1413d12937a,functions/Logic.java,service,cpu:=1390000000  rt:=1421101620,cloudfunctions,00d087f5e096f10c047c63271bf3ad0a02126a02b2e38fa8048979e18ea67d746ffa403f88d9a80d0fd5b28bb55609f2a74100003294e282c98f0e4563ee611fd74e6e,projects/modellearning/logs/run.googleapis.com%2Fstdout,,2024-02-29T20:26:31.581757448Z,sscartquery,northamerica-northeast1,modellearning,sscartquery-00011-jzl,sscartquery,cloud_run_revision,INFO,functions/Logic.java,2024-02-29T20:26:31.434497Z
65e0e877000428b4806227d4,functions/Logic.java,service,cpu:=310000000  rt:=584266672,cloudfunctions,00d087f5e0b82d4393d4a7bbb7f14727933f8b96724a91b37d40394984760349848f0c657a1b55ad143d87d15617c08a8ba76acddb65a7eb3b550a40e4aceccdfb8d33,projects/modellearning/logs/run.googleapis.com%2Fstdout,,2024-02-29T20:26:31.581757448Z,sscartquery,northamerica-northeast1,modellearning,sscartquery-00011-jzl,sscartquery,cloud_run_revision,INFO,functions/Logic.java,2024-02-29T20:26:31.272564Z
65e0e8770003e57b2560cc5d,functions/Logic.java,service,cpu:=1000000000  rt:=1041664242,cloudfunctions,00d087f5e0fb53247b367efd3d5bd3eb6ec2079ea1f90edc419a49866437bf458cfeca444aeaa3b7daf5636b05c06cb47d5f161f950d27b45213cc036890ef6262ebf3,projects/modellearning/logs/run.googleapis.com%2Fstdout,,2024-02-29T20:26:31.581757448Z,sscartquery,northamerica-northeast1,modellearning,sscartquery-00011-jzl,sscartquery,cloud_run_revision,INFO,functions/Logic.java,2024-02-29T20:26:31.255355Z
65e0e8770000ef3c716961ee,functions/Logic.java,service,cpu:=1370000000  rt:=1401253192,cloudfunctions,00d087f5e06379a276e4a585f3c5060b28341f9ba1aae00b35146eef3c6bfe293ee854779cb36f3cc9ba10b75867900165815dba5f5fb35677f9397372dd0e41039340,projects/modellearning/logs/run.googleapis.com%2Fstdout,,2024-02-29T20:26:31.248497876Z,sscartquery,northamerica-northeast1,modellearning,sscartquery-00011-jzl,sscartquery,cloud_run_revision,INFO,functions/Logic.java,2024-02-29T20:26:31.061244Z
65e0e87700008620663df74a,functions/Logic.java,service,cpu:=-600000000  rt:=1278787464,cloudfunctions,00d087f5e0c28364f40a88ea65440fad99d864800ea3cc4f8b70fe4c04ce8ea9bd6aa21cc40c9f2508c1dde8fc79b324f27e029f2d84aed35c039754a5d33a775a009f,projects/modellearning/logs/run.googleapis.com%2Fstdout,,2024-02-29T20:26:31.248497876Z,sscartquery,northamerica-northeast1,modellearning,sscartquery-00011-jzl,sscartquery,cloud_run_revision,INFO,functions/Logic.java,2024-02-29T20:26:31.034336Z
65e0e876000eadf4e52203cd,functions/Logic.java,service,cpu:=740000000  rt:=1206481608,cloudfunctions,00d087f5e0c28364f40a88ea65440fad99d864800ea3cc4f8b70fe4c04ce8ea9bd6aa21cc40c9f2508c1dde8fc79b324f27e029f2d84aed35c039754a5d33a775a009f,projects/modellearning/logs/run.googleapis.com%2Fstdout,,2024-02-29T20:26:31.248497876Z,sscartquery,northamerica-northeast1,modellearning,sscartquery-00011-jzl,sscartquery,cloud_run_revision,INFO,functions/Logic.java,2024-02-29T20:26:30.962036Z
65e0e876000d8739e3622c87,functions/Logic.java,service,cpu:=250000000  rt:=251099638,cloudfunctions,00d087f5e0d2ec86d3e5125cd7f8c8da0159c6c9245f96f8b661fd58a2c43ac7b7746cbd693c48c899aa0e18c79c8f6e29e46ee53925108e8c6a70ca451f1b05c9a9d7,projects/modellearning/logs/run.googleapis.com%2Fstdout,,2024-02-29T20:26:30.916512161Z,sscartquery,northamerica-northeast1,modellearning,sscartquery-00011-jzl,sscartquery,cloud_run_revision,INFO,functions/Logic.java,2024-02-29T20:26:30.886585Z
65e0e876000d2eea541e920b,functions/Logic.java,service,cpu:=3800000000  rt:=3990352609,cloudfunctions,00d087f5e07bdae58c1f4da3364551cac54ac5362bf1a9581e7d4bf9a32f14aae9b89d873ef09e84a16dbd253a49be122c24eb757e668e06c6c2cc19262d914e45e911,projects/modellearning/logs/run.googleapis.com%2Fstdout,,2024-02-29T20:26:30.916512161Z,sscartquery,northamerica-northeast1,modellearning,sscartquery-00011-jzl,sscartquery,cloud_run_revision,INFO,functions/Logic.java,2024-02-29T20:26:30.863978Z
65e0e8760008b3c2c5fa58f2,functions/Logic.java,service,cpu:=550000000  rt:=557162972,cloudfunctions,00d087f5e0d2ec86d3e5125cd7f8c8da0159c6c9245f96f8b661fd58a2c43ac7b7746cbd693c48c899aa0e18c79c8f6e29e46ee53925108e8c6a70ca451f1b05c9a9d7,projects/modellearning/logs/run.googleapis.com%2Fstdout,,2024-02-29T20:26:30.582580334Z,sscartquery,northamerica-northeast1,modellearning,sscartquery-00011-jzl,sscartquery,cloud_run_revision,INFO,functions/Logic.java,2024-02-29T20:26:30.570306Z
65e0e87600051a41b7d743c0,functions/Logic.java,service,cpu:=600000000  rt:=695494549,cloudfunctions,00d087f5e0b82d4393d4a7bbb7f14727933f8b96724a91b37d40394984760349848f0c657a1b55ad143d87d15617c08a8ba76acddb65a7eb3b550a40e4aceccdfb8d33,projects/modellearning/logs/run.googleapis.com%2Fstdout,,2024-02-29T20:26:30.582580334Z,sscartquery,northamerica-northeast1,modellearning,sscartquery-00011-jzl,sscartquery,cloud_run_revision,INFO,functions/Logic.java,2024-02-29T20:26:30.334401Z
65e0e8760003fcc6dfa874d3,functions/Logic.java,service,cpu:=230000000  rt:=480104056,cloudfunctions,00d087f5e0508b90f669d2e778e5edb119d2cf95bbdf1d474990a4029916e734b09cb9a2fbea2793facea51d590b84a7b32d827e55698dd1314956e833b1573e692dea,projects/modellearning/logs/run.googleapis.com%2Fstdout,,2024-02-29T20:26:30.582580334Z,sscartquery,northamerica-northeast1,modellearning,sscartquery-00011-jzl,sscartquery,cloud_run_revision,INFO,functions/Logic.java,2024-02-29T20:26:30.261318Z
65e0e8760000882796bc486a,functions/Logic.java,service,cpu:=110000000  rt:=104180409,cloudfunctions,00d087f5e0fb53247b367efd3d5bd3eb6ec2079ea1f90edc419a49866437bf458cfeca444aeaa3b7daf5636b05c06cb47d5f161f950d27b45213cc036890ef6262ebf3,projects/modellearning/logs/run.googleapis.com%2Fstdout,,2024-02-29T20:26:30.250690064Z,sscartquery,northamerica-northeast1,modellearning,sscartquery-00011-jzl,sscartquery,cloud_run_revision,INFO,functions/Logic.java,2024-02-29T20:26:30.034855Z
65e0e875000f0dd6dd4c63be,functions/Logic.java,service,cpu:=3160000000  rt:=3275166712,cloudfunctions,00d087f5e096f10c047c63271bf3ad0a02126a02b2e38fa8048979e18ea67d746ffa403f88d9a80d0fd5b28bb55609f2a74100003294e282c98f0e4563ee611fd74e6e,projects/modellearning/logs/run.googleapis.com%2Fstdout,,2024-02-29T20:26:30.250690064Z,sscartquery,northamerica-northeast1,modellearning,sscartquery-00011-jzl,sscartquery,cloud_run_revision,INFO,functions/Logic.java,2024-02-29T20:26:29.986582Z
65e0e875000cfe2fd31def53,functions/Logic.java,service,cpu:=1240000000  rt:=1273940466,cloudfunctions,00d087f5e0d2ec86d3e5125cd7f8c8da0159c6c9245f96f8b661fd58a2c43ac7b7746cbd693c48c899aa0e18c79c8f6e29e46ee53925108e8c6a70ca451f1b05c9a9d7,projects/modellearning/logs/run.googleapis.com%2Fstdout,,2024-02-29T20:26:29.917566589Z,sscartquery,northamerica-northeast1,modellearning,sscartquery-00011-jzl,sscartquery,cloud_run_revision,INFO,functions/Logic.java,2024-02-29T20:26:29.851503Z
65e0e875000c093b10c0c5da,functions/Logic.java,service,cpu:=380000000  rt:=390037965,cloudfunctions,00d087f5e0fb53247b367efd3d5bd3eb6ec2079ea1f90edc419a49866437bf458cfeca444aeaa3b7daf5636b05c06cb47d5f161f950d27b45213cc036890ef6262ebf3,projects/modellearning/logs/run.googleapis.com%2Fstdout,,2024-02-29T20:26:29.917566589Z,sscartquery,northamerica-northeast1,modellearning,sscartquery-00011-jzl,sscartquery,cloud_run_revision,INFO,functions/Logic.java,2024-02-29T20:26:29.788795Z
65e0e8750005fa972149436c,functions/Logic.java,service,cpu:=520000000  rt:=540814974,cloudfunctions,00d087f5e06379a276e4a585f3c5060b28341f9ba1aae00b35146eef3c6bfe293ee854779cb36f3cc9ba10b75867900165815dba5f5fb35677f9397372dd0e41039340,projects/modellearning/logs/run.googleapis.com%2Fstdout,,2024-02-29T20:26:29.583493641Z,sscartquery,northamerica-northeast1,modellearning,sscartquery-00011-jzl,sscartquery,cloud_run_revision,INFO,functions/Logic.java,2024-02-29T20:26:29.391831Z
65e0e87500051ad83ce720db,functions/Logic.java,service,cpu:=270000000  rt:=289837879,cloudfunctions,00d087f5e0b82d4393d4a7bbb7f14727933f8b96724a91b37d40394984760349848f0c657a1b55ad143d87d15617c08a8ba76acddb65a7eb3b550a40e4aceccdfb8d33,projects/modellearning/logs/run.googleapis.com%2Fstdout,,2024-02-29T20:26:29.583493641Z,sscartquery,northamerica-northeast1,modellearning,sscartquery-00011-jzl,sscartquery,cloud_run_revision,INFO,functions/Logic.java,2024-02-29T20:26:29.334552Z
65e0e8750002d2eb0ae5ecc1,functions/Logic.java,service,cpu:=1110000000  rt:=1143567072,cloudfunctions,00d087f5e0fb53247b367efd3d5bd3eb6ec2079ea1f90edc419a49866437bf458cfeca444aeaa3b7daf5636b05c06cb47d5f161f950d27b45213cc036890ef6262ebf3,projects/modellearning/logs/run.googleapis.com%2Fstdout,,2024-02-29T20:26:29.251632381Z,sscartquery,northamerica-northeast1,modellearning,sscartquery-00011-jzl,sscartquery,cloud_run_revision,INFO,functions/Logic.java,2024-02-29T20:26:29.185067Z
65e0e87500014548dd220a04,functions/Logic.java,service,cpu:=360000000  rt:=360600186,cloudfunctions,00d087f5e04921ffa2ae878763f0217abb165fe4fe9a2e8a027ba11aed30e41dbddf4fc8615626ade2ce81a05b33cc0543a90b189fc41ef2749e7ddb07fe1c9b9eae6c,projects/modellearning/logs/run.googleapis.com%2Fstdout,,2024-02-29T20:26:29.251632381Z,sscartquery,northamerica-northeast1,modellearning,sscartquery-00011-jzl,sscartquery,cloud_run_revision,INFO,functions/Logic.java,2024-02-29T20:26:29.083272Z
65e0e8740008f206cc124671,functions/Logic.java,service,cpu:=1830000000  rt:=1880816862,cloudfunctions,00d087f5e0b82d4393d4a7bbb7f14727933f8b96724a91b37d40394984760349848f0c657a1b55ad143d87d15617c08a8ba76acddb65a7eb3b550a40e4aceccdfb8d33,projects/modellearning/logs/run.googleapis.com%2Fstdout,,2024-02-29T20:26:28.917469334Z,sscartquery,northamerica-northeast1,modellearning,sscartquery-00011-jzl,sscartquery,cloud_run_revision,INFO,functions/Logic.java,2024-02-29T20:26:28.586246Z
65e0e8740007a688099d5449,functions/Logic.java,service,cpu:=1420000000  rt:=1452075128,cloudfunctions,00d087f5e0508b90f669d2e778e5edb119d2cf95bbdf1d474990a4029916e734b09cb9a2fbea2793facea51d590b84a7b32d827e55698dd1314956e833b1573e692dea,projects/modellearning/logs/run.googleapis.com%2Fstdout,,2024-02-29T20:26:28.584449763Z,sscartquery,northamerica-northeast1,modellearning,sscartquery-00011-jzl,sscartquery,cloud_run_revision,INFO,functions/Logic.java,2024-02-29T20:26:28.501384Z
65e0e87400079a0d3934c36b,functions/Logic.java,service,cpu:=2070000000  rt:=2124785053,cloudfunctions,00d087f5e025f1412d457ac9df76d9971bbb653901e64de3964b6771b432461e319b79b0f00c478208807a6c7a3fbf8874fe0596d4f63281afed598300217590a2678e,projects/modellearning/logs/run.googleapis.com%2Fstdout,,2024-02-29T20:26:28.584449763Z,sscartquery,northamerica-northeast1,modellearning,sscartquery-00011-jzl,sscartquery,cloud_run_revision,INFO,functions/Logic.java,2024-02-29T20:26:28.498189Z
65e0e8740003ea3286741855,functions/Logic.java,service,cpu:=270000000  rt:=280365043,cloudfunctions,00d087f5e06379a276e4a585f3c5060b28341f9ba1aae00b35146eef3c6bfe293ee854779cb36f3cc9ba10b75867900165815dba5f5fb35677f9397372dd0e41039340,projects/modellearning/logs/run.googleapis.com%2Fstdout,,2024-02-29T20:26:28.584449763Z,sscartquery,northamerica-northeast1,modellearning,sscartquery-00011-jzl,sscartquery,cloud_run_revision,INFO,functions/Logic.java,2024-02-29T20:26:28.256562Z
65e0e8740002e05b46047847,functions/Logic.java,service,cpu:=990000000  rt:=1026801981,cloudfunctions,00d087f5e04921ffa2ae878763f0217abb165fe4fe9a2e8a027ba11aed30e41dbddf4fc8615626ade2ce81a05b33cc0543a90b189fc41ef2749e7ddb07fe1c9b9eae6c,projects/modellearning/logs/run.googleapis.com%2Fstdout,,2024-02-29T20:26:28.251711024Z,sscartquery,northamerica-northeast1,modellearning,sscartquery-00011-jzl,sscartquery,cloud_run_revision,INFO,functions/Logic.java,2024-02-29T20:26:28.188507Z
65e0e873000f043e62253fb1,functions/Logic.java,service,cpu:=3240000000  rt:=3347727932,cloudfunctions,00d087f5e0fb53247b367efd3d5bd3eb6ec2079ea1f90edc419a49866437bf458cfeca444aeaa3b7daf5636b05c06cb47d5f161f950d27b45213cc036890ef6262ebf3,projects/modellearning/logs/run.googleapis.com%2Fstdout,,2024-02-29T20:26:28.251711024Z,sscartquery,northamerica-northeast1,modellearning,sscartquery-00011-jzl,sscartquery,cloud_run_revision,INFO,functions/Logic.java,2024-02-29T20:26:27.984126Z
65e0e8730006a06fbf694023,functions/Logic.java,service,cpu:=630000000  rt:=656215862,cloudfunctions,00d087f5e0c28364f40a88ea65440fad99d864800ea3cc4f8b70fe4c04ce8ea9bd6aa21cc40c9f2508c1dde8fc79b324f27e029f2d84aed35c039754a5d33a775a009f,projects/modellearning/logs/run.googleapis.com%2Fstdout,,2024-02-29T20:26:27.585266182Z,sscartquery,northamerica-northeast1,modellearning,sscartquery-00011-jzl,sscartquery,cloud_run_revision,INFO,functions/Logic.java,2024-02-29T20:26:27.434287Z
65e0e873000537d5c96d091b,functions/Logic.java,service,cpu:=1340000000  rt:=1387496844,cloudfunctions,00d087f5e06379a276e4a585f3c5060b28341f9ba1aae00b35146eef3c6bfe293ee854779cb36f3cc9ba10b75867900165815dba5f5fb35677f9397372dd0e41039340,projects/modellearning/logs/run.googleapis.com%2Fstdout,,2024-02-29T20:26:27.585266182Z,sscartquery,northamerica-northeast1,modellearning,sscartquery-00011-jzl,sscartquery,cloud_run_revision,INFO,functions/Logic.java,2024-02-29T20:26:27.341973Z
65e0e872000ef97687d51384,functions/Logic.java,service,cpu:=1200000000  rt:=1241112436,cloudfunctions,00d087f5e04921ffa2ae878763f0217abb165fe4fe9a2e8a027ba11aed30e41dbddf4fc8615626ade2ce81a05b33cc0543a90b189fc41ef2749e7ddb07fe1c9b9eae6c,projects/modellearning/logs/run.googleapis.com%2Fstdout,,2024-02-29T20:26:27.253246312Z,sscartquery,northamerica-northeast1,modellearning,sscartquery-00011-jzl,sscartquery,cloud_run_revision,INFO,functions/Logic.java,2024-02-29T20:26:26.981366Z
65e0e872000d70f9d65be169,functions/Logic.java,service,cpu:=710000000  rt:=715904393,cloudfunctions,00d087f5e0508b90f669d2e778e5edb119d2cf95bbdf1d474990a4029916e734b09cb9a2fbea2793facea51d590b84a7b32d827e55698dd1314956e833b1573e692dea,projects/modellearning/logs/run.googleapis.com%2Fstdout,,2024-02-29T20:26:26.920181412Z,sscartquery,northamerica-northeast1,modellearning,sscartquery-00011-jzl,sscartquery,cloud_run_revision,INFO,functions/Logic.java,2024-02-29T20:26:26.880889Z
65e0e872000c3ae7604d7e48,functions/Logic.java,service,cpu:=1830000000  rt:=1906204610,cloudfunctions,00d087f5e07bdae58c1f4da3364551cac54ac5362bf1a9581e7d4bf9a32f14aae9b89d873ef09e84a16dbd253a49be122c24eb757e668e06c6c2cc19262d914e45e911,projects/modellearning/logs/run.googleapis.com%2Fstdout,,2024-02-29T20:26:26.920181412Z,sscartquery,northamerica-northeast1,modellearning,sscartquery-00011-jzl,sscartquery,cloud_run_revision,INFO,functions/Logic.java,2024-02-29T20:26:26.801511Z
65e0e8720008b1874dbc05cd,functions/Logic.java,service,cpu:=900000000  rt:=918144073,cloudfunctions,00d087f5e0c28364f40a88ea65440fad99d864800ea3cc4f8b70fe4c04ce8ea9bd6aa21cc40c9f2508c1dde8fc79b324f27e029f2d84aed35c039754a5d33a775a009f,projects/modellearning/logs/run.googleapis.com%2Fstdout,,2024-02-29T20:26:26.586198621Z,sscartquery,northamerica-northeast1,modellearning,sscartquery-00011-jzl,sscartquery,cloud_run_revision,INFO,functions/Logic.java,2024-02-29T20:26:26.569735Z
65e0e87200035dd2d53ad1d7,functions/Logic.java,service,cpu:=30000000  rt:=22385245,cloudfunctions,00d087f5e096f10c047c63271bf3ad0a02126a02b2e38fa8048979e18ea67d746ffa403f88d9a80d0fd5b28bb55609f2a74100003294e282c98f0e4563ee611fd74e6e,projects/modellearning/logs/run.googleapis.com%2Fstdout,,2024-02-29T20:26:26.254127761Z,sscartquery,northamerica-northeast1,modellearning,sscartquery-00011-jzl,sscartquery,cloud_run_revision,INFO,functions/Logic.java,2024-02-29T20:26:26.220626Z
65e0e872000336182d1a17f4,functions/Logic.java,service,cpu:=430000000  rt:=435862518,cloudfunctions,00d087f5e0b82d4393d4a7bbb7f14727933f8b96724a91b37d40394984760349848f0c657a1b55ad143d87d15617c08a8ba76acddb65a7eb3b550a40e4aceccdfb8d33,projects/modellearning/logs/run.googleapis.com%2Fstdout,,2024-02-29T20:26:26.254127761Z,sscartquery,northamerica-northeast1,modellearning,sscartquery-00011-jzl,sscartquery,cloud_run_revision,INFO,functions/Logic.java,2024-02-29T20:26:26.210456Z
65e0e8720002d118182dad93,functions/Logic.java,service,cpu:=1850000000  rt:=1901411216,cloudfunctions,00d087f5e025f1412d457ac9df76d9971bbb653901e64de3964b6771b432461e319b79b0f00c478208807a6c7a3fbf8874fe0596d4f63281afed598300217590a2678e,projects/modellearning/logs/run.googleapis.com%2Fstdout,,2024-02-29T20:26:26.254127761Z,sscartquery,northamerica-northeast1,modellearning,sscartquery-00011-jzl,sscartquery,cloud_run_revision,INFO,functions/Logic.java,2024-02-29T20:26:26.184600Z
65e0e871000b6a6459ff5182,functions/Logic.java,service,cpu:=400000000  rt:=441585894,cloudfunctions,00d087f5e096f10c047c63271bf3ad0a02126a02b2e38fa8048979e18ea67d746ffa403f88d9a80d0fd5b28bb55609f2a74100003294e282c98f0e4563ee611fd74e6e,projects/modellearning/logs/run.googleapis.com%2Fstdout,,2024-02-29T20:26:25.920176149Z,sscartquery,northamerica-northeast1,modellearning,sscartquery-00011-jzl,sscartquery,cloud_run_revision,INFO,functions/Logic.java,2024-02-29T20:26:25.748132Z
65e0e871000a38083a145c1d,functions/Logic.java,service,cpu:=80000000  rt:=80513014,cloudfunctions,00d087f5e0508b90f669d2e778e5edb119d2cf95bbdf1d474990a4029916e734b09cb9a2fbea2793facea51d590b84a7b32d827e55698dd1314956e833b1573e692dea,projects/modellearning/logs/run.googleapis.com%2Fstdout,,2024-02-29T20:26:25.920176149Z,sscartquery,northamerica-northeast1,modellearning,sscartquery-00011-jzl,sscartquery,cloud_run_revision,INFO,functions/Logic.java,2024-02-29T20:26:25.669704Z
65e0e8710007652855b14af9,functions/Logic.java,service,cpu:=530000000  rt:=554009343,cloudfunctions,00d087f5e06379a276e4a585f3c5060b28341f9ba1aae00b35146eef3c6bfe293ee854779cb36f3cc9ba10b75867900165815dba5f5fb35677f9397372dd0e41039340,projects/modellearning/logs/run.googleapis.com%2Fstdout,,2024-02-29T20:26:25.587149841Z,sscartquery,northamerica-northeast1,modellearning,sscartquery-00011-jzl,sscartquery,cloud_run_revision,INFO,functions/Logic.java,2024-02-29T20:26:25.484648Z
65e0e87100040dbc39f4a372,functions/Logic.java,service,cpu:=160000000  rt:=160802997,cloudfunctions,00d087f5e0d4d81528cf22cb133c2e4dd9a2c4ce3eab40a6348fdb235a3535110a2312ab0cf8d4076c1e91472dbd37c7a81eb9097195cd3f6758925e661bb3dd5e03a2,projects/modellearning/logs/run.googleapis.com%2Fstdout,,2024-02-29T20:26:25.514611770Z,sscartquery,northamerica-northeast1,modellearning,sscartquery-00011-jzl,sscartquery,cloud_run_revision,INFO,functions/Logic.java,2024-02-29T20:26:25.265660Z
65e0e871000393c5c517b5a0,functions/Logic.java,service,cpu:=2810000000  rt:=2910377817,cloudfunctions,00d087f5e0b82d4393d4a7bbb7f14727933f8b96724a91b37d40394984760349848f0c657a1b55ad143d87d15617c08a8ba76acddb65a7eb3b550a40e4aceccdfb8d33,projects/modellearning/logs/run.googleapis.com%2Fstdout,,2024-02-29T20:26:25.255285609Z,sscartquery,northamerica-northeast1,modellearning,sscartquery-00011-jzl,sscartquery,cloud_run_revision,INFO,functions/Logic.java,2024-02-29T20:26:25.234437Z
65e0e870000e679a461a881f,functions/Logic.java,service,cpu:=3440000000  rt:=3587097506,cloudfunctions,00d087f5e04921ffa2ae878763f0217abb165fe4fe9a2e8a027ba11aed30e41dbddf4fc8615626ade2ce81a05b33cc0543a90b189fc41ef2749e7ddb07fe1c9b9eae6c,projects/modellearning/logs/run.googleapis.com%2Fstdout,,2024-02-29T20:26:25.255285609Z,sscartquery,northamerica-northeast1,modellearning,sscartquery-00011-jzl,sscartquery,cloud_run_revision,INFO,functions/Logic.java,2024-02-29T20:26:24.944026Z
65e0e870000d5aa29665d1dd,functions/Logic.java,service,cpu:=2100000000  rt:=2177703367,cloudfunctions,00d087f5e0c28364f40a88ea65440fad99d864800ea3cc4f8b70fe4c04ce8ea9bd6aa21cc40c9f2508c1dde8fc79b324f27e029f2d84aed35c039754a5d33a775a009f,projects/modellearning/logs/run.googleapis.com%2Fstdout,,2024-02-29T20:26:24.921088050Z,sscartquery,northamerica-northeast1,modellearning,sscartquery-00011-jzl,sscartquery,cloud_run_revision,INFO,functions/Logic.java,2024-02-29T20:26:24.875170Z
65e0e870000d0e9260dd52db,functions/Logic.java,service,cpu:=560000000  rt:=569002304,cloudfunctions,00d087f5e0508b90f669d2e778e5edb119d2cf95bbdf1d474990a4029916e734b09cb9a2fbea2793facea51d590b84a7b32d827e55698dd1314956e833b1573e692dea,projects/modellearning/logs/run.googleapis.com%2Fstdout,,2024-02-29T20:26:24.921088050Z,sscartquery,northamerica-northeast1,modellearning,sscartquery-00011-jzl,sscartquery,cloud_run_revision,INFO,functions/Logic.java,2024-02-29T20:26:24.855698Z
65e0e870000c7d71d18097e3,functions/Logic.java,service,cpu:=740000000  rt:=771404202,cloudfunctions,00d087f5e0d4d81528cf22cb133c2e4dd9a2c4ce3eab40a6348fdb235a3535110a2312ab0cf8d4076c1e91472dbd37c7a81eb9097195cd3f6758925e661bb3dd5e03a2,projects/modellearning/logs/run.googleapis.com%2Fstdout,,2024-02-29T20:26:24.848466934Z,sscartquery,northamerica-northeast1,modellearning,sscartquery-00011-jzl,sscartquery,cloud_run_revision,INFO,functions/Logic.java,2024-02-29T20:26:24.818545Z
65e0e870000aeffd0e886466,functions/Logic.java,service,cpu:=310000000  rt:=669386458,cloudfunctions,00d087f5e0d4d81528cf22cb133c2e4dd9a2c4ce3eab40a6348fdb235a3535110a2312ab0cf8d4076c1e91472dbd37c7a81eb9097195cd3f6758925e661bb3dd5e03a2,projects/modellearning/logs/run.googleapis.com%2Fstdout,,2024-02-29T20:26:24.848466934Z,sscartquery,northamerica-northeast1,modellearning,sscartquery-00011-jzl,sscartquery,cloud_run_revision,INFO,functions/Logic.java,2024-02-29T20:26:24.716797Z
65e0e87000093d428329062e,functions/Logic.java,service,cpu:=810000000  rt:=838921433,cloudfunctions,00d087f5e096f10c047c63271bf3ad0a02126a02b2e38fa8048979e18ea67d746ffa403f88d9a80d0fd5b28bb55609f2a74100003294e282c98f0e4563ee611fd74e6e,projects/modellearning/logs/run.googleapis.com%2Fstdout,,2024-02-29T20:26:24.921088050Z,sscartquery,northamerica-northeast1,modellearning,sscartquery-00011-jzl,sscartquery,cloud_run_revision,INFO,functions/Logic.java,2024-02-29T20:26:24.605506Z
65e0e87000082825b149852f,functions/Logic.java,service,cpu:=1750000000  rt:=1821984967,cloudfunctions,00d087f5e06379a276e4a585f3c5060b28341f9ba1aae00b35146eef3c6bfe293ee854779cb36f3cc9ba10b75867900165815dba5f5fb35677f9397372dd0e41039340,projects/modellearning/logs/run.googleapis.com%2Fstdout,,2024-02-29T20:26:24.589085894Z,sscartquery,northamerica-northeast1,modellearning,sscartquery-00011-jzl,sscartquery,cloud_run_revision,INFO,functions/Logic.java,2024-02-29T20:26:24.534565Z
65e0e87000069b5069377f59,functions/Logic.java,service,cpu:=9500000000  rt:=373507226,cloudfunctions,00d087f5e0d4d81528cf22cb133c2e4dd9a2c4ce3eab40a6348fdb235a3535110a2312ab0cf8d4076c1e91472dbd37c7a81eb9097195cd3f6758925e661bb3dd5e03a2,projects/modellearning/logs/run.googleapis.com%2Fstdout,,2024-02-29T20:26:24.515846332Z,sscartquery,northamerica-northeast1,modellearning,sscartquery-00011-jzl,sscartquery,cloud_run_revision,INFO,functions/Logic.java,2024-02-29T20:26:24.432976Z
65e0e87000051d4c3bf60f13,functions/Logic.java,service,cpu:=110000000  rt:=103335627,cloudfunctions,00d087f5e0fb53247b367efd3d5bd3eb6ec2079ea1f90edc419a49866437bf458cfeca444aeaa3b7daf5636b05c06cb47d5f161f950d27b45213cc036890ef6262ebf3,projects/modellearning/logs/run.googleapis.com%2Fstdout,,2024-02-29T20:26:24.589085894Z,sscartquery,northamerica-northeast1,modellearning,sscartquery-00011-jzl,sscartquery,cloud_run_revision,INFO,functions/Logic.java,2024-02-29T20:26:24.335180Z
65e0e870000139507c9f4d1e,functions/Logic.java,service,cpu:=2130000000  rt:=2172563114,cloudfunctions,00d087f5e0fb53247b367efd3d5bd3eb6ec2079ea1f90edc419a49866437bf458cfeca444aeaa3b7daf5636b05c06cb47d5f161f950d27b45213cc036890ef6262ebf3,projects/modellearning/logs/run.googleapis.com%2Fstdout,,2024-02-29T20:26:24.255244609Z,sscartquery,northamerica-northeast1,modellearning,sscartquery-00011-jzl,sscartquery,cloud_run_revision,INFO,functions/Logic.java,2024-02-29T20:26:24.080208Z
65e0e86f000e18ab756e9312,functions/Logic.java,service,cpu:=60000000  rt:=58055135,cloudfunctions,00d087f5e07bdae58c1f4da3364551cac54ac5362bf1a9581e7d4bf9a32f14aae9b89d873ef09e84a16dbd253a49be122c24eb757e668e06c6c2cc19262d914e45e911,projects/modellearning/logs/run.googleapis.com%2Fstdout,,2024-02-29T20:26:24.255244609Z,sscartquery,northamerica-northeast1,modellearning,sscartquery-00011-jzl,sscartquery,cloud_run_revision,INFO,functions/Logic.java,2024-02-29T20:26:23.923819Z
65e0e86f000b861a864b2d07,functions/Logic.java,service,cpu:=540000000  rt:=566258661,cloudfunctions,00d087f5e0508b90f669d2e778e5edb119d2cf95bbdf1d474990a4029916e734b09cb9a2fbea2793facea51d590b84a7b32d827e55698dd1314956e833b1573e692dea,projects/modellearning/logs/run.googleapis.com%2Fstdout,,2024-02-29T20:26:23.921977083Z,sscartquery,northamerica-northeast1,modellearning,sscartquery-00011-jzl,sscartquery,cloud_run_revision,INFO,functions/Logic.java,2024-02-29T20:26:23.755226Z
65e0e86f0005c6f9e74a3065,functions/Logic.java,service,cpu:=960000000  rt:=1021752939,cloudfunctions,00d087f5e025f1412d457ac9df76d9971bbb653901e64de3964b6771b432461e319b79b0f00c478208807a6c7a3fbf8874fe0596d4f63281afed598300217590a2678e,projects/modellearning/logs/run.googleapis.com%2Fstdout,,2024-02-29T20:26:23.590493532Z,sscartquery,northamerica-northeast1,modellearning,sscartquery-00011-jzl,sscartquery,cloud_run_revision,INFO,functions/Logic.java,2024-02-29T20:26:23.378617Z
65e0e86f0004a7a6a2853cb0,functions/Logic.java,service,cpu:=1070000000  rt:=1092601734,cloudfunctions,00d087f5e07bdae58c1f4da3364551cac54ac5362bf1a9581e7d4bf9a32f14aae9b89d873ef09e84a16dbd253a49be122c24eb757e668e06c6c2cc19262d914e45e911,projects/modellearning/logs/run.googleapis.com%2Fstdout,,2024-02-29T20:26:23.590493532Z,sscartquery,northamerica-northeast1,modellearning,sscartquery-00011-jzl,sscartquery,cloud_run_revision,INFO,functions/Logic.java,2024-02-29T20:26:23.305062Z
65e0e86f0002c62621917ce5,functions/Logic.java,service,cpu:=-5510000000  rt:=646518242,cloudfunctions,00d087f5e0d4d81528cf22cb133c2e4dd9a2c4ce3eab40a6348fdb235a3535110a2312ab0cf8d4076c1e91472dbd37c7a81eb9097195cd3f6758925e661bb3dd5e03a2,projects/modellearning/logs/run.googleapis.com%2Fstdout,,2024-02-29T20:26:23.516355736Z,sscartquery,northamerica-northeast1,modellearning,sscartquery-00011-jzl,sscartquery,cloud_run_revision,INFO,functions/Logic.java,2024-02-29T20:26:23.181798Z
65e0e86f00027eb76880cacf,functions/Logic.java,service,cpu:=390000000  rt:=391462427,cloudfunctions,00d087f5e096f10c047c63271bf3ad0a02126a02b2e38fa8048979e18ea67d746ffa403f88d9a80d0fd5b28bb55609f2a74100003294e282c98f0e4563ee611fd74e6e,projects/modellearning/logs/run.googleapis.com%2Fstdout,,2024-02-29T20:26:23.256117420Z,sscartquery,northamerica-northeast1,modellearning,sscartquery-00011-jzl,sscartquery,cloud_run_revision,INFO,functions/Logic.java,2024-02-29T20:26:23.163511Z
65e0e86f00026e800f3a3752,functions/Logic.java,service,cpu:=170000000  rt:=187419374,cloudfunctions,00d087f5e0508b90f669d2e778e5edb119d2cf95bbdf1d474990a4029916e734b09cb9a2fbea2793facea51d590b84a7b32d827e55698dd1314956e833b1573e692dea,projects/modellearning/logs/run.googleapis.com%2Fstdout,,2024-02-29T20:26:23.256117420Z,sscartquery,northamerica-northeast1,modellearning,sscartquery-00011-jzl,sscartquery,cloud_run_revision,INFO,functions/Logic.java,2024-02-29T20:26:23.159360Z
65e0e86e000be1dd6ca259b0,functions/Logic.java,service,cpu:=400000000  rt:=409107490,cloudfunctions,00d087f5e0508b90f669d2e778e5edb119d2cf95bbdf1d474990a4029916e734b09cb9a2fbea2793facea51d590b84a7b32d827e55698dd1314956e833b1573e692dea,projects/modellearning/logs/run.googleapis.com%2Fstdout,,2024-02-29T20:26:22.923217647Z,sscartquery,northamerica-northeast1,modellearning,sscartquery-00011-jzl,sscartquery,cloud_run_revision,INFO,functions/Logic.java,2024-02-29T20:26:22.778717Z
65e0e86e000ad3fdd5531881,functions/Logic.java,service,cpu:=60000000  rt:=60018108,cloudfunctions,00d087f5e096f10c047c63271bf3ad0a02126a02b2e38fa8048979e18ea67d746ffa403f88d9a80d0fd5b28bb55609f2a74100003294e282c98f0e4563ee611fd74e6e,projects/modellearning/logs/run.googleapis.com%2Fstdout,,2024-02-29T20:26:22.923217647Z,sscartquery,northamerica-northeast1,modellearning,sscartquery-00011-jzl,sscartquery,cloud_run_revision,INFO,functions/Logic.java,2024-02-29T20:26:22.709629Z
65e0e86e00096985f77cc46e,functions/Logic.java,service,cpu:=30000000  rt:=81648094,cloudfunctions,00d087f5e0d4d81528cf22cb133c2e4dd9a2c4ce3eab40a6348fdb235a3535110a2312ab0cf8d4076c1e91472dbd37c7a81eb9097195cd3f6758925e661bb3dd5e03a2,projects/modellearning/logs/run.googleapis.com%2Fstdout,,2024-02-29T20:26:22.850739294Z,sscartquery,northamerica-northeast1,modellearning,sscartquery-00011-jzl,sscartquery,cloud_run_revision,INFO,functions/Logic.java,2024-02-29T20:26:22.616837Z
65e0e86d000ec11943faeb81,functions/Logic.java,service,cpu:=300000000  rt:=344722703,cloudfunctions,00d087f5e06379a276e4a585f3c5060b28341f9ba1aae00b35146eef3c6bfe293ee854779cb36f3cc9ba10b75867900165815dba5f5fb35677f9397372dd0e41039340,projects/modellearning/logs/run.googleapis.com%2Fstdout,,2024-02-29T20:26:22.256860982Z,sscartquery,northamerica-northeast1,modellearning,sscartquery-00011-jzl,sscartquery,cloud_run_revision,INFO,functions/Logic.java,2024-02-29T20:26:21.966937Z
65e0e86d000d96923763f942,functions/Logic.java,service,cpu:=510000000  rt:=519765575,cloudfunctions,00d087f5e0c28364f40a88ea65440fad99d864800ea3cc4f8b70fe4c04ce8ea9bd6aa21cc40c9f2508c1dde8fc79b324f27e029f2d84aed35c039754a5d33a775a009f,projects/modellearning/logs/run.googleapis.com%2Fstdout,,2024-02-29T20:26:21.923997261Z,sscartquery,northamerica-northeast1,modellearning,sscartquery-00011-jzl,sscartquery,cloud_run_revision,INFO,functions/Logic.java,2024-02-29T20:26:21.890514Z
65e0e86d000d6f7c113440d2,functions/Logic.java,service,cpu:=1480000000  rt:=1508386713,cloudfunctions,00d087f5e0fb53247b367efd3d5bd3eb6ec2079ea1f90edc419a49866437bf458cfeca444aeaa3b7daf5636b05c06cb47d5f161f950d27b45213cc036890ef6262ebf3,projects/modellearning/logs/run.googleapis.com%2Fstdout,,2024-02-29T20:26:21.923997261Z,sscartquery,northamerica-northeast1,modellearning,sscartquery-00011-jzl,sscartquery,cloud_run_revision,INFO,functions/Logic.java,2024-02-29T20:26:21.880508Z
65e0e86d000c2a2e1a8d0419,functions/Logic.java,service,cpu:=1860000000  rt:=1903598048,cloudfunctions,00d087f5e096f10c047c63271bf3ad0a02126a02b2e38fa8048979e18ea67d746ffa403f88d9a80d0fd5b28bb55609f2a74100003294e282c98f0e4563ee611fd74e6e,projects/modellearning/logs/run.googleapis.com%2Fstdout,,2024-02-29T20:26:21.923997261Z,sscartquery,northamerica-northeast1,modellearning,sscartquery-00011-jzl,sscartquery,cloud_run_revision,INFO,functions/Logic.java,2024-02-29T20:26:21.797230Z
65e0e86d000a6915823746f2,functions/Logic.java,service,cpu:=2780000000  rt:=3783663697,cloudfunctions,00d087f5e02e95466401fe6b26a2dc3f1c606cee66edb3cc923425595f588fa173e8c4959802dc2526b02479ea51b4553ea19e70d4d79ad7fd363aa07a5c26a0cae978,projects/modellearning/logs/run.googleapis.com%2Fstdout,,2024-02-29T20:26:21.938841355Z,sscartquery,northamerica-northeast1,modellearning,sscartquery-00011-jzl,sscartquery,cloud_run_revision,INFO,functions/Logic.java,2024-02-29T20:26:21.682261Z
65e0e86d0008270f5c822f6f,functions/Logic.java,service,cpu:=1390000000  rt:=1453633879,cloudfunctions,00d087f5e0508b90f669d2e778e5edb119d2cf95bbdf1d474990a4029916e734b09cb9a2fbea2793facea51d590b84a7b32d827e55698dd1314956e833b1573e692dea,projects/modellearning/logs/run.googleapis.com%2Fstdout,,2024-02-29T20:26:21.591341277Z,sscartquery,northamerica-northeast1,modellearning,sscartquery-00011-jzl,sscartquery,cloud_run_revision,INFO,functions/Logic.java,2024-02-29T20:26:21.534287Z
65e0e86d00070b4002e46c97,functions/Logic.java,service,cpu:=610000000  rt:=756080039,cloudfunctions,00d087f5e025f1412d457ac9df76d9971bbb653901e64de3964b6771b432461e319b79b0f00c478208807a6c7a3fbf8874fe0596d4f63281afed598300217590a2678e,projects/modellearning/logs/run.googleapis.com%2Fstdout,,2024-02-29T20:26:21.591341277Z,sscartquery,northamerica-northeast1,modellearning,sscartquery-00011-jzl,sscartquery,cloud_run_revision,INFO,functions/Logic.java,2024-02-29T20:26:21.461632Z
65e0e86d000426a6151127d5,functions/Logic.java,service,cpu:=1650000000  rt:=1709225424,cloudfunctions,00d087f5e0b353c732f6dc4f7fcaad1cbcf77a0688d68395b2ff13ee8ddf1ea81783d9249bf389326d76729ce9a497527a9f356fca556ee0f165c49d8fcfd5b59d4136,projects/modellearning/logs/run.googleapis.com%2Fstdout,,2024-02-29T20:26:21.605928631Z,sscartquery,northamerica-northeast1,modellearning,sscartquery-00011-jzl,sscartquery,cloud_run_revision,INFO,functions/Logic.java,2024-02-29T20:26:21.272038Z
65e0e86d000393db93fe8f23,functions/Logic.java,service,cpu:=750000000  rt:=791925448,cloudfunctions,00d087f5e0b82d4393d4a7bbb7f14727933f8b96724a91b37d40394984760349848f0c657a1b55ad143d87d15617c08a8ba76acddb65a7eb3b550a40e4aceccdfb8d33,projects/modellearning/logs/run.googleapis.com%2Fstdout,,2024-02-29T20:26:21.259015092Z,sscartquery,northamerica-northeast1,modellearning,sscartquery-00011-jzl,sscartquery,cloud_run_revision,INFO,functions/Logic.java,2024-02-29T20:26:21.234459Z
65e0e86d0002e34ff63f0186,functions/Logic.java,service,cpu:=4190000000  rt:=4368788273,cloudfunctions,00d087f5e07bdae58c1f4da3364551cac54ac5362bf1a9581e7d4bf9a32f14aae9b89d873ef09e84a16dbd253a49be122c24eb757e668e06c6c2cc19262d914e45e911,projects/modellearning/logs/run.googleapis.com%2Fstdout,,2024-02-29T20:26:21.259015092Z,sscartquery,northamerica-northeast1,modellearning,sscartquery-00011-jzl,sscartquery,cloud_run_revision,INFO,functions/Logic.java,2024-02-29T20:26:21.189263Z
65e0e86d00020d30a54401e2,functions/Logic.java,service,cpu:=1160000000  rt:=1195140258,cloudfunctions,00d087f5e06379a276e4a585f3c5060b28341f9ba1aae00b35146eef3c6bfe293ee854779cb36f3cc9ba10b75867900165815dba5f5fb35677f9397372dd0e41039340,projects/modellearning/logs/run.googleapis.com%2Fstdout,,2024-02-29T20:26:21.259015092Z,sscartquery,northamerica-northeast1,modellearning,sscartquery-00011-jzl,sscartquery,cloud_run_revision,INFO,functions/Logic.java,2024-02-29T20:26:21.134448Z
65e0e86d00020d2fe01d5bea,functions/Logic.java,service,cpu:=-31610000000  rt:=428821141,cloudfunctions,00d087f5e025f1412d457ac9df76d9971bbb653901e64de3964b6771b432461e319b79b0f00c478208807a6c7a3fbf8874fe0596d4f63281afed598300217590a2678e,projects/modellearning/logs/run.googleapis.com%2Fstdout,,2024-02-29T20:26:21.259015092Z,sscartquery,northamerica-northeast1,modellearning,sscartquery-00011-jzl,sscartquery,cloud_run_revision,INFO,functions/Logic.java,2024-02-29T20:26:21.134447Z
65e0e86d0000da5af3856a7a,functions/Logic.java,service,cpu:=1770000000  rt:=1836413317,cloudfunctions,00d087f5e0c28364f40a88ea65440fad99d864800ea3cc4f8b70fe4c04ce8ea9bd6aa21cc40c9f2508c1dde8fc79b324f27e029f2d84aed35c039754a5d33a775a009f,projects/modellearning/logs/run.googleapis.com%2Fstdout,,2024-02-29T20:26:21.259015092Z,sscartquery,northamerica-northeast1,modellearning,sscartquery-00011-jzl,sscartquery,cloud_run_revision,INFO,functions/Logic.java,2024-02-29T20:26:21.055898Z
65e0e86d0000c9f1ae15a2a9,functions/Logic.java,service,cpu:=2450000000  rt:=2885544502,cloudfunctions,00d087f5e0ce9a9f9997cf078ab1a5832c4089c7aae374cd2695f988b83014e3e0174cf3c14fa040bdfb52131eaf003971492cd45d21c4e51c9aadebd69eae3445d981,projects/modellearning/logs/run.googleapis.com%2Fstdout,,2024-02-29T20:26:21.273846959Z,sscartquery,northamerica-northeast1,modellearning,sscartquery-00011-jzl,sscartquery,cloud_run_revision,INFO,functions/Logic.java,2024-02-29T20:26:21.051697Z
65e0e86c000e41a06e597d66,functions/Logic.java,service,cpu:=2100000000  rt:=2170922430,cloudfunctions,00d087f5e04921ffa2ae878763f0217abb165fe4fe9a2e8a027ba11aed30e41dbddf4fc8615626ade2ce81a05b33cc0543a90b189fc41ef2749e7ddb07fe1c9b9eae6c,projects/modellearning/logs/run.googleapis.com%2Fstdout,,2024-02-29T20:26:21.259015092Z,sscartquery,northamerica-northeast1,modellearning,sscartquery-00011-jzl,sscartquery,cloud_run_revision,INFO,functions/Logic.java,2024-02-29T20:26:20.934304Z
65e0e86c000cac857dac9906,functions/Logic.java,service,cpu:=70000000  rt:=69776476,cloudfunctions,00d087f5e0d4d81528cf22cb133c2e4dd9a2c4ce3eab40a6348fdb235a3535110a2312ab0cf8d4076c1e91472dbd37c7a81eb9097195cd3f6758925e661bb3dd5e03a2,projects/modellearning/logs/run.googleapis.com%2Fstdout,,2024-02-29T20:26:20.852382707Z,sscartquery,northamerica-northeast1,modellearning,sscartquery-00011-jzl,sscartquery,cloud_run_revision,INFO,functions/Logic.java,2024-02-29T20:26:20.830597Z
65e0e86c000b6612b535af1d,functions/Logic.java,service,cpu:=1910000000  rt:=2698643621,cloudfunctions,00d087f5e0106a3b973412d90e3ee4692855bee63eecbcfd74657a331138124eaf96e3e53cd03a649fdc6ae289e57296c3937f3080377ef79c73fa54ef810cf900a0bc,projects/modellearning/logs/run.googleapis.com%2Fstdout,,2024-02-29T20:26:20.939047137Z,sscartquery,northamerica-northeast1,modellearning,sscartquery-00011-jzl,sscartquery,cloud_run_revision,INFO,functions/Logic.java,2024-02-29T20:26:20.747026Z
65e0e86c0006a0d8dea677e8,functions/Logic.java,service,cpu:=150000000  rt:=153368346,cloudfunctions,00d087f5e025f1412d457ac9df76d9971bbb653901e64de3964b6771b432461e319b79b0f00c478208807a6c7a3fbf8874fe0596d4f63281afed598300217590a2678e,projects/modellearning/logs/run.googleapis.com%2Fstdout,,2024-02-29T20:26:20.592016998Z,sscartquery,northamerica-northeast1,modellearning,sscartquery-00011-jzl,sscartquery,cloud_run_revision,INFO,functions/Logic.java,2024-02-29T20:26:20.434392Z
65e0e86c0005638750f4f7ed,functions/Logic.java,service,cpu:=3110000000  rt:=2455254840,cloudfunctions,00d087f5e02e95466401fe6b26a2dc3f1c606cee66edb3cc923425595f588fa173e8c4959802dc2526b02479ea51b4553ea19e70d4d79ad7fd363aa07a5c26a0cae978,projects/modellearning/logs/run.googleapis.com%2Fstdout,,2024-02-29T20:26:20.606831610Z,sscartquery,northamerica-northeast1,modellearning,sscartquery-00011-jzl,sscartquery,cloud_run_revision,INFO,functions/Logic.java,2024-02-29T20:26:20.353159Z
65e0e86c00051a33573b262c,functions/Logic.java,service,cpu:=860000000  rt:=874141220,cloudfunctions,00d087f5e0b82d4393d4a7bbb7f14727933f8b96724a91b37d40394984760349848f0c657a1b55ad143d87d15617c08a8ba76acddb65a7eb3b550a40e4aceccdfb8d33,projects/modellearning/logs/run.googleapis.com%2Fstdout,,2024-02-29T20:26:20.592016998Z,sscartquery,northamerica-northeast1,modellearning,sscartquery-00011-jzl,sscartquery,cloud_run_revision,INFO,functions/Logic.java,2024-02-29T20:26:20.334387Z
65e0e86c00043c1bab9cac9d,functions/Logic.java,service,cpu:=380000000  rt:=394705386,cloudfunctions,00d087f5e0fb53247b367efd3d5bd3eb6ec2079ea1f90edc419a49866437bf458cfeca444aeaa3b7daf5636b05c06cb47d5f161f950d27b45213cc036890ef6262ebf3,projects/modellearning/logs/run.googleapis.com%2Fstdout,,2024-02-29T20:26:20.592016998Z,sscartquery,northamerica-northeast1,modellearning,sscartquery-00011-jzl,sscartquery,cloud_run_revision,INFO,functions/Logic.java,2024-02-29T20:26:20.277531Z
65e0e86b000eeb22d456900b,functions/Logic.java,service,cpu:=490000000  rt:=504382024,cloudfunctions,00d087f5e0d4d81528cf22cb133c2e4dd9a2c4ce3eab40a6348fdb235a3535110a2312ab0cf8d4076c1e91472dbd37c7a81eb9097195cd3f6758925e661bb3dd5e03a2,projects/modellearning/logs/run.googleapis.com%2Fstdout,,2024-02-29T20:26:20.186078430Z,sscartquery,northamerica-northeast1,modellearning,sscartquery-00011-jzl,sscartquery,cloud_run_revision,INFO,functions/Logic.java,2024-02-29T20:26:19.977698Z
65e0e86b000e41ec3a555d82,functions/Logic.java,service,cpu:=990000000  rt:=1020254532,cloudfunctions,00d087f5e025f1412d457ac9df76d9971bbb653901e64de3964b6771b432461e319b79b0f00c478208807a6c7a3fbf8874fe0596d4f63281afed598300217590a2678e,projects/modellearning/logs/run.googleapis.com%2Fstdout,,2024-02-29T20:26:20.259769034Z,sscartquery,northamerica-northeast1,modellearning,sscartquery-00011-jzl,sscartquery,cloud_run_revision,INFO,functions/Logic.java,2024-02-29T20:26:19.934380Z
65e0e86b000d436b785e7403,functions/Logic.java,service,cpu:=280000000  rt:=284265363,cloudfunctions,00d087f5e0508b90f669d2e778e5edb119d2cf95bbdf1d474990a4029916e734b09cb9a2fbea2793facea51d590b84a7b32d827e55698dd1314956e833b1573e692dea,projects/modellearning/logs/run.googleapis.com%2Fstdout,,2024-02-29T20:26:19.927094978Z,sscartquery,northamerica-northeast1,modellearning,sscartquery-00011-jzl,sscartquery,cloud_run_revision,INFO,functions/Logic.java,2024-02-29T20:26:19.869227Z
65e0e86b000c131be44880d8,functions/Logic.java,service,cpu:=1090000000  rt:=1118790579,cloudfunctions,00d087f5e06379a276e4a585f3c5060b28341f9ba1aae00b35146eef3c6bfe293ee854779cb36f3cc9ba10b75867900165815dba5f5fb35677f9397372dd0e41039340,projects/modellearning/logs/run.googleapis.com%2Fstdout,,2024-02-29T20:26:19.927094978Z,sscartquery,northamerica-northeast1,modellearning,sscartquery-00011-jzl,sscartquery,cloud_run_revision,INFO,functions/Logic.java,2024-02-29T20:26:19.791323Z
65e0e86b000bf7c764ad0448,functions/Logic.java,service,cpu:=1670000000  rt:=1735924242,cloudfunctions,00d087f5e0106a3b973412d90e3ee4692855bee63eecbcfd74657a331138124eaf96e3e53cd03a649fdc6ae289e57296c3937f3080377ef79c73fa54ef810cf900a0bc,projects/modellearning/logs/run.googleapis.com%2Fstdout,,2024-02-29T20:26:19.940578424Z,sscartquery,northamerica-northeast1,modellearning,sscartquery-00011-jzl,sscartquery,cloud_run_revision,INFO,functions/Logic.java,2024-02-29T20:26:19.784327Z
65e0e86b0009ae0aeeb7049b,functions/Logic.java,service,cpu:=2130000000  rt:=2187154487,cloudfunctions,00d087f5e0fb53247b367efd3d5bd3eb6ec2079ea1f90edc419a49866437bf458cfeca444aeaa3b7daf5636b05c06cb47d5f161f950d27b45213cc036890ef6262ebf3,projects/modellearning/logs/run.googleapis.com%2Fstdout,,2024-02-29T20:26:19.927094978Z,sscartquery,northamerica-northeast1,modellearning,sscartquery-00011-jzl,sscartquery,cloud_run_revision,INFO,functions/Logic.java,2024-02-29T20:26:19.634378Z
65e0e86b0008c8d41ce40421,functions/Logic.java,service,cpu:=400000000  rt:=407244298,cloudfunctions,00d087f5e096f10c047c63271bf3ad0a02126a02b2e38fa8048979e18ea67d746ffa403f88d9a80d0fd5b28bb55609f2a74100003294e282c98f0e4563ee611fd74e6e,projects/modellearning/logs/run.googleapis.com%2Fstdout,,2024-02-29T20:26:19.592901986Z,sscartquery,northamerica-northeast1,modellearning,sscartquery-00011-jzl,sscartquery,cloud_run_revision,INFO,functions/Logic.java,2024-02-29T20:26:19.575700Z
65e0e86b0008646532521531,functions/Logic.java,service,cpu:=950000000  rt:=990933884,cloudfunctions,00d087f5e0508b90f669d2e778e5edb119d2cf95bbdf1d474990a4029916e734b09cb9a2fbea2793facea51d590b84a7b32d827e55698dd1314956e833b1573e692dea,projects/modellearning/logs/run.googleapis.com%2Fstdout,,2024-02-29T20:26:19.592901986Z,sscartquery,northamerica-northeast1,modellearning,sscartquery-00011-jzl,sscartquery,cloud_run_revision,INFO,functions/Logic.java,2024-02-29T20:26:19.549989Z
65e0e86b00084004f4622598,functions/Logic.java,service,cpu:=850000000  rt:=1374585008,cloudfunctions,00d087f5e0ce9a9f9997cf078ab1a5832c4089c7aae374cd2695f988b83014e3e0174cf3c14fa040bdfb52131eaf003971492cd45d21c4e51c9aadebd69eae3445d981,projects/modellearning/logs/run.googleapis.com%2Fstdout,,2024-02-29T20:26:19.607870108Z,sscartquery,northamerica-northeast1,modellearning,sscartquery-00011-jzl,sscartquery,cloud_run_revision,INFO,functions/Logic.java,2024-02-29T20:26:19.540676Z
65e0e86b000645638bf096c8,functions/Logic.java,service,cpu:=-24340000000  rt:=2509923363,cloudfunctions,00d087f5e0b82d4393d4a7bbb7f14727933f8b96724a91b37d40394984760349848f0c657a1b55ad143d87d15617c08a8ba76acddb65a7eb3b550a40e4aceccdfb8d33,projects/modellearning/logs/run.googleapis.com%2Fstdout,,2024-02-29T20:26:19.592901986Z,sscartquery,northamerica-northeast1,modellearning,sscartquery-00011-jzl,sscartquery,cloud_run_revision,INFO,functions/Logic.java,2024-02-29T20:26:19.410979Z
65e0e86b0004973e439fc930,functions/Logic.java,service,cpu:=90000000  rt:=89836719,cloudfunctions,00d087f5e0d4d81528cf22cb133c2e4dd9a2c4ce3eab40a6348fdb235a3535110a2312ab0cf8d4076c1e91472dbd37c7a81eb9097195cd3f6758925e661bb3dd5e03a2,projects/modellearning/logs/run.googleapis.com%2Fstdout,,2024-02-29T20:26:19.520337869Z,sscartquery,northamerica-northeast1,modellearning,sscartquery-00011-jzl,sscartquery,cloud_run_revision,INFO,functions/Logic.java,2024-02-29T20:26:19.300862Z
65e0e86a000e4265f303decc,functions/Logic.java,service,cpu:=1770000000  rt:=1839693440,cloudfunctions,00d087f5e0c28364f40a88ea65440fad99d864800ea3cc4f8b70fe4c04ce8ea9bd6aa21cc40c9f2508c1dde8fc79b324f27e029f2d84aed35c039754a5d33a775a009f,projects/modellearning/logs/run.googleapis.com%2Fstdout,,2024-02-29T20:26:19.261158646Z,sscartquery,northamerica-northeast1,modellearning,sscartquery-00011-jzl,sscartquery,cloud_run_revision,INFO,functions/Logic.java,2024-02-29T20:26:18.934501Z
65e0e86a000ac6725ddd65ad,functions/Logic.java,service,cpu:=1500000000  rt:=2445300265,cloudfunctions,00d087f5e096f10c047c63271bf3ad0a02126a02b2e38fa8048979e18ea67d746ffa403f88d9a80d0fd5b28bb55609f2a74100003294e282c98f0e4563ee611fd74e6e,projects/modellearning/logs/run.googleapis.com%2Fstdout,,2024-02-29T20:26:18.926631800Z,sscartquery,northamerica-northeast1,modellearning,sscartquery-00011-jzl,sscartquery,cloud_run_revision,INFO,functions/Logic.java,2024-02-29T20:26:18.706162Z
65e0e86a0009c43a597e7621,functions/Logic.java,service,cpu:=640000000  rt:=645988043,cloudfunctions,00d087f5e0d4d81528cf22cb133c2e4dd9a2c4ce3eab40a6348fdb235a3535110a2312ab0cf8d4076c1e91472dbd37c7a81eb9097195cd3f6758925e661bb3dd5e03a2,projects/modellearning/logs/run.googleapis.com%2Fstdout,,2024-02-29T20:26:18.853962230Z,sscartquery,northamerica-northeast1,modellearning,sscartquery-00011-jzl,sscartquery,cloud_run_revision,INFO,functions/Logic.java,2024-02-29T20:26:18.640058Z
65e0e86a00075614888fa17e,functions/Logic.java,service,cpu:=30440000000  rt:=2142246387,cloudfunctions,00d087f5e025f1412d457ac9df76d9971bbb653901e64de3964b6771b432461e319b79b0f00c478208807a6c7a3fbf8874fe0596d4f63281afed598300217590a2678e,projects/modellearning/logs/run.googleapis.com%2Fstdout,,2024-02-29T20:26:18.594062667Z,sscartquery,northamerica-northeast1,modellearning,sscartquery-00011-jzl,sscartquery,cloud_run_revision,INFO,functions/Logic.java,2024-02-29T20:26:18.480788Z
65e0e86a00074f23a9e18f1e,functions/Logic.java,service,cpu:=180000000  rt:=194268770,cloudfunctions,00d087f5e0b353c732f6dc4f7fcaad1cbcf77a0688d68395b2ff13ee8ddf1ea81783d9249bf389326d76729ce9a497527a9f356fca556ee0f165c49d8fcfd5b59d4136,projects/modellearning/logs/run.googleapis.com%2Fstdout,,2024-02-29T20:26:18.608483398Z,sscartquery,northamerica-northeast1,modellearning,sscartquery-00011-jzl,sscartquery,cloud_run_revision,INFO,functions/Logic.java,2024-02-29T20:26:18.479011Z
65e0e86a0006f71bed9f350a,functions/Logic.java,service,cpu:=4900000000  rt:=5784898654,cloudfunctions,00d087f5e04921ffa2ae878763f0217abb165fe4fe9a2e8a027ba11aed30e41dbddf4fc8615626ade2ce81a05b33cc0543a90b189fc41ef2749e7ddb07fe1c9b9eae6c,projects/modellearning/logs/run.googleapis.com%2Fstdout,,2024-02-29T20:26:18.594062667Z,sscartquery,northamerica-northeast1,modellearning,sscartquery-00011-jzl,sscartquery,cloud_run_revision,INFO,functions/Logic.java,2024-02-29T20:26:18.456475Z
65e0e86a0006f09e5ce1bec8,functions/Logic.java,service,cpu:=240000000  rt:=238466763,cloudfunctions,00d087f5e06379a276e4a585f3c5060b28341f9ba1aae00b35146eef3c6bfe293ee854779cb36f3cc9ba10b75867900165815dba5f5fb35677f9397372dd0e41039340,projects/modellearning/logs/run.googleapis.com%2Fstdout,,2024-02-29T20:26:18.594062667Z,sscartquery,northamerica-northeast1,modellearning,sscartquery-00011-jzl,sscartquery,cloud_run_revision,INFO,functions/Logic.java,2024-02-29T20:26:18.454814Z
65e0e86a00051ce3d095c387,functions/Logic.java,service,cpu:=-31490000000  rt:=2072315448,cloudfunctions,00d087f5e0508b90f669d2e778e5edb119d2cf95bbdf1d474990a4029916e734b09cb9a2fbea2793facea51d590b84a7b32d827e55698dd1314956e833b1573e692dea,projects/modellearning/logs/run.googleapis.com%2Fstdout,,2024-02-29T20:26:18.594062667Z,sscartquery,northamerica-northeast1,modellearning,sscartquery-00011-jzl,sscartquery,cloud_run_revision,INFO,functions/Logic.java,2024-02-29T20:26:18.335075Z
65e0e86a0003051714b94a6e,functions/Logic.java,service,cpu:=1380000000  rt:=1425659534,cloudfunctions,00d087f5e06379a276e4a585f3c5060b28341f9ba1aae00b35146eef3c6bfe293ee854779cb36f3cc9ba10b75867900165815dba5f5fb35677f9397372dd0e41039340,projects/modellearning/logs/run.googleapis.com%2Fstdout,,2024-02-29T20:26:18.261871642Z,sscartquery,northamerica-northeast1,modellearning,sscartquery-00011-jzl,sscartquery,cloud_run_revision,INFO,functions/Logic.java,2024-02-29T20:26:18.197911Z
65e0e86a00020ddc8965513b,functions/Logic.java,service,cpu:=2030000000  rt:=1873662202,cloudfunctions,00d087f5e096f10c047c63271bf3ad0a02126a02b2e38fa8048979e18ea67d746ffa403f88d9a80d0fd5b28bb55609f2a74100003294e282c98f0e4563ee611fd74e6e,projects/modellearning/logs/run.googleapis.com%2Fstdout,,2024-02-29T20:26:18.261871642Z,sscartquery,northamerica-northeast1,modellearning,sscartquery-00011-jzl,sscartquery,cloud_run_revision,INFO,functions/Logic.java,2024-02-29T20:26:18.134620Z
65e0e86a0000b69e7b5fad3b,functions/Logic.java,service,cpu:=590000000  rt:=1146175250,cloudfunctions,00d087f5e0b82d4393d4a7bbb7f14727933f8b96724a91b37d40394984760349848f0c657a1b55ad143d87d15617c08a8ba76acddb65a7eb3b550a40e4aceccdfb8d33,projects/modellearning/logs/run.googleapis.com%2Fstdout,,2024-02-29T20:26:18.261871642Z,sscartquery,northamerica-northeast1,modellearning,sscartquery-00011-jzl,sscartquery,cloud_run_revision,INFO,functions/Logic.java,2024-02-29T20:26:18.046750Z
65e0e869000e9b41a8abe780,functions/Logic.java,service,cpu:=380000000  rt:=399842861,cloudfunctions,00d087f5e0d4d81528cf22cb133c2e4dd9a2c4ce3eab40a6348fdb235a3535110a2312ab0cf8d4076c1e91472dbd37c7a81eb9097195cd3f6758925e661bb3dd5e03a2,projects/modellearning/logs/run.googleapis.com%2Fstdout,,2024-02-29T20:26:18.187647798Z,sscartquery,northamerica-northeast1,modellearning,sscartquery-00011-jzl,sscartquery,cloud_run_revision,INFO,functions/Logic.java,2024-02-29T20:26:17.957249Z
65e0e869000e5f2691250726,functions/Logic.java,service,cpu:=120000000  rt:=184936305,cloudfunctions,00d087f5e0106a3b973412d90e3ee4692855bee63eecbcfd74657a331138124eaf96e3e53cd03a649fdc6ae289e57296c3937f3080377ef79c73fa54ef810cf900a0bc,projects/modellearning/logs/run.googleapis.com%2Fstdout,,2024-02-29T20:26:18.274660158Z,sscartquery,northamerica-northeast1,modellearning,sscartquery-00011-jzl,sscartquery,cloud_run_revision,INFO,functions/Logic.java,2024-02-29T20:26:17.941862Z
65e0e869000e5ac25c88f561,functions/Logic.java,service,cpu:=-440000000  rt:=184921579,cloudfunctions,00d087f5e0106a3b973412d90e3ee4692855bee63eecbcfd74657a331138124eaf96e3e53cd03a649fdc6ae289e57296c3937f3080377ef79c73fa54ef810cf900a0bc,projects/modellearning/logs/run.googleapis.com%2Fstdout,,2024-02-29T20:26:17.943283051Z,sscartquery,northamerica-northeast1,modellearning,sscartquery-00011-jzl,sscartquery,cloud_run_revision,INFO,functions/Logic.java,2024-02-29T20:26:17.940738Z
65e0e869000cbd4e69f80452,functions/Logic.java,service,cpu:=750000000  rt:=1571736726,cloudfunctions,00d087f5e0508b90f669d2e778e5edb119d2cf95bbdf1d474990a4029916e734b09cb9a2fbea2793facea51d590b84a7b32d827e55698dd1314956e833b1573e692dea,projects/modellearning/logs/run.googleapis.com%2Fstdout,,2024-02-29T20:26:17.927749296Z,sscartquery,northamerica-northeast1,modellearning,sscartquery-00011-jzl,sscartquery,cloud_run_revision,INFO,functions/Logic.java,2024-02-29T20:26:17.834894Z
65e0e86900086b6a785f36ad,functions/Logic.java,service,cpu:=300000000  rt:=300942591,cloudfunctions,00d087f5e0d4d81528cf22cb133c2e4dd9a2c4ce3eab40a6348fdb235a3535110a2312ab0cf8d4076c1e91472dbd37c7a81eb9097195cd3f6758925e661bb3dd5e03a2,projects/modellearning/logs/run.googleapis.com%2Fstdout,,2024-02-29T20:26:17.855048318Z,sscartquery,northamerica-northeast1,modellearning,sscartquery-00011-jzl,sscartquery,cloud_run_revision,INFO,functions/Logic.java,2024-02-29T20:26:17.551786Z
65e0e8690006a132c5b6e151,functions/Logic.java,service,cpu:=860000000  rt:=883900082,cloudfunctions,00d087f5e0fb53247b367efd3d5bd3eb6ec2079ea1f90edc419a49866437bf458cfeca444aeaa3b7daf5636b05c06cb47d5f161f950d27b45213cc036890ef6262ebf3,projects/modellearning/logs/run.googleapis.com%2Fstdout,,2024-02-29T20:26:17.594547477Z,sscartquery,northamerica-northeast1,modellearning,sscartquery-00011-jzl,sscartquery,cloud_run_revision,INFO,functions/Logic.java,2024-02-29T20:26:17.434482Z
65e0e8690003c1902dbc242c,functions/Logic.java,service,cpu:=270000000  rt:=272662734,cloudfunctions,00d087f5e0d4d81528cf22cb133c2e4dd9a2c4ce3eab40a6348fdb235a3535110a2312ab0cf8d4076c1e91472dbd37c7a81eb9097195cd3f6758925e661bb3dd5e03a2,projects/modellearning/logs/run.googleapis.com%2Fstdout,,2024-02-29T20:26:17.521891222Z,sscartquery,northamerica-northeast1,modellearning,sscartquery-00011-jzl,sscartquery,cloud_run_revision,INFO,functions/Logic.java,2024-02-29T20:26:17.246160Z
65e0e868000e717b729abf63,functions/Logic.java,service,cpu:=-12830000000  rt:=3075789679,cloudfunctions,00d087f5e0c28364f40a88ea65440fad99d864800ea3cc4f8b70fe4c04ce8ea9bd6aa21cc40c9f2508c1dde8fc79b324f27e029f2d84aed35c039754a5d33a775a009f,projects/modellearning/logs/run.googleapis.com%2Fstdout,,2024-02-29T20:26:17.261545173Z,sscartquery,northamerica-northeast1,modellearning,sscartquery-00011-jzl,sscartquery,cloud_run_revision,INFO,functions/Logic.java,2024-02-29T20:26:16.946555Z
65e0e868000cbba984c4c687,functions/Logic.java,service,cpu:=1690000000  rt:=2963870623,cloudfunctions,00d087f5e0c28364f40a88ea65440fad99d864800ea3cc4f8b70fe4c04ce8ea9bd6aa21cc40c9f2508c1dde8fc79b324f27e029f2d84aed35c039754a5d33a775a009f,projects/modellearning/logs/run.googleapis.com%2Fstdout,,2024-02-29T20:26:16.929917705Z,sscartquery,northamerica-northeast1,modellearning,sscartquery-00011-jzl,sscartquery,cloud_run_revision,INFO,functions/Logic.java,2024-02-29T20:26:16.834473Z
65e0e868000c1497abe77461,functions/Logic.java,service,cpu:=1970000000  rt:=2051148685,cloudfunctions,00d087f5e07bdae58c1f4da3364551cac54ac5362bf1a9581e7d4bf9a32f14aae9b89d873ef09e84a16dbd253a49be122c24eb757e668e06c6c2cc19262d914e45e911,projects/modellearning/logs/run.googleapis.com%2Fstdout,,2024-02-29T20:26:16.929917705Z,sscartquery,northamerica-northeast1,modellearning,sscartquery-00011-jzl,sscartquery,cloud_run_revision,INFO,functions/Logic.java,2024-02-29T20:26:16.791703Z
65e0e868000b847b5f4584f3,functions/Logic.java,service,cpu:=690000000  rt:=738732518,cloudfunctions,00d087f5e06379a276e4a585f3c5060b28341f9ba1aae00b35146eef3c6bfe293ee854779cb36f3cc9ba10b75867900165815dba5f5fb35677f9397372dd0e41039340,projects/modellearning/logs/run.googleapis.com%2Fstdout,,2024-02-29T20:26:16.929917705Z,sscartquery,northamerica-northeast1,modellearning,sscartquery-00011-jzl,sscartquery,cloud_run_revision,INFO,functions/Logic.java,2024-02-29T20:26:16.754811Z
65e0e868000a10f73087fc3b,functions/Logic.java,service,cpu:=230000000  rt:=485593084,cloudfunctions,00d087f5e0b82d4393d4a7bbb7f14727933f8b96724a91b37d40394984760349848f0c657a1b55ad143d87d15617c08a8ba76acddb65a7eb3b550a40e4aceccdfb8d33,projects/modellearning/logs/run.googleapis.com%2Fstdout,,2024-02-29T20:26:16.929917705Z,sscartquery,northamerica-northeast1,modellearning,sscartquery-00011-jzl,sscartquery,cloud_run_revision,INFO,functions/Logic.java,2024-02-29T20:26:16.659703Z
65e0e8680009ae4a279197db,functions/Logic.java,service,cpu:=180000000  rt:=296259536,cloudfunctions,00d087f5e025f1412d457ac9df76d9971bbb653901e64de3964b6771b432461e319b79b0f00c478208807a6c7a3fbf8874fe0596d4f63281afed598300217590a2678e,projects/modellearning/logs/run.googleapis.com%2Fstdout,,2024-02-29T20:26:16.929917705Z,sscartquery,northamerica-northeast1,modellearning,sscartquery-00011-jzl,sscartquery,cloud_run_revision,INFO,functions/Logic.java,2024-02-29T20:26:16.634442Z
65e0e86800051c9321db9f27,functions/Logic.java,service,cpu:=1080000000  rt:=1134208765,cloudfunctions,00d087f5e0fb53247b367efd3d5bd3eb6ec2079ea1f90edc419a49866437bf458cfeca444aeaa3b7daf5636b05c06cb47d5f161f950d27b45213cc036890ef6262ebf3,projects/modellearning/logs/run.googleapis.com%2Fstdout,,2024-02-29T20:26:16.596675417Z,sscartquery,northamerica-northeast1,modellearning,sscartquery-00011-jzl,sscartquery,cloud_run_revision,INFO,functions/Logic.java,2024-02-29T20:26:16.334995Z
65e0e867000e7a9ea5990d92,functions/Logic.java,service,cpu:=510000000  rt:=527978197,cloudfunctions,00d087f5e0508b90f669d2e778e5edb119d2cf95bbdf1d474990a4029916e734b09cb9a2fbea2793facea51d590b84a7b32d827e55698dd1314956e833b1573e692dea,projects/modellearning/logs/run.googleapis.com%2Fstdout,,2024-02-29T20:26:16.262573514Z,sscartquery,northamerica-northeast1,modellearning,sscartquery-00011-jzl,sscartquery,cloud_run_revision,INFO,functions/Logic.java,2024-02-29T20:26:15.948894Z
65e0e867000cbb9f9896abe4,functions/Logic.java,service,cpu:=90000000  rt:=172733996,cloudfunctions,00d087f5e0b82d4393d4a7bbb7f14727933f8b96724a91b37d40394984760349848f0c657a1b55ad143d87d15617c08a8ba76acddb65a7eb3b550a40e4aceccdfb8d33,projects/modellearning/logs/run.googleapis.com%2Fstdout,,2024-02-29T20:26:15.929850627Z,sscartquery,northamerica-northeast1,modellearning,sscartquery-00011-jzl,sscartquery,cloud_run_revision,INFO,functions/Logic.java,2024-02-29T20:26:15.834463Z
65e0e867000a87f4da59a615,functions/Logic.java,service,cpu:=6360000000  rt:=6571273534,cloudfunctions,00d087f5e06379a276e4a585f3c5060b28341f9ba1aae00b35146eef3c6bfe293ee854779cb36f3cc9ba10b75867900165815dba5f5fb35677f9397372dd0e41039340,projects/modellearning/logs/run.googleapis.com%2Fstdout,,2024-02-29T20:26:15.929850627Z,sscartquery,northamerica-northeast1,modellearning,sscartquery-00011-jzl,sscartquery,cloud_run_revision,INFO,functions/Logic.java,2024-02-29T20:26:15.690164Z
65e0e867000a5ec73be0d4f8,functions/Logic.java,service,cpu:=700000000  rt:=732550664,cloudfunctions,00d087f5e0d4d81528cf22cb133c2e4dd9a2c4ce3eab40a6348fdb235a3535110a2312ab0cf8d4076c1e91472dbd37c7a81eb9097195cd3f6758925e661bb3dd5e03a2,projects/modellearning/logs/run.googleapis.com%2Fstdout,,2024-02-29T20:26:15.857325719Z,sscartquery,northamerica-northeast1,modellearning,sscartquery-00011-jzl,sscartquery,cloud_run_revision,INFO,functions/Logic.java,2024-02-29T20:26:15.679623Z
65e0e86700031128d61912cb,functions/Logic.java,service,cpu:=280000000  rt:=311754614,cloudfunctions,00d087f5e0b82d4393d4a7bbb7f14727933f8b96724a91b37d40394984760349848f0c657a1b55ad143d87d15617c08a8ba76acddb65a7eb3b550a40e4aceccdfb8d33,projects/modellearning/logs/run.googleapis.com%2Fstdout,,2024-02-29T20:26:15.264682081Z,sscartquery,northamerica-northeast1,modellearning,sscartquery-00011-jzl,sscartquery,cloud_run_revision,INFO,functions/Logic.java,2024-02-29T20:26:15.201Z
65e0e8670002d42f203b92ea,functions/Logic.java,service,cpu:=650000000  rt:=666264342,cloudfunctions,00d087f5e0fb53247b367efd3d5bd3eb6ec2079ea1f90edc419a49866437bf458cfeca444aeaa3b7daf5636b05c06cb47d5f161f950d27b45213cc036890ef6262ebf3,projects/modellearning/logs/run.googleapis.com%2Fstdout,,2024-02-29T20:26:15.264682081Z,sscartquery,northamerica-northeast1,modellearning,sscartquery-00011-jzl,sscartquery,cloud_run_revision,INFO,functions/Logic.java,2024-02-29T20:26:15.185391Z
65e0e86700009c5d2fde2942,functions/Logic.java,service,cpu:=1920000000  rt:=1985225877,cloudfunctions,00d087f5e0508b90f669d2e778e5edb119d2cf95bbdf1d474990a4029916e734b09cb9a2fbea2793facea51d590b84a7b32d827e55698dd1314956e833b1573e692dea,projects/modellearning/logs/run.googleapis.com%2Fstdout,,2024-02-29T20:26:15.264682081Z,sscartquery,northamerica-northeast1,modellearning,sscartquery-00011-jzl,sscartquery,cloud_run_revision,INFO,functions/Logic.java,2024-02-29T20:26:15.040029Z
65e0e866000e4215ac840d49,functions/Logic.java,service,cpu:=230000000  rt:=236099158,cloudfunctions,00d087f5e096f10c047c63271bf3ad0a02126a02b2e38fa8048979e18ea67d746ffa403f88d9a80d0fd5b28bb55609f2a74100003294e282c98f0e4563ee611fd74e6e,projects/modellearning/logs/run.googleapis.com%2Fstdout,,2024-02-29T20:26:15.264682081Z,sscartquery,northamerica-northeast1,modellearning,sscartquery-00011-jzl,sscartquery,cloud_run_revision,INFO,functions/Logic.java,2024-02-29T20:26:14.934421Z
65e0e866000cbba8f64b1387,functions/Logic.java,service,cpu:=34860000000  rt:=1244119357,cloudfunctions,00d087f5e025f1412d457ac9df76d9971bbb653901e64de3964b6771b432461e319b79b0f00c478208807a6c7a3fbf8874fe0596d4f63281afed598300217590a2678e,projects/modellearning/logs/run.googleapis.com%2Fstdout,,2024-02-29T20:26:14.932027539Z,sscartquery,northamerica-northeast1,modellearning,sscartquery-00011-jzl,sscartquery,cloud_run_revision,INFO,functions/Logic.java,2024-02-29T20:26:14.834472Z
65e0e866000b5695ca73861c,functions/Logic.java,service,cpu:=890000000  rt:=1027549676,cloudfunctions,00d087f5e0d4d81528cf22cb133c2e4dd9a2c4ce3eab40a6348fdb235a3535110a2312ab0cf8d4076c1e91472dbd37c7a81eb9097195cd3f6758925e661bb3dd5e03a2,projects/modellearning/logs/run.googleapis.com%2Fstdout,,2024-02-29T20:26:14.859101482Z,sscartquery,northamerica-northeast1,modellearning,sscartquery-00011-jzl,sscartquery,cloud_run_revision,INFO,functions/Logic.java,2024-02-29T20:26:14.743061Z
65e0e866000836da5d3f0fc7,functions/Logic.java,service,cpu:=530000000  rt:=550708826,cloudfunctions,00d087f5e0b82d4393d4a7bbb7f14727933f8b96724a91b37d40394984760349848f0c657a1b55ad143d87d15617c08a8ba76acddb65a7eb3b550a40e4aceccdfb8d33,projects/modellearning/logs/run.googleapis.com%2Fstdout,,2024-02-29T20:26:14.598411173Z,sscartquery,northamerica-northeast1,modellearning,sscartquery-00011-jzl,sscartquery,cloud_run_revision,INFO,functions/Logic.java,2024-02-29T20:26:14.538330Z
65e0e8660006a0887eea0408,functions/Logic.java,service,cpu:=430000000  rt:=844072045,cloudfunctions,00d087f5e025f1412d457ac9df76d9971bbb653901e64de3964b6771b432461e319b79b0f00c478208807a6c7a3fbf8874fe0596d4f63281afed598300217590a2678e,projects/modellearning/logs/run.googleapis.com%2Fstdout,,2024-02-29T20:26:14.598411173Z,sscartquery,northamerica-northeast1,modellearning,sscartquery-00011-jzl,sscartquery,cloud_run_revision,INFO,functions/Logic.java,2024-02-29T20:26:14.434312Z
65e0e86600041208369745de,functions/Logic.java,service,cpu:=-5750000000  rt:=4967160616,cloudfunctions,00d087f5e07bdae58c1f4da3364551cac54ac5362bf1a9581e7d4bf9a32f14aae9b89d873ef09e84a16dbd253a49be122c24eb757e668e06c6c2cc19262d914e45e911,projects/modellearning/logs/run.googleapis.com%2Fstdout,,2024-02-29T20:26:14.598411173Z,sscartquery,northamerica-northeast1,modellearning,sscartquery-00011-jzl,sscartquery,cloud_run_revision,INFO,functions/Logic.java,2024-02-29T20:26:14.266760Z
65e0e8660001c8619e8eb0ff,functions/Logic.java,service,cpu:=6410000000  rt:=401672354,cloudfunctions,00d087f5e0d4d81528cf22cb133c2e4dd9a2c4ce3eab40a6348fdb235a3535110a2312ab0cf8d4076c1e91472dbd37c7a81eb9097195cd3f6758925e661bb3dd5e03a2,projects/modellearning/logs/run.googleapis.com%2Fstdout,,2024-02-29T20:26:14.191837689Z,sscartquery,northamerica-northeast1,modellearning,sscartquery-00011-jzl,sscartquery,cloud_run_revision,INFO,functions/Logic.java,2024-02-29T20:26:14.116833Z
65e0e86600019165b76636ba,functions/Logic.java,service,cpu:=650000000  rt:=672204091,cloudfunctions,00d087f5e0fb53247b367efd3d5bd3eb6ec2079ea1f90edc419a49866437bf458cfeca444aeaa3b7daf5636b05c06cb47d5f161f950d27b45213cc036890ef6262ebf3,projects/modellearning/logs/run.googleapis.com%2Fstdout,,2024-02-29T20:26:14.264515370Z,sscartquery,northamerica-northeast1,modellearning,sscartquery-00011-jzl,sscartquery,cloud_run_revision,INFO,functions/Logic.java,2024-02-29T20:26:14.102757Z
65e0e8660000db4ac5c4ddd8,functions/Logic.java,service,cpu:=17030000000  rt:=1385297412,cloudfunctions,00d087f5e04921ffa2ae878763f0217abb165fe4fe9a2e8a027ba11aed30e41dbddf4fc8615626ade2ce81a05b33cc0543a90b189fc41ef2749e7ddb07fe1c9b9eae6c,projects/modellearning/logs/run.googleapis.com%2Fstdout,,2024-02-29T20:26:14.264515370Z,sscartquery,northamerica-northeast1,modellearning,sscartquery-00011-jzl,sscartquery,cloud_run_revision,INFO,functions/Logic.java,2024-02-29T20:26:14.056138Z
65e0e865000d7c17147d46b4,functions/Logic.java,service,cpu:=950000000  rt:=1280583910,cloudfunctions,00d087f5e096f10c047c63271bf3ad0a02126a02b2e38fa8048979e18ea67d746ffa403f88d9a80d0fd5b28bb55609f2a74100003294e282c98f0e4563ee611fd74e6e,projects/modellearning/logs/run.googleapis.com%2Fstdout,,2024-02-29T20:26:13.932243520Z,sscartquery,northamerica-northeast1,modellearning,sscartquery-00011-jzl,sscartquery,cloud_run_revision,INFO,functions/Logic.java,2024-02-29T20:26:13.883735Z
65e0e865000d38a5447bfb27,functions/Logic.java,service,cpu:=100000000  rt:=92596648,cloudfunctions,00d087f5e0b82d4393d4a7bbb7f14727933f8b96724a91b37d40394984760349848f0c657a1b55ad143d87d15617c08a8ba76acddb65a7eb3b550a40e4aceccdfb8d33,projects/modellearning/logs/run.googleapis.com%2Fstdout,,2024-02-29T20:26:13.932243520Z,sscartquery,northamerica-northeast1,modellearning,sscartquery-00011-jzl,sscartquery,cloud_run_revision,INFO,functions/Logic.java,2024-02-29T20:26:13.866469Z
65e0e865000bab9544a90150,functions/Logic.java,service,cpu:=30000000  rt:=22857840,cloudfunctions,00d087f5e0b82d4393d4a7bbb7f14727933f8b96724a91b37d40394984760349848f0c657a1b55ad143d87d15617c08a8ba76acddb65a7eb3b550a40e4aceccdfb8d33,projects/modellearning/logs/run.googleapis.com%2Fstdout,,2024-02-29T20:26:13.932243520Z,sscartquery,northamerica-northeast1,modellearning,sscartquery-00011-jzl,sscartquery,cloud_run_revision,INFO,functions/Logic.java,2024-02-29T20:26:13.764821Z
65e0e8650009e8e3cbda5031,functions/Logic.java,service,cpu:=14480000000  rt:=70509416,cloudfunctions,00d087f5e0c28364f40a88ea65440fad99d864800ea3cc4f8b70fe4c04ce8ea9bd6aa21cc40c9f2508c1dde8fc79b324f27e029f2d84aed35c039754a5d33a775a009f,projects/modellearning/logs/run.googleapis.com%2Fstdout,,2024-02-29T20:26:13.932243520Z,sscartquery,northamerica-northeast1,modellearning,sscartquery-00011-jzl,sscartquery,cloud_run_revision,INFO,functions/Logic.java,2024-02-29T20:26:13.649443Z
65e0e8650008e089f6c0ba23,functions/Logic.java,service,cpu:=120000000  rt:=122345574,cloudfunctions,00d087f5e0b82d4393d4a7bbb7f14727933f8b96724a91b37d40394984760349848f0c657a1b55ad143d87d15617c08a8ba76acddb65a7eb3b550a40e4aceccdfb8d33,projects/modellearning/logs/run.googleapis.com%2Fstdout,,2024-02-29T20:26:13.598515350Z,sscartquery,northamerica-northeast1,modellearning,sscartquery-00011-jzl,sscartquery,cloud_run_revision,INFO,functions/Logic.java,2024-02-29T20:26:13.581769Z
65e0e865000886134db35fba,functions/Logic.java,service,cpu:=6810000000  rt:=955719273,cloudfunctions,00d087f5e096f10c047c63271bf3ad0a02126a02b2e38fa8048979e18ea67d746ffa403f88d9a80d0fd5b28bb55609f2a74100003294e282c98f0e4563ee611fd74e6e,projects/modellearning/logs/run.googleapis.com%2Fstdout,,2024-02-29T20:26:13.598515350Z,sscartquery,northamerica-northeast1,modellearning,sscartquery-00011-jzl,sscartquery,cloud_run_revision,INFO,functions/Logic.java,2024-02-29T20:26:13.558611Z
65e0e8650005eaa9ec2b334d,functions/Logic.java,service,cpu:=220000000  rt:=217467476,cloudfunctions,00d087f5e0b82d4393d4a7bbb7f14727933f8b96724a91b37d40394984760349848f0c657a1b55ad143d87d15617c08a8ba76acddb65a7eb3b550a40e4aceccdfb8d33,projects/modellearning/logs/run.googleapis.com%2Fstdout,,2024-02-29T20:26:13.598515350Z,sscartquery,northamerica-northeast1,modellearning,sscartquery-00011-jzl,sscartquery,cloud_run_revision,INFO,functions/Logic.java,2024-02-29T20:26:13.387753Z
65e0e86500051e780a3dd4d8,functions/Logic.java,service,cpu:=2640000000  rt:=2771843019,cloudfunctions,00d087f5e0fb53247b367efd3d5bd3eb6ec2079ea1f90edc419a49866437bf458cfeca444aeaa3b7daf5636b05c06cb47d5f161f950d27b45213cc036890ef6262ebf3,projects/modellearning/logs/run.googleapis.com%2Fstdout,,2024-02-29T20:26:13.598515350Z,sscartquery,northamerica-northeast1,modellearning,sscartquery-00011-jzl,sscartquery,cloud_run_revision,INFO,functions/Logic.java,2024-02-29T20:26:13.335480Z
65e0e8650003966cbde90681,functions/Logic.java,service,cpu:=860000000  rt:=129666271,cloudfunctions,00d087f5e0c28364f40a88ea65440fad99d864800ea3cc4f8b70fe4c04ce8ea9bd6aa21cc40c9f2508c1dde8fc79b324f27e029f2d84aed35c039754a5d33a775a009f,projects/modellearning/logs/run.googleapis.com%2Fstdout,,2024-02-29T20:26:13.266144980Z,sscartquery,northamerica-northeast1,modellearning,sscartquery-00011-jzl,sscartquery,cloud_run_revision,INFO,functions/Logic.java,2024-02-29T20:26:13.235116Z
65e0e86500020dc286a83a25,functions/Logic.java,service,cpu:=1900000000  rt:=3835227960,cloudfunctions,00d087f5e07bdae58c1f4da3364551cac54ac5362bf1a9581e7d4bf9a32f14aae9b89d873ef09e84a16dbd253a49be122c24eb757e668e06c6c2cc19262d914e45e911,projects/modellearning/logs/run.googleapis.com%2Fstdout,,2024-02-29T20:26:13.266144980Z,sscartquery,northamerica-northeast1,modellearning,sscartquery-00011-jzl,sscartquery,cloud_run_revision,INFO,functions/Logic.java,2024-02-29T20:26:13.134594Z
65e0e8650001b11b6b36feb1,functions/Logic.java,service,cpu:=2030000000  rt:=2119775554,cloudfunctions,00d087f5e0b82d4393d4a7bbb7f14727933f8b96724a91b37d40394984760349848f0c657a1b55ad143d87d15617c08a8ba76acddb65a7eb3b550a40e4aceccdfb8d33,projects/modellearning/logs/run.googleapis.com%2Fstdout,,2024-02-29T20:26:13.266144980Z,sscartquery,northamerica-northeast1,modellearning,sscartquery-00011-jzl,sscartquery,cloud_run_revision,INFO,functions/Logic.java,2024-02-29T20:26:13.110875Z
65e0e864000ea2b26288c12e,functions/Logic.java,service,cpu:=9970000000  rt:=3554203330,cloudfunctions,00d087f5e0508b90f669d2e778e5edb119d2cf95bbdf1d474990a4029916e734b09cb9a2fbea2793facea51d590b84a7b32d827e55698dd1314956e833b1573e692dea,projects/modellearning/logs/run.googleapis.com%2Fstdout,,2024-02-29T20:26:13.266144980Z,sscartquery,northamerica-northeast1,modellearning,sscartquery-00011-jzl,sscartquery,cloud_run_revision,INFO,functions/Logic.java,2024-02-29T20:26:12.959154Z
65e0e864000e83316baa086c,functions/Logic.java,service,cpu:=260000000  rt:=351233974,cloudfunctions,00d087f5e0c28364f40a88ea65440fad99d864800ea3cc4f8b70fe4c04ce8ea9bd6aa21cc40c9f2508c1dde8fc79b324f27e029f2d84aed35c039754a5d33a775a009f,projects/modellearning/logs/run.googleapis.com%2Fstdout,,2024-02-29T20:26:13.266144980Z,sscartquery,northamerica-northeast1,modellearning,sscartquery-00011-jzl,sscartquery,cloud_run_revision,INFO,functions/Logic.java,2024-02-29T20:26:12.951089Z
65e0e864000bdca3ed9c628a,functions/Logic.java,service,cpu:=20000000  rt:=20263777,cloudfunctions,00d087f5e025f1412d457ac9df76d9971bbb653901e64de3964b6771b432461e319b79b0f00c478208807a6c7a3fbf8874fe0596d4f63281afed598300217590a2678e,projects/modellearning/logs/run.googleapis.com%2Fstdout,,2024-02-29T20:26:12.932707732Z,sscartquery,northamerica-northeast1,modellearning,sscartquery-00011-jzl,sscartquery,cloud_run_revision,INFO,functions/Logic.java,2024-02-29T20:26:12.777379Z
65e0e8640008284ec4d9d72b,functions/Logic.java,service,cpu:=860000000  rt:=226595541,cloudfunctions,00d087f5e096f10c047c63271bf3ad0a02126a02b2e38fa8048979e18ea67d746ffa403f88d9a80d0fd5b28bb55609f2a74100003294e282c98f0e4563ee611fd74e6e,projects/modellearning/logs/run.googleapis.com%2Fstdout,,2024-02-29T20:26:12.600237172Z,sscartquery,northamerica-northeast1,modellearning,sscartquery-00011-jzl,sscartquery,cloud_run_revision,INFO,functions/Logic.java,2024-02-29T20:26:12.534606Z
65e0e86400041832cd238e3e,functions/Logic.java,service,cpu:=370000000  rt:=375011619,cloudfunctions,00d087f5e096f10c047c63271bf3ad0a02126a02b2e38fa8048979e18ea67d746ffa403f88d9a80d0fd5b28bb55609f2a74100003294e282c98f0e4563ee611fd74e6e,projects/modellearning/logs/run.googleapis.com%2Fstdout,,2024-02-29T20:26:12.600237172Z,sscartquery,northamerica-northeast1,modellearning,sscartquery-00011-jzl,sscartquery,cloud_run_revision,INFO,functions/Logic.java,2024-02-29T20:26:12.268338Z
65e0e86400011c00992ec8a0,functions/Logic.java,service,cpu:=690000000  rt:=705341773,cloudfunctions,00d087f5e0c28364f40a88ea65440fad99d864800ea3cc4f8b70fe4c04ce8ea9bd6aa21cc40c9f2508c1dde8fc79b324f27e029f2d84aed35c039754a5d33a775a009f,projects/modellearning/logs/run.googleapis.com%2Fstdout,,2024-02-29T20:26:12.267469407Z,sscartquery,northamerica-northeast1,modellearning,sscartquery-00011-jzl,sscartquery,cloud_run_revision,INFO,functions/Logic.java,2024-02-29T20:26:12.072704Z
65e0e8630007c12b88e7fba8,functions/Logic.java,service,cpu:=920000000  rt:=939905398,cloudfunctions,00d087f5e025f1412d457ac9df76d9971bbb653901e64de3964b6771b432461e319b79b0f00c478208807a6c7a3fbf8874fe0596d4f63281afed598300217590a2678e,projects/modellearning/logs/run.googleapis.com%2Fstdout,,2024-02-29T20:26:11.601353751Z,sscartquery,northamerica-northeast1,modellearning,sscartquery-00011-jzl,sscartquery,cloud_run_revision,INFO,functions/Logic.java,2024-02-29T20:26:11.508203Z
65e0e863000456d7796b237c,functions/Logic.java,service,cpu:=400000000  rt:=404426472,cloudfunctions,00d087f5e096f10c047c63271bf3ad0a02126a02b2e38fa8048979e18ea67d746ffa403f88d9a80d0fd5b28bb55609f2a74100003294e282c98f0e4563ee611fd74e6e,projects/modellearning/logs/run.googleapis.com%2Fstdout,,2024-02-29T20:26:11.601353751Z,sscartquery,northamerica-northeast1,modellearning,sscartquery-00011-jzl,sscartquery,cloud_run_revision,INFO,functions/Logic.java,2024-02-29T20:26:11.284375Z
65e0e86300025fa7bb11df0f,functions/Logic.java,service,cpu:=2210000000  rt:=2291655333,cloudfunctions,00d087f5e04921ffa2ae878763f0217abb165fe4fe9a2e8a027ba11aed30e41dbddf4fc8615626ade2ce81a05b33cc0543a90b189fc41ef2749e7ddb07fe1c9b9eae6c,projects/modellearning/logs/run.googleapis.com%2Fstdout,,2024-02-29T20:26:11.267847379Z,sscartquery,northamerica-northeast1,modellearning,sscartquery-00011-jzl,sscartquery,cloud_run_revision,INFO,functions/Logic.java,2024-02-29T20:26:11.155559Z
65e0e862000cbb80f03f4139,functions/Logic.java,service,cpu:=680000000  rt:=1429546697,cloudfunctions,00d087f5e0508b90f669d2e778e5edb119d2cf95bbdf1d474990a4029916e734b09cb9a2fbea2793facea51d590b84a7b32d827e55698dd1314956e833b1573e692dea,projects/modellearning/logs/run.googleapis.com%2Fstdout,,2024-02-29T20:26:10.934235620Z,sscartquery,northamerica-northeast1,modellearning,sscartquery-00011-jzl,sscartquery,cloud_run_revision,INFO,functions/Logic.java,2024-02-29T20:26:10.834432Z
65e0e862000ac4bc657eba20,functions/Logic.java,service,cpu:=8280000000  rt:=970537739,cloudfunctions,00d087f5e0c28364f40a88ea65440fad99d864800ea3cc4f8b70fe4c04ce8ea9bd6aa21cc40c9f2508c1dde8fc79b324f27e029f2d84aed35c039754a5d33a775a009f,projects/modellearning/logs/run.googleapis.com%2Fstdout,,2024-02-29T20:26:10.934235620Z,sscartquery,northamerica-northeast1,modellearning,sscartquery-00011-jzl,sscartquery,cloud_run_revision,INFO,functions/Logic.java,2024-02-29T20:26:10.705724Z
65e0e8620007633728f464dd,functions/Logic.java,service,cpu:=170000000  rt:=174046035,cloudfunctions,00d087f5e0fb53247b367efd3d5bd3eb6ec2079ea1f90edc419a49866437bf458cfeca444aeaa3b7daf5636b05c06cb47d5f161f950d27b45213cc036890ef6262ebf3,projects/modellearning/logs/run.googleapis.com%2Fstdout,,2024-02-29T20:26:10.601147286Z,sscartquery,northamerica-northeast1,modellearning,sscartquery-00011-jzl,sscartquery,cloud_run_revision,INFO,functions/Logic.java,2024-02-29T20:26:10.484151Z
65e0e8620006a1becb258d28,functions/Logic.java,service,cpu:=350000000  rt:=392605822,cloudfunctions,00d087f5e0b82d4393d4a7bbb7f14727933f8b96724a91b37d40394984760349848f0c657a1b55ad143d87d15617c08a8ba76acddb65a7eb3b550a40e4aceccdfb8d33,projects/modellearning/logs/run.googleapis.com%2Fstdout,,2024-02-29T20:26:10.601147286Z,sscartquery,northamerica-northeast1,modellearning,sscartquery-00011-jzl,sscartquery,cloud_run_revision,INFO,functions/Logic.java,2024-02-29T20:26:10.434622Z
65e0e8620003aea4f12138d1,functions/Logic.java,service,cpu:=160000000  rt:=159102663,cloudfunctions,00d087f5e096f10c047c63271bf3ad0a02126a02b2e38fa8048979e18ea67d746ffa403f88d9a80d0fd5b28bb55609f2a74100003294e282c98f0e4563ee611fd74e6e,projects/modellearning/logs/run.googleapis.com%2Fstdout,,2024-02-29T20:26:10.269006881Z,sscartquery,northamerica-northeast1,modellearning,sscartquery-00011-jzl,sscartquery,cloud_run_revision,INFO,functions/Logic.java,2024-02-29T20:26:10.241316Z
65e0e862000393b1208ac7fb,functions/Logic.java,service,cpu:=270000000  rt:=499236936,cloudfunctions,00d087f5e0c28364f40a88ea65440fad99d864800ea3cc4f8b70fe4c04ce8ea9bd6aa21cc40c9f2508c1dde8fc79b324f27e029f2d84aed35c039754a5d33a775a009f,projects/modellearning/logs/run.googleapis.com%2Fstdout,,2024-02-29T20:26:10.269006881Z,sscartquery,northamerica-northeast1,modellearning,sscartquery-00011-jzl,sscartquery,cloud_run_revision,INFO,functions/Logic.java,2024-02-29T20:26:10.234417Z
65e0e86200019cd4c624e574,functions/Logic.java,service,cpu:=1470000000  rt:=1531412746,cloudfunctions,00d087f5e0fb53247b367efd3d5bd3eb6ec2079ea1f90edc419a49866437bf458cfeca444aeaa3b7daf5636b05c06cb47d5f161f950d27b45213cc036890ef6262ebf3,projects/modellearning/logs/run.googleapis.com%2Fstdout,,2024-02-29T20:26:10.269006881Z,sscartquery,northamerica-northeast1,modellearning,sscartquery-00011-jzl,sscartquery,cloud_run_revision,INFO,functions/Logic.java,2024-02-29T20:26:10.105684Z
65e0e861000d18a7d53968f7,functions/Logic.java,service,cpu:=4620000000  rt:=4758038278,cloudfunctions,00d087f5e025f1412d457ac9df76d9971bbb653901e64de3964b6771b432461e319b79b0f00c478208807a6c7a3fbf8874fe0596d4f63281afed598300217590a2678e,projects/modellearning/logs/run.googleapis.com%2Fstdout,,2024-02-29T20:26:09.936535329Z,sscartquery,northamerica-northeast1,modellearning,sscartquery-00011-jzl,sscartquery,cloud_run_revision,INFO,functions/Logic.java,2024-02-29T20:26:09.858279Z
65e0e861000cbb9e319cbfe7,functions/Logic.java,service,cpu:=180000000  rt:=184060854,cloudfunctions,00d087f5e096f10c047c63271bf3ad0a02126a02b2e38fa8048979e18ea67d746ffa403f88d9a80d0fd5b28bb55609f2a74100003294e282c98f0e4563ee611fd74e6e,projects/modellearning/logs/run.googleapis.com%2Fstdout,,2024-02-29T20:26:09.936535329Z,sscartquery,northamerica-northeast1,modellearning,sscartquery-00011-jzl,sscartquery,cloud_run_revision,INFO,functions/Logic.java,2024-02-29T20:26:09.834462Z
65e0e861000b3516dc95495f,functions/Logic.java,service,cpu:=210000000  rt:=210702043,cloudfunctions,00d087f5e0b82d4393d4a7bbb7f14727933f8b96724a91b37d40394984760349848f0c657a1b55ad143d87d15617c08a8ba76acddb65a7eb3b550a40e4aceccdfb8d33,projects/modellearning/logs/run.googleapis.com%2Fstdout,,2024-02-29T20:26:09.936535329Z,sscartquery,northamerica-northeast1,modellearning,sscartquery-00011-jzl,sscartquery,cloud_run_revision,INFO,functions/Logic.java,2024-02-29T20:26:09.734486Z
65e0e861000a701d90ed85b1,functions/Logic.java,service,cpu:=620000000  rt:=658268791,cloudfunctions,00d087f5e0c28364f40a88ea65440fad99d864800ea3cc4f8b70fe4c04ce8ea9bd6aa21cc40c9f2508c1dde8fc79b324f27e029f2d84aed35c039754a5d33a775a009f,projects/modellearning/logs/run.googleapis.com%2Fstdout,,2024-02-29T20:26:09.936535329Z,sscartquery,northamerica-northeast1,modellearning,sscartquery-00011-jzl,sscartquery,cloud_run_revision,INFO,functions/Logic.java,2024-02-29T20:26:09.684061Z
65e0e861000837df00d1b1a7,functions/Logic.java,service,cpu:=1190000000  rt:=1221195868,cloudfunctions,00d087f5e096f10c047c63271bf3ad0a02126a02b2e38fa8048979e18ea67d746ffa403f88d9a80d0fd5b28bb55609f2a74100003294e282c98f0e4563ee611fd74e6e,projects/modellearning/logs/run.googleapis.com%2Fstdout,,2024-02-29T20:26:09.602181619Z,sscartquery,northamerica-northeast1,modellearning,sscartquery-00011-jzl,sscartquery,cloud_run_revision,INFO,functions/Logic.java,2024-02-29T20:26:09.538591Z
65e0e86100071fd25ee9bc1a,functions/Logic.java,service,cpu:=2380000000  rt:=2469562398,cloudfunctions,00d087f5e0b82d4393d4a7bbb7f14727933f8b96724a91b37d40394984760349848f0c657a1b55ad143d87d15617c08a8ba76acddb65a7eb3b550a40e4aceccdfb8d33,projects/modellearning/logs/run.googleapis.com%2Fstdout,,2024-02-29T20:26:09.602181619Z,sscartquery,northamerica-northeast1,modellearning,sscartquery-00011-jzl,sscartquery,cloud_run_revision,INFO,functions/Logic.java,2024-02-29T20:26:09.466898Z
65e0e86100027fc6522fb2fe,functions/Logic.java,service,cpu:=100000000  rt:=118315577,cloudfunctions,00d087f5e07bdae58c1f4da3364551cac54ac5362bf1a9581e7d4bf9a32f14aae9b89d873ef09e84a16dbd253a49be122c24eb757e668e06c6c2cc19262d914e45e911,projects/modellearning/logs/run.googleapis.com%2Fstdout,,2024-02-29T20:26:09.269926075Z,sscartquery,northamerica-northeast1,modellearning,sscartquery-00011-jzl,sscartquery,cloud_run_revision,INFO,functions/Logic.java,2024-02-29T20:26:09.163782Z
65e0e86100012d8386a0ae9a,functions/Logic.java,service,cpu:=320000000  rt:=326212335,cloudfunctions,00d087f5e0508b90f669d2e778e5edb119d2cf95bbdf1d474990a4029916e734b09cb9a2fbea2793facea51d590b84a7b32d827e55698dd1314956e833b1573e692dea,projects/modellearning/logs/run.googleapis.com%2Fstdout,,2024-02-29T20:26:09.269926075Z,sscartquery,northamerica-northeast1,modellearning,sscartquery-00011-jzl,sscartquery,cloud_run_revision,INFO,functions/Logic.java,2024-02-29T20:26:09.077187Z
65e0e8610001114d44ea0a32,functions/Logic.java,service,cpu:=1610000000  rt:=1676772432,cloudfunctions,00d087f5e06379a276e4a585f3c5060b28341f9ba1aae00b35146eef3c6bfe293ee854779cb36f3cc9ba10b75867900165815dba5f5fb35677f9397372dd0e41039340,projects/modellearning/logs/run.googleapis.com%2Fstdout,,2024-02-29T20:26:09.269926075Z,sscartquery,northamerica-northeast1,modellearning,sscartquery-00011-jzl,sscartquery,cloud_run_revision,INFO,functions/Logic.java,2024-02-29T20:26:09.069965Z
65e0e860000794d688009c7c,functions/Logic.java,service,cpu:=360000000  rt:=423756805,cloudfunctions,00d087f5e0c28364f40a88ea65440fad99d864800ea3cc4f8b70fe4c04ce8ea9bd6aa21cc40c9f2508c1dde8fc79b324f27e029f2d84aed35c039754a5d33a775a009f,projects/modellearning/logs/run.googleapis.com%2Fstdout,,2024-02-29T20:26:08.603975006Z,sscartquery,northamerica-northeast1,modellearning,sscartquery-00011-jzl,sscartquery,cloud_run_revision,INFO,functions/Logic.java,2024-02-29T20:26:08.496854Z
65e0e8600006f3ab199f4774,functions/Logic.java,service,cpu:=1920000000  rt:=1966980261,cloudfunctions,00d087f5e0fb53247b367efd3d5bd3eb6ec2079ea1f90edc419a49866437bf458cfeca444aeaa3b7daf5636b05c06cb47d5f161f950d27b45213cc036890ef6262ebf3,projects/modellearning/logs/run.googleapis.com%2Fstdout,,2024-02-29T20:26:08.603975006Z,sscartquery,northamerica-northeast1,modellearning,sscartquery-00011-jzl,sscartquery,cloud_run_revision,INFO,functions/Logic.java,2024-02-29T20:26:08.455595Z
65e0e8600005e4dc1678f7d5,functions/Logic.java,service,cpu:=770000000  rt:=786906206,cloudfunctions,00d087f5e04921ffa2ae878763f0217abb165fe4fe9a2e8a027ba11aed30e41dbddf4fc8615626ade2ce81a05b33cc0543a90b189fc41ef2749e7ddb07fe1c9b9eae6c,projects/modellearning/logs/run.googleapis.com%2Fstdout,,2024-02-29T20:26:08.603975006Z,sscartquery,northamerica-northeast1,modellearning,sscartquery-00011-jzl,sscartquery,cloud_run_revision,INFO,functions/Logic.java,2024-02-29T20:26:08.386268Z
65e0e8600004ad4e8f9fe2c6,functions/Logic.java,service,cpu:=330000000  rt:=334568707,cloudfunctions,00d087f5e0508b90f669d2e778e5edb119d2cf95bbdf1d474990a4029916e734b09cb9a2fbea2793facea51d590b84a7b32d827e55698dd1314956e833b1573e692dea,projects/modellearning/logs/run.googleapis.com%2Fstdout,,2024-02-29T20:26:08.603975006Z,sscartquery,northamerica-northeast1,modellearning,sscartquery-00011-jzl,sscartquery,cloud_run_revision,INFO,functions/Logic.java,2024-02-29T20:26:08.306510Z
65e0e86000042365ff8b75ca,functions/Logic.java,service,cpu:=-430000000  rt:=197605609,cloudfunctions,00d087f5e0c28364f40a88ea65440fad99d864800ea3cc4f8b70fe4c04ce8ea9bd6aa21cc40c9f2508c1dde8fc79b324f27e029f2d84aed35c039754a5d33a775a009f,projects/modellearning/logs/run.googleapis.com%2Fstdout,,2024-02-29T20:26:08.603975006Z,sscartquery,northamerica-northeast1,modellearning,sscartquery-00011-jzl,sscartquery,cloud_run_revision,INFO,functions/Logic.java,2024-02-29T20:26:08.271205Z
65e0e860000393bd4ecc082c,functions/Logic.java,service,cpu:=160000000  rt:=163220400,cloudfunctions,00d087f5e07bdae58c1f4da3364551cac54ac5362bf1a9581e7d4bf9a32f14aae9b89d873ef09e84a16dbd253a49be122c24eb757e668e06c6c2cc19262d914e45e911,projects/modellearning/logs/run.googleapis.com%2Fstdout,,2024-02-29T20:26:08.270148184Z,sscartquery,northamerica-northeast1,modellearning,sscartquery-00011-jzl,sscartquery,cloud_run_revision,INFO,functions/Logic.java,2024-02-29T20:26:08.234429Z
65e0e8600001699883a91f5c,functions/Logic.java,service,cpu:=350000000  rt:=355750708,cloudfunctions,00d087f5e096f10c047c63271bf3ad0a02126a02b2e38fa8048979e18ea67d746ffa403f88d9a80d0fd5b28bb55609f2a74100003294e282c98f0e4563ee611fd74e6e,projects/modellearning/logs/run.googleapis.com%2Fstdout,,2024-02-29T20:26:08.270148184Z,sscartquery,northamerica-northeast1,modellearning,sscartquery-00011-jzl,sscartquery,cloud_run_revision,INFO,functions/Logic.java,2024-02-29T20:26:08.092568Z
65e0e85f000b3dde58a32301,functions/Logic.java,service,cpu:=15120000000  rt:=3902422056,cloudfunctions,00d087f5e07bdae58c1f4da3364551cac54ac5362bf1a9581e7d4bf9a32f14aae9b89d873ef09e84a16dbd253a49be122c24eb757e668e06c6c2cc19262d914e45e911,projects/modellearning/logs/run.googleapis.com%2Fstdout,,2024-02-29T20:26:07.938123551Z,sscartquery,northamerica-northeast1,modellearning,sscartquery-00011-jzl,sscartquery,cloud_run_revision,INFO,functions/Logic.java,2024-02-29T20:26:07.736734Z
65e0e85f000a1325ada401f4,functions/Logic.java,service,cpu:=1850000000  rt:=1890625112,cloudfunctions,00d087f5e0508b90f669d2e778e5edb119d2cf95bbdf1d474990a4029916e734b09cb9a2fbea2793facea51d590b84a7b32d827e55698dd1314956e833b1573e692dea,projects/modellearning/logs/run.googleapis.com%2Fstdout,,2024-02-29T20:26:07.938123551Z,sscartquery,northamerica-northeast1,modellearning,sscartquery-00011-jzl,sscartquery,cloud_run_revision,INFO,functions/Logic.java,2024-02-29T20:26:07.660261Z
65e0e85f0009ffc9795b8a61,functions/Logic.java,service,cpu:=500000000  rt:=511296754,cloudfunctions,00d087f5e096f10c047c63271bf3ad0a02126a02b2e38fa8048979e18ea67d746ffa403f88d9a80d0fd5b28bb55609f2a74100003294e282c98f0e4563ee611fd74e6e,projects/modellearning/logs/run.googleapis.com%2Fstdout,,2024-02-29T20:26:07.938123551Z,sscartquery,northamerica-northeast1,modellearning,sscartquery-00011-jzl,sscartquery,cloud_run_revision,INFO,functions/Logic.java,2024-02-29T20:26:07.655305Z
65e0e85f000894310b83eb48,functions/Logic.java,service,cpu:=120000000  rt:=130565404,cloudfunctions,00d087f5e0d4d81528cf22cb133c2e4dd9a2c4ce3eab40a6348fdb235a3535110a2312ab0cf8d4076c1e91472dbd37c7a81eb9097195cd3f6758925e661bb3dd5e03a2,projects/modellearning/logs/run.googleapis.com%2Fstdout,,2024-02-29T20:26:07.864283013Z,sscartquery,northamerica-northeast1,modellearning,sscartquery-00011-jzl,sscartquery,cloud_run_revision,INFO,functions/Logic.java,2024-02-29T20:26:07.562225Z
65e0e85f000856212fe60d62,functions/Logic.java,service,cpu:=490000000  rt:=500867249,cloudfunctions,00d087f5e0c28364f40a88ea65440fad99d864800ea3cc4f8b70fe4c04ce8ea9bd6aa21cc40c9f2508c1dde8fc79b324f27e029f2d84aed35c039754a5d33a775a009f,projects/modellearning/logs/run.googleapis.com%2Fstdout,,2024-02-29T20:26:07.604010654Z,sscartquery,northamerica-northeast1,modellearning,sscartquery-00011-jzl,sscartquery,cloud_run_revision,INFO,functions/Logic.java,2024-02-29T20:26:07.546337Z
65e0e85f00082782c28d7286,functions/Logic.java,service,cpu:=250000000  rt:=283511675,cloudfunctions,00d087f5e04921ffa2ae878763f0217abb165fe4fe9a2e8a027ba11aed30e41dbddf4fc8615626ade2ce81a05b33cc0543a90b189fc41ef2749e7ddb07fe1c9b9eae6c,projects/modellearning/logs/run.googleapis.com%2Fstdout,,2024-02-29T20:26:07.604010654Z,sscartquery,northamerica-northeast1,modellearning,sscartquery-00011-jzl,sscartquery,cloud_run_revision,INFO,functions/Logic.java,2024-02-29T20:26:07.534402Z
65e0e85f0001695a056a78a2,functions/Logic.java,service,cpu:=130000000  rt:=130718180,cloudfunctions,00d087f5e06379a276e4a585f3c5060b28341f9ba1aae00b35146eef3c6bfe293ee854779cb36f3cc9ba10b75867900165815dba5f5fb35677f9397372dd0e41039340,projects/modellearning/logs/run.googleapis.com%2Fstdout,,2024-02-29T20:26:07.271388613Z,sscartquery,northamerica-northeast1,modellearning,sscartquery-00011-jzl,sscartquery,cloud_run_revision,INFO,functions/Logic.java,2024-02-29T20:26:07.092506Z
65e0e85f0000eff3d3f01b18,functions/Logic.java,service,cpu:=290000000  rt:=295404630,cloudfunctions,00d087f5e0d4d81528cf22cb133c2e4dd9a2c4ce3eab40a6348fdb235a3535110a2312ab0cf8d4076c1e91472dbd37c7a81eb9097195cd3f6758925e661bb3dd5e03a2,projects/modellearning/logs/run.googleapis.com%2Fstdout,,2024-02-29T20:26:07.197570873Z,sscartquery,northamerica-northeast1,modellearning,sscartquery-00011-jzl,sscartquery,cloud_run_revision,INFO,functions/Logic.java,2024-02-29T20:26:07.061427Z
65e0e85e000ed149e0e4496c,functions/Logic.java,service,cpu:=2180000000  rt:=3073927470,cloudfunctions,00d087f5e04921ffa2ae878763f0217abb165fe4fe9a2e8a027ba11aed30e41dbddf4fc8615626ade2ce81a05b33cc0543a90b189fc41ef2749e7ddb07fe1c9b9eae6c,projects/modellearning/logs/run.googleapis.com%2Fstdout,,2024-02-29T20:26:07.271388613Z,sscartquery,northamerica-northeast1,modellearning,sscartquery-00011-jzl,sscartquery,cloud_run_revision,INFO,functions/Logic.java,2024-02-29T20:26:06.971081Z
65e0e85e000eb4a86a01c20e,functions/Logic.java,service,cpu:=-12300000000  rt:=1759339948,cloudfunctions,00d087f5e096f10c047c63271bf3ad0a02126a02b2e38fa8048979e18ea67d746ffa403f88d9a80d0fd5b28bb55609f2a74100003294e282c98f0e4563ee611fd74e6e,projects/modellearning/logs/run.googleapis.com%2Fstdout,,2024-02-29T20:26:07.271388613Z,sscartquery,northamerica-northeast1,modellearning,sscartquery-00011-jzl,sscartquery,cloud_run_revision,INFO,functions/Logic.java,2024-02-29T20:26:06.963752Z
65e0e85e000b104316271a76,functions/Logic.java,service,cpu:=1210000000  rt:=1234925407,cloudfunctions,00d087f5e0d4d81528cf22cb133c2e4dd9a2c4ce3eab40a6348fdb235a3535110a2312ab0cf8d4076c1e91472dbd37c7a81eb9097195cd3f6758925e661bb3dd5e03a2,projects/modellearning/logs/run.googleapis.com%2Fstdout,,2024-02-29T20:26:06.869096716Z,sscartquery,northamerica-northeast1,modellearning,sscartquery-00011-jzl,sscartquery,cloud_run_revision,INFO,functions/Logic.java,2024-02-29T20:26:06.725059Z
65e0e85e0007cf054555596f,functions/Logic.java,service,cpu:=300000000  rt:=717357048,cloudfunctions,00d087f5e0106a3b973412d90e3ee4692855bee63eecbcfd74657a331138124eaf96e3e53cd03a649fdc6ae289e57296c3937f3080377ef79c73fa54ef810cf900a0bc,projects/modellearning/logs/run.googleapis.com%2Fstdout,,2024-02-29T20:26:06.563069017Z,sscartquery,northamerica-northeast1,modellearning,sscartquery-00011-jzl,sscartquery,cloud_run_revision,INFO,functions/Logic.java,2024-02-29T20:26:06.511749Z
65e0e85e000755a3803f8ab3,functions/Logic.java,service,cpu:=70000000  rt:=72173892,cloudfunctions,00d087f5e0fb53247b367efd3d5bd3eb6ec2079ea1f90edc419a49866437bf458cfeca444aeaa3b7daf5636b05c06cb47d5f161f950d27b45213cc036890ef6262ebf3,projects/modellearning/logs/run.googleapis.com%2Fstdout,,2024-02-29T20:26:06.605158470Z,sscartquery,northamerica-northeast1,modellearning,sscartquery-00011-jzl,sscartquery,cloud_run_revision,INFO,functions/Logic.java,2024-02-29T20:26:06.480675Z
65e0e85e00053326b2d07a70,functions/Logic.java,service,cpu:=320000000  rt:=546497540,cloudfunctions,00d087f5e0106a3b973412d90e3ee4692855bee63eecbcfd74657a331138124eaf96e3e53cd03a649fdc6ae289e57296c3937f3080377ef79c73fa54ef810cf900a0bc,projects/modellearning/logs/run.googleapis.com%2Fstdout,,2024-02-29T20:26:06.563069017Z,sscartquery,northamerica-northeast1,modellearning,sscartquery-00011-jzl,sscartquery,cloud_run_revision,INFO,functions/Logic.java,2024-02-29T20:26:06.340774Z
65e0e85e00051b1954127259,functions/Logic.java,service,cpu:=1070000000  rt:=1106421732,cloudfunctions,00d087f5e0c28364f40a88ea65440fad99d864800ea3cc4f8b70fe4c04ce8ea9bd6aa21cc40c9f2508c1dde8fc79b324f27e029f2d84aed35c039754a5d33a775a009f,projects/modellearning/logs/run.googleapis.com%2Fstdout,,2024-02-29T20:26:06.605158470Z,sscartquery,northamerica-northeast1,modellearning,sscartquery-00011-jzl,sscartquery,cloud_run_revision,INFO,functions/Logic.java,2024-02-29T20:26:06.334617Z
65e0e85e0004c333d41b8f19,functions/Logic.java,service,cpu:=1730000000  rt:=769101092,cloudfunctions,00d087f5e02e95466401fe6b26a2dc3f1c606cee66edb3cc923425595f588fa173e8c4959802dc2526b02479ea51b4553ea19e70d4d79ad7fd363aa07a5c26a0cae978,projects/modellearning/logs/run.googleapis.com%2Fstdout,,2024-02-29T20:26:06.563069017Z,sscartquery,northamerica-northeast1,modellearning,sscartquery-00011-jzl,sscartquery,cloud_run_revision,INFO,functions/Logic.java,2024-02-29T20:26:06.312115Z
65e0e85e00039380c10b20e1,functions/Logic.java,service,cpu:=1230000000  rt:=1287532768,cloudfunctions,00d087f5e0b82d4393d4a7bbb7f14727933f8b96724a91b37d40394984760349848f0c657a1b55ad143d87d15617c08a8ba76acddb65a7eb3b550a40e4aceccdfb8d33,projects/modellearning/logs/run.googleapis.com%2Fstdout,,2024-02-29T20:26:06.271995337Z,sscartquery,northamerica-northeast1,modellearning,sscartquery-00011-jzl,sscartquery,cloud_run_revision,INFO,functions/Logic.java,2024-02-29T20:26:06.234368Z
65e0e85e00029f9a0a8dc616,functions/Logic.java,service,cpu:=1200000000  rt:=2336361927,cloudfunctions,00d087f5e07bdae58c1f4da3364551cac54ac5362bf1a9581e7d4bf9a32f14aae9b89d873ef09e84a16dbd253a49be122c24eb757e668e06c6c2cc19262d914e45e911,projects/modellearning/logs/run.googleapis.com%2Fstdout,,2024-02-29T20:26:06.271995337Z,sscartquery,northamerica-northeast1,modellearning,sscartquery-00011-jzl,sscartquery,cloud_run_revision,INFO,functions/Logic.java,2024-02-29T20:26:06.171930Z
65e0e85d000f023477a6c166,functions/Logic.java,service,cpu:=250000000  rt:=440825117,cloudfunctions,00d087f5e02e95466401fe6b26a2dc3f1c606cee66edb3cc923425595f588fa173e8c4959802dc2526b02479ea51b4553ea19e70d4d79ad7fd363aa07a5c26a0cae978,projects/modellearning/logs/run.googleapis.com%2Fstdout,,2024-02-29T20:26:06.228959575Z,sscartquery,northamerica-northeast1,modellearning,sscartquery-00011-jzl,sscartquery,cloud_run_revision,INFO,functions/Logic.java,2024-02-29T20:26:05.983604Z
65e0e85d000ef310ef3da110,functions/Logic.java,service,cpu:=1180000000  rt:=1219331585,cloudfunctions,00d087f5e06379a276e4a585f3c5060b28341f9ba1aae00b35146eef3c6bfe293ee854779cb36f3cc9ba10b75867900165815dba5f5fb35677f9397372dd0e41039340,projects/modellearning/logs/run.googleapis.com%2Fstdout,,2024-02-29T20:26:06.271995337Z,sscartquery,northamerica-northeast1,modellearning,sscartquery-00011-jzl,sscartquery,cloud_run_revision,INFO,functions/Logic.java,2024-02-29T20:26:05.979728Z
65e0e85d000eaec64247dce5,functions/Logic.java,service,cpu:=290000000  rt:=757647119,cloudfunctions,00d087f5e096f10c047c63271bf3ad0a02126a02b2e38fa8048979e18ea67d746ffa403f88d9a80d0fd5b28bb55609f2a74100003294e282c98f0e4563ee611fd74e6e,projects/modellearning/logs/run.googleapis.com%2Fstdout,,2024-02-29T20:26:06.271995337Z,sscartquery,northamerica-northeast1,modellearning,sscartquery-00011-jzl,sscartquery,cloud_run_revision,INFO,functions/Logic.java,2024-02-29T20:26:05.962246Z
65e0e85d000dc5f9c038e5dd,functions/Logic.java,service,cpu:=220000000  rt:=218794675,cloudfunctions,00d087f5e0fb53247b367efd3d5bd3eb6ec2079ea1f90edc419a49866437bf458cfeca444aeaa3b7daf5636b05c06cb47d5f161f950d27b45213cc036890ef6262ebf3,projects/modellearning/logs/run.googleapis.com%2Fstdout,,2024-02-29T20:26:05.939108115Z,sscartquery,northamerica-northeast1,modellearning,sscartquery-00011-jzl,sscartquery,cloud_run_revision,INFO,functions/Logic.java,2024-02-29T20:26:05.902649Z
65e0e85d000a0723ee9893a5,functions/Logic.java,service,cpu:=490000000  rt:=495514677,cloudfunctions,00d087f5e0fb53247b367efd3d5bd3eb6ec2079ea1f90edc419a49866437bf458cfeca444aeaa3b7daf5636b05c06cb47d5f161f950d27b45213cc036890ef6262ebf3,projects/modellearning/logs/run.googleapis.com%2Fstdout,,2024-02-29T20:26:05.939108115Z,sscartquery,northamerica-northeast1,modellearning,sscartquery-00011-jzl,sscartquery,cloud_run_revision,INFO,functions/Logic.java,2024-02-29T20:26:05.657187Z
65e0e85d0008600db34ba5f9,functions/Logic.java,service,cpu:=-10580000000  rt:=1669686103,cloudfunctions,00d087f5e0508b90f669d2e778e5edb119d2cf95bbdf1d474990a4029916e734b09cb9a2fbea2793facea51d590b84a7b32d827e55698dd1314956e833b1573e692dea,projects/modellearning/logs/run.googleapis.com%2Fstdout,,2024-02-29T20:26:05.607461260Z,sscartquery,northamerica-northeast1,modellearning,sscartquery-00011-jzl,sscartquery,cloud_run_revision,INFO,functions/Logic.java,2024-02-29T20:26:05.548877Z
65e0e85d00074b71bea5b5c9,functions/Logic.java,service,cpu:=6530000000  rt:=1580333816,cloudfunctions,00d087f5e04921ffa2ae878763f0217abb165fe4fe9a2e8a027ba11aed30e41dbddf4fc8615626ade2ce81a05b33cc0543a90b189fc41ef2749e7ddb07fe1c9b9eae6c,projects/modellearning/logs/run.googleapis.com%2Fstdout,,2024-02-29T20:26:05.607461260Z,sscartquery,northamerica-northeast1,modellearning,sscartquery-00011-jzl,sscartquery,cloud_run_revision,INFO,functions/Logic.java,2024-02-29T20:26:05.478065Z
65e0e85d00065cd432bd0f6f,functions/Logic.java,service,cpu:=800000000  rt:=818475634,cloudfunctions,00d087f5e0d4d81528cf22cb133c2e4dd9a2c4ce3eab40a6348fdb235a3535110a2312ab0cf8d4076c1e91472dbd37c7a81eb9097195cd3f6758925e661bb3dd5e03a2,projects/modellearning/logs/run.googleapis.com%2Fstdout,,2024-02-29T20:26:05.533389444Z,sscartquery,northamerica-northeast1,modellearning,sscartquery-00011-jzl,sscartquery,cloud_run_revision,INFO,functions/Logic.java,2024-02-29T20:26:05.416980Z
65e0e85d0003384c9e5b9b50,functions/Logic.java,service,cpu:=900000000  rt:=922512752,cloudfunctions,00d087f5e0c28364f40a88ea65440fad99d864800ea3cc4f8b70fe4c04ce8ea9bd6aa21cc40c9f2508c1dde8fc79b324f27e029f2d84aed35c039754a5d33a775a009f,projects/modellearning/logs/run.googleapis.com%2Fstdout,,2024-02-29T20:26:05.273893562Z,sscartquery,northamerica-northeast1,modellearning,sscartquery-00011-jzl,sscartquery,cloud_run_revision,INFO,functions/Logic.java,2024-02-29T20:26:05.211020Z
65e0e85d00020fff247f47ee,functions/Logic.java,service,cpu:=160000000  rt:=162553609,cloudfunctions,00d087f5e0fb53247b367efd3d5bd3eb6ec2079ea1f90edc419a49866437bf458cfeca444aeaa3b7daf5636b05c06cb47d5f161f950d27b45213cc036890ef6262ebf3,projects/modellearning/logs/run.googleapis.com%2Fstdout,,2024-02-29T20:26:05.273893562Z,sscartquery,northamerica-northeast1,modellearning,sscartquery-00011-jzl,sscartquery,cloud_run_revision,INFO,functions/Logic.java,2024-02-29T20:26:05.135167Z
65e0e85c000ed109486d23ca,functions/Logic.java,service,cpu:=60000000  rt:=59327984,cloudfunctions,00d087f5e025f1412d457ac9df76d9971bbb653901e64de3964b6771b432461e319b79b0f00c478208807a6c7a3fbf8874fe0596d4f63281afed598300217590a2678e,projects/modellearning/logs/run.googleapis.com%2Fstdout,,2024-02-29T20:26:05.273893562Z,sscartquery,northamerica-northeast1,modellearning,sscartquery-00011-jzl,sscartquery,cloud_run_revision,INFO,functions/Logic.java,2024-02-29T20:26:04.971017Z
65e0e85c000e7dffae2ceafd,functions/Logic.java,service,cpu:=500000000  rt:=530187429,cloudfunctions,00d087f5e0fb53247b367efd3d5bd3eb6ec2079ea1f90edc419a49866437bf458cfeca444aeaa3b7daf5636b05c06cb47d5f161f950d27b45213cc036890ef6262ebf3,projects/modellearning/logs/run.googleapis.com%2Fstdout,,2024-02-29T20:26:05.273893562Z,sscartquery,northamerica-northeast1,modellearning,sscartquery-00011-jzl,sscartquery,cloud_run_revision,INFO,functions/Logic.java,2024-02-29T20:26:04.949759Z
65e0e85c000b65b290bc3951,functions/Logic.java,service,cpu:=1860000000  rt:=893609906,cloudfunctions,00d087f5e096f10c047c63271bf3ad0a02126a02b2e38fa8048979e18ea67d746ffa403f88d9a80d0fd5b28bb55609f2a74100003294e282c98f0e4563ee611fd74e6e,projects/modellearning/logs/run.googleapis.com%2Fstdout,,2024-02-29T20:26:04.940001848Z,sscartquery,northamerica-northeast1,modellearning,sscartquery-00011-jzl,sscartquery,cloud_run_revision,INFO,functions/Logic.java,2024-02-29T20:26:04.746930Z
65e0e85c000a4308e1e31f2a,functions/Logic.java,service,cpu:=540000000  rt:=552785090,cloudfunctions,00d087f5e0b82d4393d4a7bbb7f14727933f8b96724a91b37d40394984760349848f0c657a1b55ad143d87d15617c08a8ba76acddb65a7eb3b550a40e4aceccdfb8d33,projects/modellearning/logs/run.googleapis.com%2Fstdout,,2024-02-29T20:26:04.940001848Z,sscartquery,northamerica-northeast1,modellearning,sscartquery-00011-jzl,sscartquery,cloud_run_revision,INFO,functions/Logic.java,2024-02-29T20:26:04.672520Z
65e0e85c000781a1cca03f8f,functions/Logic.java,service,cpu:=2780000000  rt:=2910973118,cloudfunctions,00d087f5e025f1412d457ac9df76d9971bbb653901e64de3964b6771b432461e319b79b0f00c478208807a6c7a3fbf8874fe0596d4f63281afed598300217590a2678e,projects/modellearning/logs/run.googleapis.com%2Fstdout,,2024-02-29T20:26:04.607906810Z,sscartquery,northamerica-northeast1,modellearning,sscartquery-00011-jzl,sscartquery,cloud_run_revision,INFO,functions/Logic.java,2024-02-29T20:26:04.491937Z
65e0e85c00063a3c5de95413,functions/Logic.java,service,cpu:=410000000  rt:=437024353,cloudfunctions,00d087f5e0106a3b973412d90e3ee4692855bee63eecbcfd74657a331138124eaf96e3e53cd03a649fdc6ae289e57296c3937f3080377ef79c73fa54ef810cf900a0bc,projects/modellearning/logs/run.googleapis.com%2Fstdout,,2024-02-29T20:26:04.563945130Z,sscartquery,northamerica-northeast1,modellearning,sscartquery-00011-jzl,sscartquery,cloud_run_revision,INFO,functions/Logic.java,2024-02-29T20:26:04.408124Z
65e0e85c0005611e0573706d,functions/Logic.java,service,cpu:=250000000  rt:=499190427,cloudfunctions,00d087f5e096f10c047c63271bf3ad0a02126a02b2e38fa8048979e18ea67d746ffa403f88d9a80d0fd5b28bb55609f2a74100003294e282c98f0e4563ee611fd74e6e,projects/modellearning/logs/run.googleapis.com%2Fstdout,,2024-02-29T20:26:04.607906810Z,sscartquery,northamerica-northeast1,modellearning,sscartquery-00011-jzl,sscartquery,cloud_run_revision,INFO,functions/Logic.java,2024-02-29T20:26:04.352542Z
65e0e85c00055ca6c0298bdc,functions/Logic.java,service,cpu:=270000000  rt:=471742983,cloudfunctions,00d087f5e0508b90f669d2e778e5edb119d2cf95bbdf1d474990a4029916e734b09cb9a2fbea2793facea51d590b84a7b32d827e55698dd1314956e833b1573e692dea,projects/modellearning/logs/run.googleapis.com%2Fstdout,,2024-02-29T20:26:04.607906810Z,sscartquery,northamerica-northeast1,modellearning,sscartquery-00011-jzl,sscartquery,cloud_run_revision,INFO,functions/Logic.java,2024-02-29T20:26:04.351398Z
65e0e85c0005489389db12b3,functions/Logic.java,service,cpu:=990000000  rt:=1029688787,cloudfunctions,00d087f5e0fb53247b367efd3d5bd3eb6ec2079ea1f90edc419a49866437bf458cfeca444aeaa3b7daf5636b05c06cb47d5f161f950d27b45213cc036890ef6262ebf3,projects/modellearning/logs/run.googleapis.com%2Fstdout,,2024-02-29T20:26:04.607906810Z,sscartquery,northamerica-northeast1,modellearning,sscartquery-00011-jzl,sscartquery,cloud_run_revision,INFO,functions/Logic.java,2024-02-29T20:26:04.346259Z
65e0e85c00047f444fd59687,functions/Logic.java,service,cpu:=30000000  rt:=24737791,cloudfunctions,00d087f5e06379a276e4a585f3c5060b28341f9ba1aae00b35146eef3c6bfe293ee854779cb36f3cc9ba10b75867900165815dba5f5fb35677f9397372dd0e41039340,projects/modellearning/logs/run.googleapis.com%2Fstdout,,2024-02-29T20:26:04.607906810Z,sscartquery,northamerica-northeast1,modellearning,sscartquery-00011-jzl,sscartquery,cloud_run_revision,INFO,functions/Logic.java,2024-02-29T20:26:04.294724Z
65e0e85c000393f89e2c53b0,functions/Logic.java,service,cpu:=-5520000000  rt:=373517590,cloudfunctions,00d087f5e0c28364f40a88ea65440fad99d864800ea3cc4f8b70fe4c04ce8ea9bd6aa21cc40c9f2508c1dde8fc79b324f27e029f2d84aed35c039754a5d33a775a009f,projects/modellearning/logs/run.googleapis.com%2Fstdout,,2024-02-29T20:26:04.275101709Z,sscartquery,northamerica-northeast1,modellearning,sscartquery-00011-jzl,sscartquery,cloud_run_revision,INFO,functions/Logic.java,2024-02-29T20:26:04.234488Z
65e0e85c00038001be5e6a49,functions/Logic.java,service,cpu:=300000000  rt:=301137224,cloudfunctions,00d087f5e02e95466401fe6b26a2dc3f1c606cee66edb3cc923425595f588fa173e8c4959802dc2526b02479ea51b4553ea19e70d4d79ad7fd363aa07a5c26a0cae978,projects/modellearning/logs/run.googleapis.com%2Fstdout,,2024-02-29T20:26:04.230248971Z,sscartquery,northamerica-northeast1,modellearning,sscartquery-00011-jzl,sscartquery,cloud_run_revision,INFO,functions/Logic.java,2024-02-29T20:26:04.229377Z
65e0e85c0002ce728366beb2,functions/Logic.java,service,cpu:=2130000000  rt:=2980409213,cloudfunctions,00d087f5e0d4d81528cf22cb133c2e4dd9a2c4ce3eab40a6348fdb235a3535110a2312ab0cf8d4076c1e91472dbd37c7a81eb9097195cd3f6758925e661bb3dd5e03a2,projects/modellearning/logs/run.googleapis.com%2Fstdout,,2024-02-29T20:26:04.200392319Z,sscartquery,northamerica-northeast1,modellearning,sscartquery-00011-jzl,sscartquery,cloud_run_revision,INFO,functions/Logic.java,2024-02-29T20:26:04.183922Z
65e0e85c00013dca25ede0f5,functions/Logic.java,service,cpu:=2050000000  rt:=2143565358,cloudfunctions,00d087f5e06379a276e4a585f3c5060b28341f9ba1aae00b35146eef3c6bfe293ee854779cb36f3cc9ba10b75867900165815dba5f5fb35677f9397372dd0e41039340,projects/modellearning/logs/run.googleapis.com%2Fstdout,,2024-02-29T20:26:04.275101709Z,sscartquery,northamerica-northeast1,modellearning,sscartquery-00011-jzl,sscartquery,cloud_run_revision,INFO,functions/Logic.java,2024-02-29T20:26:04.081354Z
65e0e85c0000c139e9f1d972,functions/Logic.java,service,cpu:=60000000  rt:=188503632,cloudfunctions,00d087f5e0c28364f40a88ea65440fad99d864800ea3cc4f8b70fe4c04ce8ea9bd6aa21cc40c9f2508c1dde8fc79b324f27e029f2d84aed35c039754a5d33a775a009f,projects/modellearning/logs/run.googleapis.com%2Fstdout,,2024-02-29T20:26:04.275101709Z,sscartquery,northamerica-northeast1,modellearning,sscartquery-00011-jzl,sscartquery,cloud_run_revision,INFO,functions/Logic.java,2024-02-29T20:26:04.049465Z
65e0e85b000f155b66912224,functions/Logic.java,service,cpu:=2010000000  rt:=2087761204,cloudfunctions,00d087f5e0b82d4393d4a7bbb7f14727933f8b96724a91b37d40394984760349848f0c657a1b55ad143d87d15617c08a8ba76acddb65a7eb3b550a40e4aceccdfb8d33,projects/modellearning/logs/run.googleapis.com%2Fstdout,,2024-02-29T20:26:04.275101709Z,sscartquery,northamerica-northeast1,modellearning,sscartquery-00011-jzl,sscartquery,cloud_run_revision,INFO,functions/Logic.java,2024-02-29T20:26:03.988507Z
65e0e85b000827bea33299a4,functions/Logic.java,service,cpu:=680000000  rt:=717967578,cloudfunctions,00d087f5e04921ffa2ae878763f0217abb165fe4fe9a2e8a027ba11aed30e41dbddf4fc8615626ade2ce81a05b33cc0543a90b189fc41ef2749e7ddb07fe1c9b9eae6c,projects/modellearning/logs/run.googleapis.com%2Fstdout,,2024-02-29T20:26:03.608673679Z,sscartquery,northamerica-northeast1,modellearning,sscartquery-00011-jzl,sscartquery,cloud_run_revision,INFO,functions/Logic.java,2024-02-29T20:26:03.534462Z
65e0e85b0006b12d122a9665,functions/Logic.java,service,cpu:=560000000  rt:=575675703,cloudfunctions,00d087f5e0508b90f669d2e778e5edb119d2cf95bbdf1d474990a4029916e734b09cb9a2fbea2793facea51d590b84a7b32d827e55698dd1314956e833b1573e692dea,projects/modellearning/logs/run.googleapis.com%2Fstdout,,2024-02-29T20:26:03.608673679Z,sscartquery,northamerica-northeast1,modellearning,sscartquery-00011-jzl,sscartquery,cloud_run_revision,INFO,functions/Logic.java,2024-02-29T20:26:03.438573Z
65e0e85b00050d82fff65954,functions/Logic.java,service,cpu:=1590000000  rt:=2127650499,cloudfunctions,00d087f5e0d4d81528cf22cb133c2e4dd9a2c4ce3eab40a6348fdb235a3535110a2312ab0cf8d4076c1e91472dbd37c7a81eb9097195cd3f6758925e661bb3dd5e03a2,projects/modellearning/logs/run.googleapis.com%2Fstdout,,2024-02-29T20:26:03.535602972Z,sscartquery,northamerica-northeast1,modellearning,sscartquery-00011-jzl,sscartquery,cloud_run_revision,INFO,functions/Logic.java,2024-02-29T20:26:03.331138Z
65e0e85b0001a998d2cfced1,functions/Logic.java,service,cpu:=1110000000  rt:=1174203444,cloudfunctions,00d087f5e0fb53247b367efd3d5bd3eb6ec2079ea1f90edc419a49866437bf458cfeca444aeaa3b7daf5636b05c06cb47d5f161f950d27b45213cc036890ef6262ebf3,projects/modellearning/logs/run.googleapis.com%2Fstdout,,2024-02-29T20:26:03.275789779Z,sscartquery,northamerica-northeast1,modellearning,sscartquery-00011-jzl,sscartquery,cloud_run_revision,INFO,functions/Logic.java,2024-02-29T20:26:03.108952Z
65e0e85b00010259bab7ef7e,functions/Logic.java,service,cpu:=590000000  rt:=614672829,cloudfunctions,00d087f5e096f10c047c63271bf3ad0a02126a02b2e38fa8048979e18ea67d746ffa403f88d9a80d0fd5b28bb55609f2a74100003294e282c98f0e4563ee611fd74e6e,projects/modellearning/logs/run.googleapis.com%2Fstdout,,2024-02-29T20:26:03.275789779Z,sscartquery,northamerica-northeast1,modellearning,sscartquery-00011-jzl,sscartquery,cloud_run_revision,INFO,functions/Logic.java,2024-02-29T20:26:03.066137Z
65e0e85a000d4babcbe27b56,functions/Logic.java,service,cpu:=660000000  rt:=672806401,cloudfunctions,00d087f5e07bdae58c1f4da3364551cac54ac5362bf1a9581e7d4bf9a32f14aae9b89d873ef09e84a16dbd253a49be122c24eb757e668e06c6c2cc19262d914e45e911,projects/modellearning/logs/run.googleapis.com%2Fstdout,,2024-02-29T20:26:02.943117823Z,sscartquery,northamerica-northeast1,modellearning,sscartquery-00011-jzl,sscartquery,cloud_run_revision,INFO,functions/Logic.java,2024-02-29T20:26:02.871339Z
65e0e85a000d0f235d863a13,functions/Logic.java,service,cpu:=130000000  rt:=133728579,cloudfunctions,00d087f5e0508b90f669d2e778e5edb119d2cf95bbdf1d474990a4029916e734b09cb9a2fbea2793facea51d590b84a7b32d827e55698dd1314956e833b1573e692dea,projects/modellearning/logs/run.googleapis.com%2Fstdout,,2024-02-29T20:26:02.943117823Z,sscartquery,northamerica-northeast1,modellearning,sscartquery-00011-jzl,sscartquery,cloud_run_revision,INFO,functions/Logic.java,2024-02-29T20:26:02.855843Z
65e0e85a00095630c3ad7f48,functions/Logic.java,service,cpu:=290000000  rt:=294968341,cloudfunctions,00d087f5e04921ffa2ae878763f0217abb165fe4fe9a2e8a027ba11aed30e41dbddf4fc8615626ade2ce81a05b33cc0543a90b189fc41ef2749e7ddb07fe1c9b9eae6c,projects/modellearning/logs/run.googleapis.com%2Fstdout,,2024-02-29T20:26:02.943117823Z,sscartquery,northamerica-northeast1,modellearning,sscartquery-00011-jzl,sscartquery,cloud_run_revision,INFO,functions/Logic.java,2024-02-29T20:26:02.611888Z
65e0e85a00047364b25ad4ff,functions/Logic.java,service,cpu:=2080000000  rt:=2277379130,cloudfunctions,00d087f5e0508b90f669d2e778e5edb119d2cf95bbdf1d474990a4029916e734b09cb9a2fbea2793facea51d590b84a7b32d827e55698dd1314956e833b1573e692dea,projects/modellearning/logs/run.googleapis.com%2Fstdout,,2024-02-29T20:26:02.608996285Z,sscartquery,northamerica-northeast1,modellearning,sscartquery-00011-jzl,sscartquery,cloud_run_revision,INFO,functions/Logic.java,2024-02-29T20:26:02.291684Z
65e0e859000f1f445a3a2f79,functions/Logic.java,service,cpu:=1410000000  rt:=1435387962,cloudfunctions,00d087f5e096f10c047c63271bf3ad0a02126a02b2e38fa8048979e18ea67d746ffa403f88d9a80d0fd5b28bb55609f2a74100003294e282c98f0e4563ee611fd74e6e,projects/modellearning/logs/run.googleapis.com%2Fstdout,,2024-02-29T20:26:02.277154018Z,sscartquery,northamerica-northeast1,modellearning,sscartquery-00011-jzl,sscartquery,cloud_run_revision,INFO,functions/Logic.java,2024-02-29T20:26:01.991044Z
65e0e859000dc425c5945175,functions/Logic.java,service,cpu:=20000000  rt:=29040881,cloudfunctions,00d087f5e0fb53247b367efd3d5bd3eb6ec2079ea1f90edc419a49866437bf458cfeca444aeaa3b7daf5636b05c06cb47d5f161f950d27b45213cc036890ef6262ebf3,projects/modellearning/logs/run.googleapis.com%2Fstdout,,2024-02-29T20:26:01.943033013Z,sscartquery,northamerica-northeast1,modellearning,sscartquery-00011-jzl,sscartquery,cloud_run_revision,INFO,functions/Logic.java,2024-02-29T20:26:01.902181Z
65e0e8590009f114b1c1fdba,functions/Logic.java,service,cpu:=440000000  rt:=470266701,cloudfunctions,00d087f5e0fb53247b367efd3d5bd3eb6ec2079ea1f90edc419a49866437bf458cfeca444aeaa3b7daf5636b05c06cb47d5f161f950d27b45213cc036890ef6262ebf3,projects/modellearning/logs/run.googleapis.com%2Fstdout,,2024-02-29T20:26:01.943033013Z,sscartquery,northamerica-northeast1,modellearning,sscartquery-00011-jzl,sscartquery,cloud_run_revision,INFO,functions/Logic.java,2024-02-29T20:26:01.651540Z
65e0e8590009ae2eef4e44a0,functions/Logic.java,service,cpu:=310000000  rt:=321836959,cloudfunctions,00d087f5e0c28364f40a88ea65440fad99d864800ea3cc4f8b70fe4c04ce8ea9bd6aa21cc40c9f2508c1dde8fc79b324f27e029f2d84aed35c039754a5d33a775a009f,projects/modellearning/logs/run.googleapis.com%2Fstdout,,2024-02-29T20:26:01.943033013Z,sscartquery,northamerica-northeast1,modellearning,sscartquery-00011-jzl,sscartquery,cloud_run_revision,INFO,functions/Logic.java,2024-02-29T20:26:01.634414Z
65e0e859000801c9fbc5e98e,functions/Logic.java,service,cpu:=30000000  rt:=28670529,cloudfunctions,00d087f5e04921ffa2ae878763f0217abb165fe4fe9a2e8a027ba11aed30e41dbddf4fc8615626ade2ce81a05b33cc0543a90b189fc41ef2749e7ddb07fe1c9b9eae6c,projects/modellearning/logs/run.googleapis.com%2Fstdout,,2024-02-29T20:26:01.609677307Z,sscartquery,northamerica-northeast1,modellearning,sscartquery-00011-jzl,sscartquery,cloud_run_revision,INFO,functions/Logic.java,2024-02-29T20:26:01.524745Z
65e0e85900024c402f507d49,functions/Logic.java,service,cpu:=9810000000  rt:=1781043970,cloudfunctions,00d087f5e07bdae58c1f4da3364551cac54ac5362bf1a9581e7d4bf9a32f14aae9b89d873ef09e84a16dbd253a49be122c24eb757e668e06c6c2cc19262d914e45e911,projects/modellearning/logs/run.googleapis.com%2Fstdout,,2024-02-29T20:26:01.276943565Z,sscartquery,northamerica-northeast1,modellearning,sscartquery-00011-jzl,sscartquery,cloud_run_revision,INFO,functions/Logic.java,2024-02-29T20:26:01.150592Z
65e0e85900020d934dccf399,functions/Logic.java,service,cpu:=250000000  rt:=261958448,cloudfunctions,00d087f5e0fb53247b367efd3d5bd3eb6ec2079ea1f90edc419a49866437bf458cfeca444aeaa3b7daf5636b05c06cb47d5f161f950d27b45213cc036890ef6262ebf3,projects/modellearning/logs/run.googleapis.com%2Fstdout,,2024-02-29T20:26:01.276943565Z,sscartquery,northamerica-northeast1,modellearning,sscartquery-00011-jzl,sscartquery,cloud_run_revision,INFO,functions/Logic.java,2024-02-29T20:26:01.134547Z
65e0e8590001aaf8789e0d3f,functions/Logic.java,service,cpu:=1840000000  rt:=1950793942,cloudfunctions,00d087f5e06379a276e4a585f3c5060b28341f9ba1aae00b35146eef3c6bfe293ee854779cb36f3cc9ba10b75867900165815dba5f5fb35677f9397372dd0e41039340,projects/modellearning/logs/run.googleapis.com%2Fstdout,,2024-02-29T20:26:01.276943565Z,sscartquery,northamerica-northeast1,modellearning,sscartquery-00011-jzl,sscartquery,cloud_run_revision,INFO,functions/Logic.java,2024-02-29T20:26:01.109304Z
65e0e859000175090aed9e20,functions/Logic.java,service,cpu:=230000000  rt:=246806128,cloudfunctions,00d087f5e0b82d4393d4a7bbb7f14727933f8b96724a91b37d40394984760349848f0c657a1b55ad143d87d15617c08a8ba76acddb65a7eb3b550a40e4aceccdfb8d33,projects/modellearning/logs/run.googleapis.com%2Fstdout,,2024-02-29T20:26:01.276943565Z,sscartquery,northamerica-northeast1,modellearning,sscartquery-00011-jzl,sscartquery,cloud_run_revision,INFO,functions/Logic.java,2024-02-29T20:26:01.095497Z
65e0e858000f0810da3ab06f,functions/Logic.java,service,cpu:=1830000000  rt:=1920200870,cloudfunctions,00d087f5e025f1412d457ac9df76d9971bbb653901e64de3964b6771b432461e319b79b0f00c478208807a6c7a3fbf8874fe0596d4f63281afed598300217590a2678e,projects/modellearning/logs/run.googleapis.com%2Fstdout,,2024-02-29T20:26:01.276943565Z,sscartquery,northamerica-northeast1,modellearning,sscartquery-00011-jzl,sscartquery,cloud_run_revision,INFO,functions/Logic.java,2024-02-29T20:26:00.985104Z
65e0e858000dac6c19270282,functions/Logic.java,service,cpu:=390000000  rt:=412840780,cloudfunctions,00d087f5e04921ffa2ae878763f0217abb165fe4fe9a2e8a027ba11aed30e41dbddf4fc8615626ade2ce81a05b33cc0543a90b189fc41ef2749e7ddb07fe1c9b9eae6c,projects/modellearning/logs/run.googleapis.com%2Fstdout,,2024-02-29T20:26:00.943860920Z,sscartquery,northamerica-northeast1,modellearning,sscartquery-00011-jzl,sscartquery,cloud_run_revision,INFO,functions/Logic.java,2024-02-29T20:26:00.896108Z
65e0e858000ce858d9027845,functions/Logic.java,service,cpu:=5610000000  rt:=6259182088,cloudfunctions,00d087f5e0fb53247b367efd3d5bd3eb6ec2079ea1f90edc419a49866437bf458cfeca444aeaa3b7daf5636b05c06cb47d5f161f950d27b45213cc036890ef6262ebf3,projects/modellearning/logs/run.googleapis.com%2Fstdout,,2024-02-29T20:26:00.943860920Z,sscartquery,northamerica-northeast1,modellearning,sscartquery-00011-jzl,sscartquery,cloud_run_revision,INFO,functions/Logic.java,2024-02-29T20:26:00.845912Z
65e0e858000c7a54c0fcb4e9,functions/Logic.java,service,cpu:=17010000000  rt:=1278809691,cloudfunctions,00d087f5e0c28364f40a88ea65440fad99d864800ea3cc4f8b70fe4c04ce8ea9bd6aa21cc40c9f2508c1dde8fc79b324f27e029f2d84aed35c039754a5d33a775a009f,projects/modellearning/logs/run.googleapis.com%2Fstdout,,2024-02-29T20:26:00.943860920Z,sscartquery,northamerica-northeast1,modellearning,sscartquery-00011-jzl,sscartquery,cloud_run_revision,INFO,functions/Logic.java,2024-02-29T20:26:00.817748Z
65e0e858000c0d1cf3c77277,functions/Logic.java,service,cpu:=610000000  rt:=625113093,cloudfunctions,00d087f5e0b82d4393d4a7bbb7f14727933f8b96724a91b37d40394984760349848f0c657a1b55ad143d87d15617c08a8ba76acddb65a7eb3b550a40e4aceccdfb8d33,projects/modellearning/logs/run.googleapis.com%2Fstdout,,2024-02-29T20:26:00.943860920Z,sscartquery,northamerica-northeast1,modellearning,sscartquery-00011-jzl,sscartquery,cloud_run_revision,INFO,functions/Logic.java,2024-02-29T20:26:00.789788Z
65e0e858000b34774e5a3f52,functions/Logic.java,service,cpu:=810000000  rt:=1364734148,cloudfunctions,00d087f5e07bdae58c1f4da3364551cac54ac5362bf1a9581e7d4bf9a32f14aae9b89d873ef09e84a16dbd253a49be122c24eb757e668e06c6c2cc19262d914e45e911,projects/modellearning/logs/run.googleapis.com%2Fstdout,,2024-02-29T20:26:00.943860920Z,sscartquery,northamerica-northeast1,modellearning,sscartquery-00011-jzl,sscartquery,cloud_run_revision,INFO,functions/Logic.java,2024-02-29T20:26:00.734327Z
65e0e8580006a091489c438b,functions/Logic.java,service,cpu:=29100000000  rt:=419975953,cloudfunctions,00d087f5e0508b90f669d2e778e5edb119d2cf95bbdf1d474990a4029916e734b09cb9a2fbea2793facea51d590b84a7b32d827e55698dd1314956e833b1573e692dea,projects/modellearning/logs/run.googleapis.com%2Fstdout,,2024-02-29T20:26:00.610699686Z,sscartquery,northamerica-northeast1,modellearning,sscartquery-00011-jzl,sscartquery,cloud_run_revision,INFO,functions/Logic.java,2024-02-29T20:26:00.434321Z
65e0e85800056ab7649175d4,functions/Logic.java,service,cpu:=-3470000000  rt:=894210884,cloudfunctions,00d087f5e096f10c047c63271bf3ad0a02126a02b2e38fa8048979e18ea67d746ffa403f88d9a80d0fd5b28bb55609f2a74100003294e282c98f0e4563ee611fd74e6e,projects/modellearning/logs/run.googleapis.com%2Fstdout,,2024-02-29T20:26:00.610699686Z,sscartquery,northamerica-northeast1,modellearning,sscartquery-00011-jzl,sscartquery,cloud_run_revision,INFO,functions/Logic.java,2024-02-29T20:26:00.354999Z
65e0e85800045a1e8ecab545,functions/Logic.java,service,cpu:=490000000  rt:=507639902,cloudfunctions,00d087f5e04921ffa2ae878763f0217abb165fe4fe9a2e8a027ba11aed30e41dbddf4fc8615626ade2ce81a05b33cc0543a90b189fc41ef2749e7ddb07fe1c9b9eae6c,projects/modellearning/logs/run.googleapis.com%2Fstdout,,2024-02-29T20:26:00.610699686Z,sscartquery,northamerica-northeast1,modellearning,sscartquery-00011-jzl,sscartquery,cloud_run_revision,INFO,functions/Logic.java,2024-02-29T20:26:00.285214Z
65e0e85800026667338be7de,functions/Logic.java,service,cpu:=270000000  rt:=696534952,cloudfunctions,00d087f5e096f10c047c63271bf3ad0a02126a02b2e38fa8048979e18ea67d746ffa403f88d9a80d0fd5b28bb55609f2a74100003294e282c98f0e4563ee611fd74e6e,projects/modellearning/logs/run.googleapis.com%2Fstdout,,2024-02-29T20:26:00.277780891Z,sscartquery,northamerica-northeast1,modellearning,sscartquery-00011-jzl,sscartquery,cloud_run_revision,INFO,functions/Logic.java,2024-02-29T20:26:00.157287Z
65e0e85800023f15c8861aec,functions/Logic.java,service,cpu:=40000000  rt:=39307865,cloudfunctions,00d087f5e0b82d4393d4a7bbb7f14727933f8b96724a91b37d40394984760349848f0c657a1b55ad143d87d15617c08a8ba76acddb65a7eb3b550a40e4aceccdfb8d33,projects/modellearning/logs/run.googleapis.com%2Fstdout,,2024-02-29T20:26:00.277780891Z,sscartquery,northamerica-northeast1,modellearning,sscartquery-00011-jzl,sscartquery,cloud_run_revision,INFO,functions/Logic.java,2024-02-29T20:26:00.147221Z
65e0e8580001734254e75f20,functions/Logic.java,service,cpu:=2610000000  rt:=2715206559,cloudfunctions,00d087f5e0b82d4393d4a7bbb7f14727933f8b96724a91b37d40394984760349848f0c657a1b55ad143d87d15617c08a8ba76acddb65a7eb3b550a40e4aceccdfb8d33,projects/modellearning/logs/run.googleapis.com%2Fstdout,,2024-02-29T20:26:00.277780891Z,sscartquery,northamerica-northeast1,modellearning,sscartquery-00011-jzl,sscartquery,cloud_run_revision,INFO,functions/Logic.java,2024-02-29T20:26:00.095042Z
65e0e8580000c41aa3394e21,functions/Logic.java,service,cpu:=220000000  rt:=511188936,cloudfunctions,00d087f5e0c28364f40a88ea65440fad99d864800ea3cc4f8b70fe4c04ce8ea9bd6aa21cc40c9f2508c1dde8fc79b324f27e029f2d84aed35c039754a5d33a775a009f,projects/modellearning/logs/run.googleapis.com%2Fstdout,,2024-02-29T20:26:00.277780891Z,sscartquery,northamerica-northeast1,modellearning,sscartquery-00011-jzl,sscartquery,cloud_run_revision,INFO,functions/Logic.java,2024-02-29T20:26:00.050202Z
65e0e8570008dcdf4647a363,functions/Logic.java,service,cpu:=700000000  rt:=740834121,cloudfunctions,00d087f5e04921ffa2ae878763f0217abb165fe4fe9a2e8a027ba11aed30e41dbddf4fc8615626ade2ce81a05b33cc0543a90b189fc41ef2749e7ddb07fe1c9b9eae6c,projects/modellearning/logs/run.googleapis.com%2Fstdout,,2024-02-29T20:25:59.612553959Z,sscartquery,northamerica-northeast1,modellearning,sscartquery-00011-jzl,sscartquery,cloud_run_revision,INFO,functions/Logic.java,2024-02-29T20:25:59.580831Z
65e0e85700029769185e439c,functions/Logic.java,service,cpu:=480000000  rt:=488771859,cloudfunctions,00d087f5e0d4d81528cf22cb133c2e4dd9a2c4ce3eab40a6348fdb235a3535110a2312ab0cf8d4076c1e91472dbd37c7a81eb9097195cd3f6758925e661bb3dd5e03a2,projects/modellearning/logs/run.googleapis.com%2Fstdout,,2024-02-29T20:25:59.205988812Z,sscartquery,northamerica-northeast1,modellearning,sscartquery-00011-jzl,sscartquery,cloud_run_revision,INFO,functions/Logic.java,2024-02-29T20:25:59.169833Z
65e0e856000ee83be9ca579f,functions/Logic.java,service,cpu:=400000000  rt:=418461289,cloudfunctions,00d087f5e0508b90f669d2e778e5edb119d2cf95bbdf1d474990a4029916e734b09cb9a2fbea2793facea51d590b84a7b32d827e55698dd1314956e833b1573e692dea,projects/modellearning/logs/run.googleapis.com%2Fstdout,,2024-02-29T20:25:59.278807847Z,sscartquery,northamerica-northeast1,modellearning,sscartquery-00011-jzl,sscartquery,cloud_run_revision,INFO,functions/Logic.java,2024-02-29T20:25:58.976955Z
65e0e856000e42c418b3fecf,functions/Logic.java,service,cpu:=170000000  rt:=176263326,cloudfunctions,00d087f5e096f10c047c63271bf3ad0a02126a02b2e38fa8048979e18ea67d746ffa403f88d9a80d0fd5b28bb55609f2a74100003294e282c98f0e4563ee611fd74e6e,projects/modellearning/logs/run.googleapis.com%2Fstdout,,2024-02-29T20:25:58.946974816Z,sscartquery,northamerica-northeast1,modellearning,sscartquery-00011-jzl,sscartquery,cloud_run_revision,INFO,functions/Logic.java,2024-02-29T20:25:58.934596Z
65e0e856000babc7eb34da09,functions/Logic.java,service,cpu:=450000000  rt:=456562341,cloudfunctions,00d087f5e0c28364f40a88ea65440fad99d864800ea3cc4f8b70fe4c04ce8ea9bd6aa21cc40c9f2508c1dde8fc79b324f27e029f2d84aed35c039754a5d33a775a009f,projects/modellearning/logs/run.googleapis.com%2Fstdout,,2024-02-29T20:25:58.946974816Z,sscartquery,northamerica-northeast1,modellearning,sscartquery-00011-jzl,sscartquery,cloud_run_revision,INFO,functions/Logic.java,2024-02-29T20:25:58.764871Z
65e0e8560003fda0a5f9cb45,functions/Logic.java,service,cpu:=90000000  rt:=90500379,cloudfunctions,00d087f5e06379a276e4a585f3c5060b28341f9ba1aae00b35146eef3c6bfe293ee854779cb36f3cc9ba10b75867900165815dba5f5fb35677f9397372dd0e41039340,projects/modellearning/logs/run.googleapis.com%2Fstdout,,2024-02-29T20:25:58.280776202Z,sscartquery,northamerica-northeast1,modellearning,sscartquery-00011-jzl,sscartquery,cloud_run_revision,INFO,functions/Logic.java,2024-02-29T20:25:58.261536Z
65e0e85600030999690aafe0,functions/Logic.java,service,cpu:=210000000  rt:=211522503,cloudfunctions,00d087f5e07bdae58c1f4da3364551cac54ac5362bf1a9581e7d4bf9a32f14aae9b89d873ef09e84a16dbd253a49be122c24eb757e668e06c6c2cc19262d914e45e911,projects/modellearning/logs/run.googleapis.com%2Fstdout,,2024-02-29T20:25:58.280776202Z,sscartquery,northamerica-northeast1,modellearning,sscartquery-00011-jzl,sscartquery,cloud_run_revision,INFO,functions/Logic.java,2024-02-29T20:25:58.199065Z
65e0e855000f1a7a14cf9314,functions/Logic.java,service,cpu:=450000000  rt:=479021357,cloudfunctions,00d087f5e025f1412d457ac9df76d9971bbb653901e64de3964b6771b432461e319b79b0f00c478208807a6c7a3fbf8874fe0596d4f63281afed598300217590a2678e,projects/modellearning/logs/run.googleapis.com%2Fstdout,,2024-02-29T20:25:58.280776202Z,sscartquery,northamerica-northeast1,modellearning,sscartquery-00011-jzl,sscartquery,cloud_run_revision,INFO,functions/Logic.java,2024-02-29T20:25:57.989818Z
65e0e855000ee81ae7cccb87,functions/Logic.java,service,cpu:=1140000000  rt:=1203949875,cloudfunctions,00d087f5e04921ffa2ae878763f0217abb165fe4fe9a2e8a027ba11aed30e41dbddf4fc8615626ade2ce81a05b33cc0543a90b189fc41ef2749e7ddb07fe1c9b9eae6c,projects/modellearning/logs/run.googleapis.com%2Fstdout,,2024-02-29T20:25:58.280776202Z,sscartquery,northamerica-northeast1,modellearning,sscartquery-00011-jzl,sscartquery,cloud_run_revision,INFO,functions/Logic.java,2024-02-29T20:25:57.976922Z
65e0e855000ee42ecf413a8c,functions/Logic.java,service,cpu:=830000000  rt:=849601846,cloudfunctions,00d087f5e096f10c047c63271bf3ad0a02126a02b2e38fa8048979e18ea67d746ffa403f88d9a80d0fd5b28bb55609f2a74100003294e282c98f0e4563ee611fd74e6e,projects/modellearning/logs/run.googleapis.com%2Fstdout,,2024-02-29T20:25:58.280776202Z,sscartquery,northamerica-northeast1,modellearning,sscartquery-00011-jzl,sscartquery,cloud_run_revision,INFO,functions/Logic.java,2024-02-29T20:25:57.975918Z
65e0e855000d8d76bcbf080d,functions/Logic.java,service,cpu:=1110000000  rt:=1140405821,cloudfunctions,00d087f5e0d4d81528cf22cb133c2e4dd9a2c4ce3eab40a6348fdb235a3535110a2312ab0cf8d4076c1e91472dbd37c7a81eb9097195cd3f6758925e661bb3dd5e03a2,projects/modellearning/logs/run.googleapis.com%2Fstdout,,2024-02-29T20:25:58.206051396Z,sscartquery,northamerica-northeast1,modellearning,sscartquery-00011-jzl,sscartquery,cloud_run_revision,INFO,functions/Logic.java,2024-02-29T20:25:57.888182Z
65e0e855000bf6a424fa034b,functions/Logic.java,service,cpu:=280000000  rt:=284119522,cloudfunctions,00d087f5e0508b90f669d2e778e5edb119d2cf95bbdf1d474990a4029916e734b09cb9a2fbea2793facea51d590b84a7b32d827e55698dd1314956e833b1573e692dea,projects/modellearning/logs/run.googleapis.com%2Fstdout,,2024-02-29T20:25:57.947997294Z,sscartquery,northamerica-northeast1,modellearning,sscartquery-00011-jzl,sscartquery,cloud_run_revision,INFO,functions/Logic.java,2024-02-29T20:25:57.784036Z
65e0e855000b34fb10dc7030,functions/Logic.java,service,cpu:=870000000  rt:=884624451,cloudfunctions,00d087f5e0c28364f40a88ea65440fad99d864800ea3cc4f8b70fe4c04ce8ea9bd6aa21cc40c9f2508c1dde8fc79b324f27e029f2d84aed35c039754a5d33a775a009f,projects/modellearning/logs/run.googleapis.com%2Fstdout,,2024-02-29T20:25:57.947997294Z,sscartquery,northamerica-northeast1,modellearning,sscartquery-00011-jzl,sscartquery,cloud_run_revision,INFO,functions/Logic.java,2024-02-29T20:25:57.734459Z
65e0e8550009aeb862533530,functions/Logic.java,service,cpu:=1040000000  rt:=1076838916,cloudfunctions,00d087f5e06379a276e4a585f3c5060b28341f9ba1aae00b35146eef3c6bfe293ee854779cb36f3cc9ba10b75867900165815dba5f5fb35677f9397372dd0e41039340,projects/modellearning/logs/run.googleapis.com%2Fstdout,,2024-02-29T20:25:57.947997294Z,sscartquery,northamerica-northeast1,modellearning,sscartquery-00011-jzl,sscartquery,cloud_run_revision,INFO,functions/Logic.java,2024-02-29T20:25:57.634552Z
65e0e85500082dbd2566c340,functions/Logic.java,service,cpu:=260000000  rt:=265729059,cloudfunctions,00d087f5e07bdae58c1f4da3364551cac54ac5362bf1a9581e7d4bf9a32f14aae9b89d873ef09e84a16dbd253a49be122c24eb757e668e06c6c2cc19262d914e45e911,projects/modellearning/logs/run.googleapis.com%2Fstdout,,2024-02-29T20:25:57.614756784Z,sscartquery,northamerica-northeast1,modellearning,sscartquery-00011-jzl,sscartquery,cloud_run_revision,INFO,functions/Logic.java,2024-02-29T20:25:57.535997Z
65e0e854000cbbe0b4758ee5,functions/Logic.java,service,cpu:=2000000000  rt:=2077144230,cloudfunctions,00d087f5e025f1412d457ac9df76d9971bbb653901e64de3964b6771b432461e319b79b0f00c478208807a6c7a3fbf8874fe0596d4f63281afed598300217590a2678e,projects/modellearning/logs/run.googleapis.com%2Fstdout,,2024-02-29T20:25:56.947759721Z,sscartquery,northamerica-northeast1,modellearning,sscartquery-00011-jzl,sscartquery,cloud_run_revision,INFO,functions/Logic.java,2024-02-29T20:25:56.834528Z
65e0e8540009ae2ea26dc4fd,functions/Logic.java,service,cpu:=300000000  rt:=325468946,cloudfunctions,00d087f5e0508b90f669d2e778e5edb119d2cf95bbdf1d474990a4029916e734b09cb9a2fbea2793facea51d590b84a7b32d827e55698dd1314956e833b1573e692dea,projects/modellearning/logs/run.googleapis.com%2Fstdout,,2024-02-29T20:25:56.947759721Z,sscartquery,northamerica-northeast1,modellearning,sscartquery-00011-jzl,sscartquery,cloud_run_revision,INFO,functions/Logic.java,2024-02-29T20:25:56.634414Z
65e0e854000906c73a650c43,functions/Logic.java,service,cpu:=530000000  rt:=533947571,cloudfunctions,00d087f5e0d4d81528cf22cb133c2e4dd9a2c4ce3eab40a6348fdb235a3535110a2312ab0cf8d4076c1e91472dbd37c7a81eb9097195cd3f6758925e661bb3dd5e03a2,projects/modellearning/logs/run.googleapis.com%2Fstdout,,2024-02-29T20:25:56.875076571Z,sscartquery,northamerica-northeast1,modellearning,sscartquery-00011-jzl,sscartquery,cloud_run_revision,INFO,functions/Logic.java,2024-02-29T20:25:56.591559Z
65e0e8540006f2df43c6a815,functions/Logic.java,service,cpu:=640000000  rt:=668668059,cloudfunctions,00d087f5e0b82d4393d4a7bbb7f14727933f8b96724a91b37d40394984760349848f0c657a1b55ad143d87d15617c08a8ba76acddb65a7eb3b550a40e4aceccdfb8d33,projects/modellearning/logs/run.googleapis.com%2Fstdout,,2024-02-29T20:25:56.614753436Z,sscartquery,northamerica-northeast1,modellearning,sscartquery-00011-jzl,sscartquery,cloud_run_revision,INFO,functions/Logic.java,2024-02-29T20:25:56.455391Z
65e0e853000cca18f93d39e4,functions/Logic.java,service,cpu:=340000000  rt:=362731237,cloudfunctions,00d087f5e07bdae58c1f4da3364551cac54ac5362bf1a9581e7d4bf9a32f14aae9b89d873ef09e84a16dbd253a49be122c24eb757e668e06c6c2cc19262d914e45e911,projects/modellearning/logs/run.googleapis.com%2Fstdout,,2024-02-29T20:25:55.949699812Z,sscartquery,northamerica-northeast1,modellearning,sscartquery-00011-jzl,sscartquery,cloud_run_revision,INFO,functions/Logic.java,2024-02-29T20:25:55.838168Z
65e0e853000cbb64a00a65d9,functions/Logic.java,service,cpu:=660000000  rt:=691191802,cloudfunctions,00d087f5e096f10c047c63271bf3ad0a02126a02b2e38fa8048979e18ea67d746ffa403f88d9a80d0fd5b28bb55609f2a74100003294e282c98f0e4563ee611fd74e6e,projects/modellearning/logs/run.googleapis.com%2Fstdout,,2024-02-29T20:25:55.949699812Z,sscartquery,northamerica-northeast1,modellearning,sscartquery-00011-jzl,sscartquery,cloud_run_revision,INFO,functions/Logic.java,2024-02-29T20:25:55.834404Z
65e0e853000c0513c16bdcf8,functions/Logic.java,service,cpu:=520000000  rt:=535543188,cloudfunctions,00d087f5e0c28364f40a88ea65440fad99d864800ea3cc4f8b70fe4c04ce8ea9bd6aa21cc40c9f2508c1dde8fc79b324f27e029f2d84aed35c039754a5d33a775a009f,projects/modellearning/logs/run.googleapis.com%2Fstdout,,2024-02-29T20:25:55.949699812Z,sscartquery,northamerica-northeast1,modellearning,sscartquery-00011-jzl,sscartquery,cloud_run_revision,INFO,functions/Logic.java,2024-02-29T20:25:55.787731Z
65e0e853000827e08362aed9,functions/Logic.java,service,cpu:=460000000  rt:=478070939,cloudfunctions,00d087f5e04921ffa2ae878763f0217abb165fe4fe9a2e8a027ba11aed30e41dbddf4fc8615626ade2ce81a05b33cc0543a90b189fc41ef2749e7ddb07fe1c9b9eae6c,projects/modellearning/logs/run.googleapis.com%2Fstdout,,2024-02-29T20:25:55.616435308Z,sscartquery,northamerica-northeast1,modellearning,sscartquery-00011-jzl,sscartquery,cloud_run_revision,INFO,functions/Logic.java,2024-02-29T20:25:55.534496Z
65e0e853000715e32854f1f3,functions/Logic.java,service,cpu:=3230000000  rt:=3247896354,cloudfunctions,00d087f5e0d4d81528cf22cb133c2e4dd9a2c4ce3eab40a6348fdb235a3535110a2312ab0cf8d4076c1e91472dbd37c7a81eb9097195cd3f6758925e661bb3dd5e03a2,projects/modellearning/logs/run.googleapis.com%2Fstdout,,2024-02-29T20:25:55.542941221Z,sscartquery,northamerica-northeast1,modellearning,sscartquery-00011-jzl,sscartquery,cloud_run_revision,INFO,functions/Logic.java,2024-02-29T20:25:55.464355Z
65e0e853000519e28309274e,functions/Logic.java,service,cpu:=2590000000  rt:=748550777,cloudfunctions,00d087f5e0fb53247b367efd3d5bd3eb6ec2079ea1f90edc419a49866437bf458cfeca444aeaa3b7daf5636b05c06cb47d5f161f950d27b45213cc036890ef6262ebf3,projects/modellearning/logs/run.googleapis.com%2Fstdout,,2024-02-29T20:25:55.616435308Z,sscartquery,northamerica-northeast1,modellearning,sscartquery-00011-jzl,sscartquery,cloud_run_revision,INFO,functions/Logic.java,2024-02-29T20:25:55.334306Z
65e0e852000cbb1267958c1b,functions/Logic.java,service,cpu:=190000000  rt:=194209546,cloudfunctions,00d087f5e06379a276e4a585f3c5060b28341f9ba1aae00b35146eef3c6bfe293ee854779cb36f3cc9ba10b75867900165815dba5f5fb35677f9397372dd0e41039340,projects/modellearning/logs/run.googleapis.com%2Fstdout,,2024-02-29T20:25:54.950631983Z,sscartquery,northamerica-northeast1,modellearning,sscartquery-00011-jzl,sscartquery,cloud_run_revision,INFO,functions/Logic.java,2024-02-29T20:25:54.834322Z
65e0e852000b4ae1079b10e0,functions/Logic.java,service,cpu:=80000000  rt:=80551703,cloudfunctions,00d087f5e0508b90f669d2e778e5edb119d2cf95bbdf1d474990a4029916e734b09cb9a2fbea2793facea51d590b84a7b32d827e55698dd1314956e833b1573e692dea,projects/modellearning/logs/run.googleapis.com%2Fstdout,,2024-02-29T20:25:54.950631983Z,sscartquery,northamerica-northeast1,modellearning,sscartquery-00011-jzl,sscartquery,cloud_run_revision,INFO,functions/Logic.java,2024-02-29T20:25:54.740065Z
65e0e852000aeef255cd56df,functions/Logic.java,service,cpu:=1490000000  rt:=2499955564,cloudfunctions,00d087f5e0d4d81528cf22cb133c2e4dd9a2c4ce3eab40a6348fdb235a3535110a2312ab0cf8d4076c1e91472dbd37c7a81eb9097195cd3f6758925e661bb3dd5e03a2,projects/modellearning/logs/run.googleapis.com%2Fstdout,,2024-02-29T20:25:54.876736225Z,sscartquery,northamerica-northeast1,modellearning,sscartquery-00011-jzl,sscartquery,cloud_run_revision,INFO,functions/Logic.java,2024-02-29T20:25:54.716530Z
65e0e852000926dfeca2bca5,functions/Logic.java,service,cpu:=4190000000  rt:=5515561320,cloudfunctions,00d087f5e0b82d4393d4a7bbb7f14727933f8b96724a91b37d40394984760349848f0c657a1b55ad143d87d15617c08a8ba76acddb65a7eb3b550a40e4aceccdfb8d33,projects/modellearning/logs/run.googleapis.com%2Fstdout,,2024-02-29T20:25:54.616497896Z,sscartquery,northamerica-northeast1,modellearning,sscartquery-00011-jzl,sscartquery,cloud_run_revision,INFO,functions/Logic.java,2024-02-29T20:25:54.599775Z
65e0e8520006125e0402a513,functions/Logic.java,service,cpu:=6830000000  rt:=2946549479,cloudfunctions,00d087f5e07bdae58c1f4da3364551cac54ac5362bf1a9581e7d4bf9a32f14aae9b89d873ef09e84a16dbd253a49be122c24eb757e668e06c6c2cc19262d914e45e911,projects/modellearning/logs/run.googleapis.com%2Fstdout,,2024-02-29T20:25:54.616497896Z,sscartquery,northamerica-northeast1,modellearning,sscartquery-00011-jzl,sscartquery,cloud_run_revision,INFO,functions/Logic.java,2024-02-29T20:25:54.397918Z
65e0e852000393b03fcb0f1b,functions/Logic.java,service,cpu:=1130000000  rt:=1173833101,cloudfunctions,00d087f5e0c28364f40a88ea65440fad99d864800ea3cc4f8b70fe4c04ce8ea9bd6aa21cc40c9f2508c1dde8fc79b324f27e029f2d84aed35c039754a5d33a775a009f,projects/modellearning/logs/run.googleapis.com%2Fstdout,,2024-02-29T20:25:54.278351667Z,sscartquery,northamerica-northeast1,modellearning,sscartquery-00011-jzl,sscartquery,cloud_run_revision,INFO,functions/Logic.java,2024-02-29T20:25:54.234416Z
65e0e8520000ae586680e7ad,functions/Logic.java,service,cpu:=80000000  rt:=86519455,cloudfunctions,00d087f5e096f10c047c63271bf3ad0a02126a02b2e38fa8048979e18ea67d746ffa403f88d9a80d0fd5b28bb55609f2a74100003294e282c98f0e4563ee611fd74e6e,projects/modellearning/logs/run.googleapis.com%2Fstdout,,2024-02-29T20:25:54.278351667Z,sscartquery,northamerica-northeast1,modellearning,sscartquery-00011-jzl,sscartquery,cloud_run_revision,INFO,functions/Logic.java,2024-02-29T20:25:54.044632Z
65e0e85200008975002c512e,functions/Logic.java,service,cpu:=70000000  rt:=66902151,cloudfunctions,00d087f5e04921ffa2ae878763f0217abb165fe4fe9a2e8a027ba11aed30e41dbddf4fc8615626ade2ce81a05b33cc0543a90b189fc41ef2749e7ddb07fe1c9b9eae6c,projects/modellearning/logs/run.googleapis.com%2Fstdout,,2024-02-29T20:25:54.278351667Z,sscartquery,northamerica-northeast1,modellearning,sscartquery-00011-jzl,sscartquery,cloud_run_revision,INFO,functions/Logic.java,2024-02-29T20:25:54.035189Z
65e0e851000ada92e674913b,functions/Logic.java,service,cpu:=540000000  rt:=548180695,cloudfunctions,00d087f5e025f1412d457ac9df76d9971bbb653901e64de3964b6771b432461e319b79b0f00c478208807a6c7a3fbf8874fe0596d4f63281afed598300217590a2678e,projects/modellearning/logs/run.googleapis.com%2Fstdout,,2024-02-29T20:25:53.944546653Z,sscartquery,northamerica-northeast1,modellearning,sscartquery-00011-jzl,sscartquery,cloud_run_revision,INFO,functions/Logic.java,2024-02-29T20:25:53.711314Z
65e0e8510009b0e58d59a848,functions/Logic.java,service,cpu:=1400000000  rt:=2011889968,cloudfunctions,00d087f5e0508b90f669d2e778e5edb119d2cf95bbdf1d474990a4029916e734b09cb9a2fbea2793facea51d590b84a7b32d827e55698dd1314956e833b1573e692dea,projects/modellearning/logs/run.googleapis.com%2Fstdout,,2024-02-29T20:25:53.944546653Z,sscartquery,northamerica-northeast1,modellearning,sscartquery-00011-jzl,sscartquery,cloud_run_revision,INFO,functions/Logic.java,2024-02-29T20:25:53.635109Z
65e0e85100097cb68d6cc1da,functions/Logic.java,service,cpu:=2390000000  rt:=1399967376,cloudfunctions,00d087f5e0d4d81528cf22cb133c2e4dd9a2c4ce3eab40a6348fdb235a3535110a2312ab0cf8d4076c1e91472dbd37c7a81eb9097195cd3f6758925e661bb3dd5e03a2,projects/modellearning/logs/run.googleapis.com%2Fstdout,,2024-02-29T20:25:53.876929968Z,sscartquery,northamerica-northeast1,modellearning,sscartquery-00011-jzl,sscartquery,cloud_run_revision,INFO,functions/Logic.java,2024-02-29T20:25:53.621750Z
65e0e85100085c0d40c0b533,functions/Logic.java,service,cpu:=500000000  rt:=511383340,cloudfunctions,00d087f5e0fb53247b367efd3d5bd3eb6ec2079ea1f90edc419a49866437bf458cfeca444aeaa3b7daf5636b05c06cb47d5f161f950d27b45213cc036890ef6262ebf3,projects/modellearning/logs/run.googleapis.com%2Fstdout,,2024-02-29T20:25:53.612918388Z,sscartquery,northamerica-northeast1,modellearning,sscartquery-00011-jzl,sscartquery,cloud_run_revision,INFO,functions/Logic.java,2024-02-29T20:25:53.547853Z
65e0e8510008286899e515d0,functions/Logic.java,service,cpu:=180000000  rt:=183310482,cloudfunctions,00d087f5e04921ffa2ae878763f0217abb165fe4fe9a2e8a027ba11aed30e41dbddf4fc8615626ade2ce81a05b33cc0543a90b189fc41ef2749e7ddb07fe1c9b9eae6c,projects/modellearning/logs/run.googleapis.com%2Fstdout,,2024-02-29T20:25:53.612918388Z,sscartquery,northamerica-northeast1,modellearning,sscartquery-00011-jzl,sscartquery,cloud_run_revision,INFO,functions/Logic.java,2024-02-29T20:25:53.534632Z
65e0e851000828339523fc63,functions/Logic.java,service,cpu:=1440000000  rt:=1470546867,cloudfunctions,00d087f5e06379a276e4a585f3c5060b28341f9ba1aae00b35146eef3c6bfe293ee854779cb36f3cc9ba10b75867900165815dba5f5fb35677f9397372dd0e41039340,projects/modellearning/logs/run.googleapis.com%2Fstdout,,2024-02-29T20:25:53.612918388Z,sscartquery,northamerica-northeast1,modellearning,sscartquery-00011-jzl,sscartquery,cloud_run_revision,INFO,functions/Logic.java,2024-02-29T20:25:53.534579Z
65e0e85100066444cad97308,functions/Logic.java,service,cpu:=70000000  rt:=67450666,cloudfunctions,00d087f5e096f10c047c63271bf3ad0a02126a02b2e38fa8048979e18ea67d746ffa403f88d9a80d0fd5b28bb55609f2a74100003294e282c98f0e4563ee611fd74e6e,projects/modellearning/logs/run.googleapis.com%2Fstdout,,2024-02-29T20:25:53.612918388Z,sscartquery,northamerica-northeast1,modellearning,sscartquery-00011-jzl,sscartquery,cloud_run_revision,INFO,functions/Logic.java,2024-02-29T20:25:53.418884Z
65e0e85100051a3cc0f71a53,functions/Logic.java,service,cpu:=-32490000000  rt:=1710735226,cloudfunctions,00d087f5e0508b90f669d2e778e5edb119d2cf95bbdf1d474990a4029916e734b09cb9a2fbea2793facea51d590b84a7b32d827e55698dd1314956e833b1573e692dea,projects/modellearning/logs/run.googleapis.com%2Fstdout,,2024-02-29T20:25:53.612918388Z,sscartquery,northamerica-northeast1,modellearning,sscartquery-00011-jzl,sscartquery,cloud_run_revision,INFO,functions/Logic.java,2024-02-29T20:25:53.334396Z
65e0e851000246f5ea440aec,functions/Logic.java,service,cpu:=290000000  rt:=289827192,cloudfunctions,00d087f5e096f10c047c63271bf3ad0a02126a02b2e38fa8048979e18ea67d746ffa403f88d9a80d0fd5b28bb55609f2a74100003294e282c98f0e4563ee611fd74e6e,projects/modellearning/logs/run.googleapis.com%2Fstdout,,2024-02-29T20:25:53.279098668Z,sscartquery,northamerica-northeast1,modellearning,sscartquery-00011-jzl,sscartquery,cloud_run_revision,INFO,functions/Logic.java,2024-02-29T20:25:53.149237Z
65e0e85100008d44f3c8eda8,functions/Logic.java,service,cpu:=70000000  rt:=70121943,cloudfunctions,00d087f5e04921ffa2ae878763f0217abb165fe4fe9a2e8a027ba11aed30e41dbddf4fc8615626ade2ce81a05b33cc0543a90b189fc41ef2749e7ddb07fe1c9b9eae6c,projects/modellearning/logs/run.googleapis.com%2Fstdout,,2024-02-29T20:25:53.279098668Z,sscartquery,northamerica-northeast1,modellearning,sscartquery-00011-jzl,sscartquery,cloud_run_revision,INFO,functions/Logic.java,2024-02-29T20:25:53.036164Z
65e0e850000eb958f0568e6a,functions/Logic.java,service,cpu:=130000000  rt:=126824561,cloudfunctions,00d087f5e0fb53247b367efd3d5bd3eb6ec2079ea1f90edc419a49866437bf458cfeca444aeaa3b7daf5636b05c06cb47d5f161f950d27b45213cc036890ef6262ebf3,projects/modellearning/logs/run.googleapis.com%2Fstdout,,2024-02-29T20:25:53.279098668Z,sscartquery,northamerica-northeast1,modellearning,sscartquery-00011-jzl,sscartquery,cloud_run_revision,INFO,functions/Logic.java,2024-02-29T20:25:52.964952Z
65e0e850000e421cbcd98362,functions/Logic.java,service,cpu:=680000000  rt:=1482904884,cloudfunctions,00d087f5e07bdae58c1f4da3364551cac54ac5362bf1a9581e7d4bf9a32f14aae9b89d873ef09e84a16dbd253a49be122c24eb757e668e06c6c2cc19262d914e45e911,projects/modellearning/logs/run.googleapis.com%2Fstdout,,2024-02-29T20:25:52.946642395Z,sscartquery,northamerica-northeast1,modellearning,sscartquery-00011-jzl,sscartquery,cloud_run_revision,INFO,functions/Logic.java,2024-02-29T20:25:52.934428Z
65e0e85000092048ed6c9952,functions/Logic.java,service,cpu:=1880000000  rt:=1928776277,cloudfunctions,00d087f5e0fb53247b367efd3d5bd3eb6ec2079ea1f90edc419a49866437bf458cfeca444aeaa3b7daf5636b05c06cb47d5f161f950d27b45213cc036890ef6262ebf3,projects/modellearning/logs/run.googleapis.com%2Fstdout,,2024-02-29T20:25:52.613447646Z,sscartquery,northamerica-northeast1,modellearning,sscartquery-00011-jzl,sscartquery,cloud_run_revision,INFO,functions/Logic.java,2024-02-29T20:25:52.598088Z
65e0e85000081ccaed2634fb,functions/Logic.java,service,cpu:=1230000000  rt:=1271619531,cloudfunctions,00d087f5e025f1412d457ac9df76d9971bbb653901e64de3964b6771b432461e319b79b0f00c478208807a6c7a3fbf8874fe0596d4f63281afed598300217590a2678e,projects/modellearning/logs/run.googleapis.com%2Fstdout,,2024-02-29T20:25:52.613447646Z,sscartquery,northamerica-northeast1,modellearning,sscartquery-00011-jzl,sscartquery,cloud_run_revision,INFO,functions/Logic.java,2024-02-29T20:25:52.531658Z
65e0e85000059b758942967d,functions/Logic.java,service,cpu:=490000000  rt:=502108755,cloudfunctions,00d087f5e0c28364f40a88ea65440fad99d864800ea3cc4f8b70fe4c04ce8ea9bd6aa21cc40c9f2508c1dde8fc79b324f27e029f2d84aed35c039754a5d33a775a009f,projects/modellearning/logs/run.googleapis.com%2Fstdout,,2024-02-29T20:25:52.613447646Z,sscartquery,northamerica-northeast1,modellearning,sscartquery-00011-jzl,sscartquery,cloud_run_revision,INFO,functions/Logic.java,2024-02-29T20:25:52.367477Z
65e0e85000057286e8f7fd6c,functions/Logic.java,service,cpu:=350000000  rt:=371516194,cloudfunctions,00d087f5e04921ffa2ae878763f0217abb165fe4fe9a2e8a027ba11aed30e41dbddf4fc8615626ade2ce81a05b33cc0543a90b189fc41ef2749e7ddb07fe1c9b9eae6c,projects/modellearning/logs/run.googleapis.com%2Fstdout,,2024-02-29T20:25:52.613447646Z,sscartquery,northamerica-northeast1,modellearning,sscartquery-00011-jzl,sscartquery,cloud_run_revision,INFO,functions/Logic.java,2024-02-29T20:25:52.356998Z
65e0e8500004cbe5a59bf4fa,functions/Logic.java,service,cpu:=1540000000  rt:=1587774086,cloudfunctions,00d087f5e096f10c047c63271bf3ad0a02126a02b2e38fa8048979e18ea67d746ffa403f88d9a80d0fd5b28bb55609f2a74100003294e282c98f0e4563ee611fd74e6e,projects/modellearning/logs/run.googleapis.com%2Fstdout,,2024-02-29T20:25:52.613447646Z,sscartquery,northamerica-northeast1,modellearning,sscartquery-00011-jzl,sscartquery,cloud_run_revision,INFO,functions/Logic.java,2024-02-29T20:25:52.314341Z
65e0e85000008aa6afa25925,functions/Logic.java,service,cpu:=440000000  rt:=468203812,cloudfunctions,00d087f5e06379a276e4a585f3c5060b28341f9ba1aae00b35146eef3c6bfe293ee854779cb36f3cc9ba10b75867900165815dba5f5fb35677f9397372dd0e41039340,projects/modellearning/logs/run.googleapis.com%2Fstdout,,2024-02-29T20:25:52.279285810Z,sscartquery,northamerica-northeast1,modellearning,sscartquery-00011-jzl,sscartquery,cloud_run_revision,INFO,functions/Logic.java,2024-02-29T20:25:52.035494Z
65e0e84f000cf6608af19f33,functions/Logic.java,service,cpu:=-1560000000  rt:=2764347145,cloudfunctions,00d087f5e0b82d4393d4a7bbb7f14727933f8b96724a91b37d40394984760349848f0c657a1b55ad143d87d15617c08a8ba76acddb65a7eb3b550a40e4aceccdfb8d33,projects/modellearning/logs/run.googleapis.com%2Fstdout,,2024-02-29T20:25:51.946536662Z,sscartquery,northamerica-northeast1,modellearning,sscartquery-00011-jzl,sscartquery,cloud_run_revision,INFO,functions/Logic.java,2024-02-29T20:25:51.849504Z
65e0e84f000c5b98bc7ecb76,functions/Logic.java,service,cpu:=1500000000  rt:=1551155630,cloudfunctions,00d087f5e04921ffa2ae878763f0217abb165fe4fe9a2e8a027ba11aed30e41dbddf4fc8615626ade2ce81a05b33cc0543a90b189fc41ef2749e7ddb07fe1c9b9eae6c,projects/modellearning/logs/run.googleapis.com%2Fstdout,,2024-02-29T20:25:51.946536662Z,sscartquery,northamerica-northeast1,modellearning,sscartquery-00011-jzl,sscartquery,cloud_run_revision,INFO,functions/Logic.java,2024-02-29T20:25:51.809880Z
65e0e84f000a3ff152c0e824,functions/Logic.java,service,cpu:=60000000  rt:=58328363,cloudfunctions,00d087f5e0c28364f40a88ea65440fad99d864800ea3cc4f8b70fe4c04ce8ea9bd6aa21cc40c9f2508c1dde8fc79b324f27e029f2d84aed35c039754a5d33a775a009f,projects/modellearning/logs/run.googleapis.com%2Fstdout,,2024-02-29T20:25:51.946536662Z,sscartquery,northamerica-northeast1,modellearning,sscartquery-00011-jzl,sscartquery,cloud_run_revision,INFO,functions/Logic.java,2024-02-29T20:25:51.671729Z
65e0e84f00083862f8f49651,functions/Logic.java,service,cpu:=1990000000  rt:=2392267966,cloudfunctions,00d087f5e0c28364f40a88ea65440fad99d864800ea3cc4f8b70fe4c04ce8ea9bd6aa21cc40c9f2508c1dde8fc79b324f27e029f2d84aed35c039754a5d33a775a009f,projects/modellearning/logs/run.googleapis.com%2Fstdout,,2024-02-29T20:25:51.610112618Z,sscartquery,northamerica-northeast1,modellearning,sscartquery-00011-jzl,sscartquery,cloud_run_revision,INFO,functions/Logic.java,2024-02-29T20:25:51.538722Z
65e0e84f00070c45a5d9daa0,functions/Logic.java,service,cpu:=1390000000  rt:=1421032295,cloudfunctions,00d087f5e06379a276e4a585f3c5060b28341f9ba1aae00b35146eef3c6bfe293ee854779cb36f3cc9ba10b75867900165815dba5f5fb35677f9397372dd0e41039340,projects/modellearning/logs/run.googleapis.com%2Fstdout,,2024-02-29T20:25:51.610112618Z,sscartquery,northamerica-northeast1,modellearning,sscartquery-00011-jzl,sscartquery,cloud_run_revision,INFO,functions/Logic.java,2024-02-29T20:25:51.461893Z
65e0e84f0006a3db6ed85a9c,functions/Logic.java,service,cpu:=180000000  rt:=285557851,cloudfunctions,00d087f5e0508b90f669d2e778e5edb119d2cf95bbdf1d474990a4029916e734b09cb9a2fbea2793facea51d590b84a7b32d827e55698dd1314956e833b1573e692dea,projects/modellearning/logs/run.googleapis.com%2Fstdout,,2024-02-29T20:25:51.610112618Z,sscartquery,northamerica-northeast1,modellearning,sscartquery-00011-jzl,sscartquery,cloud_run_revision,INFO,functions/Logic.java,2024-02-29T20:25:51.435163Z
65e0e84f00051a759b7ca0df,functions/Logic.java,service,cpu:=450000000  rt:=505592754,cloudfunctions,00d087f5e07bdae58c1f4da3364551cac54ac5362bf1a9581e7d4bf9a32f14aae9b89d873ef09e84a16dbd253a49be122c24eb757e668e06c6c2cc19262d914e45e911,projects/modellearning/logs/run.googleapis.com%2Fstdout,,2024-02-29T20:25:51.610112618Z,sscartquery,northamerica-northeast1,modellearning,sscartquery-00011-jzl,sscartquery,cloud_run_revision,INFO,functions/Logic.java,2024-02-29T20:25:51.334453Z
65e0e84f0002eecb9ec19c4c,functions/Logic.java,service,cpu:=1840000000  rt:=1904416913,cloudfunctions,00d087f5e025f1412d457ac9df76d9971bbb653901e64de3964b6771b432461e319b79b0f00c478208807a6c7a3fbf8874fe0596d4f63281afed598300217590a2678e,projects/modellearning/logs/run.googleapis.com%2Fstdout,,2024-02-29T20:25:51.277112377Z,sscartquery,northamerica-northeast1,modellearning,sscartquery-00011-jzl,sscartquery,cloud_run_revision,INFO,functions/Logic.java,2024-02-29T20:25:51.192203Z
65e0e84e000719e58a23a3cd,functions/Logic.java,service,cpu:=1860000000  rt:=1934853920,cloudfunctions,00d087f5e07bdae58c1f4da3364551cac54ac5362bf1a9581e7d4bf9a32f14aae9b89d873ef09e84a16dbd253a49be122c24eb757e668e06c6c2cc19262d914e45e911,projects/modellearning/logs/run.googleapis.com%2Fstdout,,2024-02-29T20:25:50.610440728Z,sscartquery,northamerica-northeast1,modellearning,sscartquery-00011-jzl,sscartquery,cloud_run_revision,INFO,functions/Logic.java,2024-02-29T20:25:50.465381Z
65e0e84e000609390c9dc5f9,functions/Logic.java,service,cpu:=260000000  rt:=259918773,cloudfunctions,00d087f5e0d4d81528cf22cb133c2e4dd9a2c4ce3eab40a6348fdb235a3535110a2312ab0cf8d4076c1e91472dbd37c7a81eb9097195cd3f6758925e661bb3dd5e03a2,projects/modellearning/logs/run.googleapis.com%2Fstdout,,2024-02-29T20:25:50.546756253Z,sscartquery,northamerica-northeast1,modellearning,sscartquery-00011-jzl,sscartquery,cloud_run_revision,INFO,functions/Logic.java,2024-02-29T20:25:50.395577Z
65e0e84e0005cc8267d4e6be,functions/Logic.java,service,cpu:=470000000  rt:=478110893,cloudfunctions,00d087f5e0fb53247b367efd3d5bd3eb6ec2079ea1f90edc419a49866437bf458cfeca444aeaa3b7daf5636b05c06cb47d5f161f950d27b45213cc036890ef6262ebf3,projects/modellearning/logs/run.googleapis.com%2Fstdout,,2024-02-29T20:25:50.610440728Z,sscartquery,northamerica-northeast1,modellearning,sscartquery-00011-jzl,sscartquery,cloud_run_revision,INFO,functions/Logic.java,2024-02-29T20:25:50.380034Z
65e0e84e00026fb4197e3209,functions/Logic.java,service,cpu:=1000000000  rt:=1046906444,cloudfunctions,00d087f5e096f10c047c63271bf3ad0a02126a02b2e38fa8048979e18ea67d746ffa403f88d9a80d0fd5b28bb55609f2a74100003294e282c98f0e4563ee611fd74e6e,projects/modellearning/logs/run.googleapis.com%2Fstdout,,2024-02-29T20:25:50.277316126Z,sscartquery,northamerica-northeast1,modellearning,sscartquery-00011-jzl,sscartquery,cloud_run_revision,INFO,functions/Logic.java,2024-02-29T20:25:50.159668Z
65e0e84e00022935535c9b13,functions/Logic.java,service,cpu:=1610000000  rt:=1673429381,cloudfunctions,00d087f5e04921ffa2ae878763f0217abb165fe4fe9a2e8a027ba11aed30e41dbddf4fc8615626ade2ce81a05b33cc0543a90b189fc41ef2749e7ddb07fe1c9b9eae6c,projects/modellearning/logs/run.googleapis.com%2Fstdout,,2024-02-29T20:25:50.277316126Z,sscartquery,northamerica-northeast1,modellearning,sscartquery-00011-jzl,sscartquery,cloud_run_revision,INFO,functions/Logic.java,2024-02-29T20:25:50.141621Z
65e0e84e0000f2d135c606c5,functions/Logic.java,service,cpu:=11680000000  rt:=916269768,cloudfunctions,00d087f5e0c28364f40a88ea65440fad99d864800ea3cc4f8b70fe4c04ce8ea9bd6aa21cc40c9f2508c1dde8fc79b324f27e029f2d84aed35c039754a5d33a775a009f,projects/modellearning/logs/run.googleapis.com%2Fstdout,,2024-02-29T20:25:50.277316126Z,sscartquery,northamerica-northeast1,modellearning,sscartquery-00011-jzl,sscartquery,cloud_run_revision,INFO,functions/Logic.java,2024-02-29T20:25:50.062161Z
65e0e84d000cbba440f1bac9,functions/Logic.java,service,cpu:=1130000000  rt:=1180775679,cloudfunctions,00d087f5e0fb53247b367efd3d5bd3eb6ec2079ea1f90edc419a49866437bf458cfeca444aeaa3b7daf5636b05c06cb47d5f161f950d27b45213cc036890ef6262ebf3,projects/modellearning/logs/run.googleapis.com%2Fstdout,,2024-02-29T20:25:49.944451996Z,sscartquery,northamerica-northeast1,modellearning,sscartquery-00011-jzl,sscartquery,cloud_run_revision,INFO,functions/Logic.java,2024-02-29T20:25:49.834468Z
65e0e84d000ad1d8816dc162,functions/Logic.java,service,cpu:=410000000  rt:=497853680,cloudfunctions,00d087f5e0508b90f669d2e778e5edb119d2cf95bbdf1d474990a4029916e734b09cb9a2fbea2793facea51d590b84a7b32d827e55698dd1314956e833b1573e692dea,projects/modellearning/logs/run.googleapis.com%2Fstdout,,2024-02-29T20:25:49.944451996Z,sscartquery,northamerica-northeast1,modellearning,sscartquery-00011-jzl,sscartquery,cloud_run_revision,INFO,functions/Logic.java,2024-02-29T20:25:49.709080Z
65e0e84d0009d6938903125e,functions/Logic.java,service,cpu:=1190000000  rt:=1242545890,cloudfunctions,00d087f5e06379a276e4a585f3c5060b28341f9ba1aae00b35146eef3c6bfe293ee854779cb36f3cc9ba10b75867900165815dba5f5fb35677f9397372dd0e41039340,projects/modellearning/logs/run.googleapis.com%2Fstdout,,2024-02-29T20:25:49.944451996Z,sscartquery,northamerica-northeast1,modellearning,sscartquery-00011-jzl,sscartquery,cloud_run_revision,INFO,functions/Logic.java,2024-02-29T20:25:49.644755Z
65e0e84d0009adccecb32c48,functions/Logic.java,service,cpu:=2830000000  rt:=2908711887,cloudfunctions,00d087f5e0ce9a9f9997cf078ab1a5832c4089c7aae374cd2695f988b83014e3e0174cf3c14fa040bdfb52131eaf003971492cd45d21c4e51c9aadebd69eae3445d981,projects/modellearning/logs/run.googleapis.com%2Fstdout,,2024-02-29T20:25:49.718219567Z,sscartquery,northamerica-northeast1,modellearning,sscartquery-00011-jzl,sscartquery,cloud_run_revision,INFO,functions/Logic.java,2024-02-29T20:25:49.634316Z
65e0e84d0006c3e4aeec1663,functions/Logic.java,service,cpu:=-14130000000  rt:=231856267,cloudfunctions,00d087f5e0508b90f669d2e778e5edb119d2cf95bbdf1d474990a4029916e734b09cb9a2fbea2793facea51d590b84a7b32d827e55698dd1314956e833b1573e692dea,projects/modellearning/logs/run.googleapis.com%2Fstdout,,2024-02-29T20:25:49.611961659Z,sscartquery,northamerica-northeast1,modellearning,sscartquery-00011-jzl,sscartquery,cloud_run_revision,INFO,functions/Logic.java,2024-02-29T20:25:49.443364Z
65e0e84d00039399e66d1e26,functions/Logic.java,service,cpu:=320000000  rt:=328910448,cloudfunctions,00d087f5e025f1412d457ac9df76d9971bbb653901e64de3964b6771b432461e319b79b0f00c478208807a6c7a3fbf8874fe0596d4f63281afed598300217590a2678e,projects/modellearning/logs/run.googleapis.com%2Fstdout,,2024-02-29T20:25:49.278081062Z,sscartquery,northamerica-northeast1,modellearning,sscartquery-00011-jzl,sscartquery,cloud_run_revision,INFO,functions/Logic.java,2024-02-29T20:25:49.234393Z
65e0e84d00013f8ca8a3ff5d,functions/Logic.java,service,cpu:=1930000000  rt:=1975750775,cloudfunctions,00d087f5e02e95466401fe6b26a2dc3f1c606cee66edb3cc923425595f588fa173e8c4959802dc2526b02479ea51b4553ea19e70d4d79ad7fd363aa07a5c26a0cae978,projects/modellearning/logs/run.googleapis.com%2Fstdout,,2024-02-29T20:25:49.385072293Z,sscartquery,northamerica-northeast1,modellearning,sscartquery-00011-jzl,sscartquery,cloud_run_revision,INFO,functions/Logic.java,2024-02-29T20:25:49.081804Z
65e0e84d00011f2462fd5bd7,functions/Logic.java,service,cpu:=5580000000  rt:=5773184584,cloudfunctions,00d087f5e096f10c047c63271bf3ad0a02126a02b2e38fa8048979e18ea67d746ffa403f88d9a80d0fd5b28bb55609f2a74100003294e282c98f0e4563ee611fd74e6e,projects/modellearning/logs/run.googleapis.com%2Fstdout,,2024-02-29T20:25:49.278081062Z,sscartquery,northamerica-northeast1,modellearning,sscartquery-00011-jzl,sscartquery,cloud_run_revision,INFO,functions/Logic.java,2024-02-29T20:25:49.073508Z
65e0e84c000e430975541fc0,functions/Logic.java,service,cpu:=3190000000  rt:=3296740537,cloudfunctions,00d087f5e0d2ec86d3e5125cd7f8c8da0159c6c9245f96f8b661fd58a2c43ac7b7746cbd693c48c899aa0e18c79c8f6e29e46ee53925108e8c6a70ca451f1b05c9a9d7,projects/modellearning/logs/run.googleapis.com%2Fstdout,,2024-02-29T20:25:48.945137652Z,sscartquery,northamerica-northeast1,modellearning,sscartquery-00011-jzl,sscartquery,cloud_run_revision,INFO,functions/Logic.java,2024-02-29T20:25:48.934665Z
65e0e84c000cbb5f1fd30123,functions/Logic.java,service,cpu:=900000000  rt:=926120069,cloudfunctions,00d087f5e0b82d4393d4a7bbb7f14727933f8b96724a91b37d40394984760349848f0c657a1b55ad143d87d15617c08a8ba76acddb65a7eb3b550a40e4aceccdfb8d33,projects/modellearning/logs/run.googleapis.com%2Fstdout,,2024-02-29T20:25:48.945137652Z,sscartquery,northamerica-northeast1,modellearning,sscartquery-00011-jzl,sscartquery,cloud_run_revision,INFO,functions/Logic.java,2024-02-29T20:25:48.834399Z
65e0e84c000a6cf070577ccb,functions/Logic.java,service,cpu:=2060000000  rt:=2240539343,cloudfunctions,00d087f5e0931dfa9c28b1435b1edaff730b07b179f08d0ce6f7e181791dfaff7e1b3fe5d079114283831c72f18d89fc219db1445f90443b55b45100e3925c5e0fa32e,projects/modellearning/logs/run.googleapis.com%2Fstdout,,2024-02-29T20:25:48.945137652Z,sscartquery,northamerica-northeast1,modellearning,sscartquery-00011-jzl,sscartquery,cloud_run_revision,INFO,functions/Logic.java,2024-02-29T20:25:48.683248Z
65e0e84c0009ae37c6cf0855,functions/Logic.java,service,cpu:=390000000  rt:=402830118,cloudfunctions,00d087f5e025f1412d457ac9df76d9971bbb653901e64de3964b6771b432461e319b79b0f00c478208807a6c7a3fbf8874fe0596d4f63281afed598300217590a2678e,projects/modellearning/logs/run.googleapis.com%2Fstdout,,2024-02-29T20:25:48.945137652Z,sscartquery,northamerica-northeast1,modellearning,sscartquery-00011-jzl,sscartquery,cloud_run_revision,INFO,functions/Logic.java,2024-02-29T20:25:48.634423Z
65e0e84c00088f400a1fc85b,functions/Logic.java,service,cpu:=2240000000  rt:=2326925710,cloudfunctions,00d087f5e0fb53247b367efd3d5bd3eb6ec2079ea1f90edc419a49866437bf458cfeca444aeaa3b7daf5636b05c06cb47d5f161f950d27b45213cc036890ef6262ebf3,projects/modellearning/logs/run.googleapis.com%2Fstdout,,2024-02-29T20:25:48.612308250Z,sscartquery,northamerica-northeast1,modellearning,sscartquery-00011-jzl,sscartquery,cloud_run_revision,INFO,functions/Logic.java,2024-02-29T20:25:48.560960Z
65e0e84c000765ea118d02cf,functions/Logic.java,service,cpu:=4680000000  rt:=5133763269,cloudfunctions,00d087f5e0508b90f669d2e778e5edb119d2cf95bbdf1d474990a4029916e734b09cb9a2fbea2793facea51d590b84a7b32d827e55698dd1314956e833b1573e692dea,projects/modellearning/logs/run.googleapis.com%2Fstdout,,2024-02-29T20:25:48.612308250Z,sscartquery,northamerica-northeast1,modellearning,sscartquery-00011-jzl,sscartquery,cloud_run_revision,INFO,functions/Logic.java,2024-02-29T20:25:48.484842Z
65e0e84c00074a62f179219f,functions/Logic.java,service,cpu:=300000000  rt:=305143755,cloudfunctions,00d087f5e0c28364f40a88ea65440fad99d864800ea3cc4f8b70fe4c04ce8ea9bd6aa21cc40c9f2508c1dde8fc79b324f27e029f2d84aed35c039754a5d33a775a009f,projects/modellearning/logs/run.googleapis.com%2Fstdout,,2024-02-29T20:25:48.612308250Z,sscartquery,northamerica-northeast1,modellearning,sscartquery-00011-jzl,sscartquery,cloud_run_revision,INFO,functions/Logic.java,2024-02-29T20:25:48.477794Z
65e0e84c0006fb8502d4ee91,functions/Logic.java,service,cpu:=2110000000  rt:=2183606040,cloudfunctions,00d087f5e07bdae58c1f4da3364551cac54ac5362bf1a9581e7d4bf9a32f14aae9b89d873ef09e84a16dbd253a49be122c24eb757e668e06c6c2cc19262d914e45e911,projects/modellearning/logs/run.googleapis.com%2Fstdout,,2024-02-29T20:25:48.612308250Z,sscartquery,northamerica-northeast1,modellearning,sscartquery-00011-jzl,sscartquery,cloud_run_revision,INFO,functions/Logic.java,2024-02-29T20:25:48.457605Z
65e0e84c0001b8706bb256c9,functions/Logic.java,service,cpu:=90000000  rt:=90743554,cloudfunctions,00d087f5e04921ffa2ae878763f0217abb165fe4fe9a2e8a027ba11aed30e41dbddf4fc8615626ade2ce81a05b33cc0543a90b189fc41ef2749e7ddb07fe1c9b9eae6c,projects/modellearning/logs/run.googleapis.com%2Fstdout,,2024-02-29T20:25:48.278516631Z,sscartquery,northamerica-northeast1,modellearning,sscartquery-00011-jzl,sscartquery,cloud_run_revision,INFO,functions/Logic.java,2024-02-29T20:25:48.112752Z
65e0e84c000088234f031e45,functions/Logic.java,service,cpu:=500000000  rt:=526777267,cloudfunctions,00d087f5e0d4d81528cf22cb133c2e4dd9a2c4ce3eab40a6348fdb235a3535110a2312ab0cf8d4076c1e91472dbd37c7a81eb9097195cd3f6758925e661bb3dd5e03a2,projects/modellearning/logs/run.googleapis.com%2Fstdout,,2024-02-29T20:25:48.215656494Z,sscartquery,northamerica-northeast1,modellearning,sscartquery-00011-jzl,sscartquery,cloud_run_revision,INFO,functions/Logic.java,2024-02-29T20:25:48.034851Z
65e0e84b000caf486e0ed8db,functions/Logic.java,service,cpu:=1270000000  rt:=1309855214,cloudfunctions,00d087f5e0e30e341377146a7788c88926c3be1038b57334f8f71dece8d17d314de7a39c1f659f4d282a97b22c9cd31eacb640de6cea9f379fdc9e67eebeb5e7bc9de3,projects/modellearning/logs/run.googleapis.com%2Fstdout,,2024-02-29T20:25:47.946365296Z,sscartquery,northamerica-northeast1,modellearning,sscartquery-00011-jzl,sscartquery,cloud_run_revision,INFO,functions/Logic.java,2024-02-29T20:25:47.831304Z
65e0e84b0008b42634e9022c,functions/Logic.java,service,cpu:=840000000  rt:=866229501,cloudfunctions,00d087f5e0106a3b973412d90e3ee4692855bee63eecbcfd74657a331138124eaf96e3e53cd03a649fdc6ae289e57296c3937f3080377ef79c73fa54ef810cf900a0bc,projects/modellearning/logs/run.googleapis.com%2Fstdout,,2024-02-29T20:25:47.720268220Z,sscartquery,northamerica-northeast1,modellearning,sscartquery-00011-jzl,sscartquery,cloud_run_revision,INFO,functions/Logic.java,2024-02-29T20:25:47.570406Z
65e0e84b0007abd65c1f7b71,functions/Logic.java,service,cpu:=1870000000  rt:=1662056520,cloudfunctions,00d087f5e0d4d81528cf22cb133c2e4dd9a2c4ce3eab40a6348fdb235a3535110a2312ab0cf8d4076c1e91472dbd37c7a81eb9097195cd3f6758925e661bb3dd5e03a2,projects/modellearning/logs/run.googleapis.com%2Fstdout,,2024-02-29T20:25:47.550733297Z,sscartquery,northamerica-northeast1,modellearning,sscartquery-00011-jzl,sscartquery,cloud_run_revision,INFO,functions/Logic.java,2024-02-29T20:25:47.502742Z
65e0e84b0006a262b9d237b6,functions/Logic.java,service,cpu:=380000000  rt:=409873003,cloudfunctions,00d087f5e06379a276e4a585f3c5060b28341f9ba1aae00b35146eef3c6bfe293ee854779cb36f3cc9ba10b75867900165815dba5f5fb35677f9397372dd0e41039340,projects/modellearning/logs/run.googleapis.com%2Fstdout,,2024-02-29T20:25:47.612718299Z,sscartquery,northamerica-northeast1,modellearning,sscartquery-00011-jzl,sscartquery,cloud_run_revision,INFO,functions/Logic.java,2024-02-29T20:25:47.434786Z
65e0e84b000465c6010acdc5,functions/Logic.java,service,cpu:=1190000000  rt:=1280855197,cloudfunctions,00d087f5e025f1412d457ac9df76d9971bbb653901e64de3964b6771b432461e319b79b0f00c478208807a6c7a3fbf8874fe0596d4f63281afed598300217590a2678e,projects/modellearning/logs/run.googleapis.com%2Fstdout,,2024-02-29T20:25:47.612718299Z,sscartquery,northamerica-northeast1,modellearning,sscartquery-00011-jzl,sscartquery,cloud_run_revision,INFO,functions/Logic.java,2024-02-29T20:25:47.288198Z
65e0e84b0001817dbab27323,functions/Logic.java,service,cpu:=650000000  rt:=666766818,cloudfunctions,00d087f5e02e95466401fe6b26a2dc3f1c606cee66edb3cc923425595f588fa173e8c4959802dc2526b02479ea51b4553ea19e70d4d79ad7fd363aa07a5c26a0cae978,projects/modellearning/logs/run.googleapis.com%2Fstdout,,2024-02-29T20:25:47.387113503Z,sscartquery,northamerica-northeast1,modellearning,sscartquery-00011-jzl,sscartquery,cloud_run_revision,INFO,functions/Logic.java,2024-02-29T20:25:47.098685Z
65e0e84a000f19ffc1d6a746,functions/Logic.java,service,cpu:=3370000000  rt:=3634059860,cloudfunctions,00d087f5e0c28364f40a88ea65440fad99d864800ea3cc4f8b70fe4c04ce8ea9bd6aa21cc40c9f2508c1dde8fc79b324f27e029f2d84aed35c039754a5d33a775a009f,projects/modellearning/logs/run.googleapis.com%2Fstdout,,2024-02-29T20:25:47.279246387Z,sscartquery,northamerica-northeast1,modellearning,sscartquery-00011-jzl,sscartquery,cloud_run_revision,INFO,functions/Logic.java,2024-02-29T20:25:46.989695Z
65e0e84a000c7665a1508813,functions/Logic.java,service,cpu:=570000000  rt:=975372877,cloudfunctions,00d087f5e0d4d81528cf22cb133c2e4dd9a2c4ce3eab40a6348fdb235a3535110a2312ab0cf8d4076c1e91472dbd37c7a81eb9097195cd3f6758925e661bb3dd5e03a2,projects/modellearning/logs/run.googleapis.com%2Fstdout,,2024-02-29T20:25:46.884770934Z,sscartquery,northamerica-northeast1,modellearning,sscartquery-00011-jzl,sscartquery,cloud_run_revision,INFO,functions/Logic.java,2024-02-29T20:25:46.816741Z
65e0e84a000c3296a00ea0be,functions/Logic.java,service,cpu:=1420000000  rt:=2348417951,cloudfunctions,00d087f5e04921ffa2ae878763f0217abb165fe4fe9a2e8a027ba11aed30e41dbddf4fc8615626ade2ce81a05b33cc0543a90b189fc41ef2749e7ddb07fe1c9b9eae6c,projects/modellearning/logs/run.googleapis.com%2Fstdout,,2024-02-29T20:25:46.946618708Z,sscartquery,northamerica-northeast1,modellearning,sscartquery-00011-jzl,sscartquery,cloud_run_revision,INFO,functions/Logic.java,2024-02-29T20:25:46.799382Z
65e0e84a000a8f4be63a896d,functions/Logic.java,service,cpu:=270000000  rt:=271832014,cloudfunctions,00d087f5e0106a3b973412d90e3ee4692855bee63eecbcfd74657a331138124eaf96e3e53cd03a649fdc6ae289e57296c3937f3080377ef79c73fa54ef810cf900a0bc,projects/modellearning/logs/run.googleapis.com%2Fstdout,,2024-02-29T20:25:46.721737106Z,sscartquery,northamerica-northeast1,modellearning,sscartquery-00011-jzl,sscartquery,cloud_run_revision,INFO,functions/Logic.java,2024-02-29T20:25:46.692043Z
65e0e84a000a4b55af399b39,functions/Logic.java,service,cpu:=2800000000  rt:=3365747673,cloudfunctions,00d087f5e0b82d4393d4a7bbb7f14727933f8b96724a91b37d40394984760349848f0c657a1b55ad143d87d15617c08a8ba76acddb65a7eb3b550a40e4aceccdfb8d33,projects/modellearning/logs/run.googleapis.com%2Fstdout,,2024-02-29T20:25:46.946618708Z,sscartquery,northamerica-northeast1,modellearning,sscartquery-00011-jzl,sscartquery,cloud_run_revision,INFO,functions/Logic.java,2024-02-29T20:25:46.674645Z
65e0e84a0009d9418bff1384,functions/Logic.java,service,cpu:=70000000  rt:=202377235,cloudfunctions,00d087f5e0931dfa9c28b1435b1edaff730b07b179f08d0ce6f7e181791dfaff7e1b3fe5d079114283831c72f18d89fc219db1445f90443b55b45100e3925c5e0fa32e,projects/modellearning/logs/run.googleapis.com%2Fstdout,,2024-02-29T20:25:46.946618708Z,sscartquery,northamerica-northeast1,modellearning,sscartquery-00011-jzl,sscartquery,cloud_run_revision,INFO,functions/Logic.java,2024-02-29T20:25:46.645441Z
65e0e84a00088f4172405311,functions/Logic.java,service,cpu:=940000000  rt:=1701377282,cloudfunctions,00d087f5e06379a276e4a585f3c5060b28341f9ba1aae00b35146eef3c6bfe293ee854779cb36f3cc9ba10b75867900165815dba5f5fb35677f9397372dd0e41039340,projects/modellearning/logs/run.googleapis.com%2Fstdout,,2024-02-29T20:25:46.613367659Z,sscartquery,northamerica-northeast1,modellearning,sscartquery-00011-jzl,sscartquery,cloud_run_revision,INFO,functions/Logic.java,2024-02-29T20:25:46.560961Z
65e0e84a0005e801de3d21ca,functions/Logic.java,service,cpu:=480000000  rt:=486696715,cloudfunctions,00d087f5e02e95466401fe6b26a2dc3f1c606cee66edb3cc923425595f588fa173e8c4959802dc2526b02479ea51b4553ea19e70d4d79ad7fd363aa07a5c26a0cae978,projects/modellearning/logs/run.googleapis.com%2Fstdout,,2024-02-29T20:25:46.389103506Z,sscartquery,northamerica-northeast1,modellearning,sscartquery-00011-jzl,sscartquery,cloud_run_revision,INFO,functions/Logic.java,2024-02-29T20:25:46.387073Z
65e0e84a00021641e010924b,functions/Logic.java,service,cpu:=2780000000  rt:=2870362074,cloudfunctions,00d087f5e07bdae58c1f4da3364551cac54ac5362bf1a9581e7d4bf9a32f14aae9b89d873ef09e84a16dbd253a49be122c24eb757e668e06c6c2cc19262d914e45e911,projects/modellearning/logs/run.googleapis.com%2Fstdout,,2024-02-29T20:25:46.280762629Z,sscartquery,northamerica-northeast1,modellearning,sscartquery-00011-jzl,sscartquery,cloud_run_revision,INFO,functions/Logic.java,2024-02-29T20:25:46.136769Z
65e0e84a0000e0a2d9138814,functions/Logic.java,service,cpu:=-4360000000  rt:=1197928928,cloudfunctions,00d087f5e06379a276e4a585f3c5060b28341f9ba1aae00b35146eef3c6bfe293ee854779cb36f3cc9ba10b75867900165815dba5f5fb35677f9397372dd0e41039340,projects/modellearning/logs/run.googleapis.com%2Fstdout,,2024-02-29T20:25:46.280762629Z,sscartquery,northamerica-northeast1,modellearning,sscartquery-00011-jzl,sscartquery,cloud_run_revision,INFO,functions/Logic.java,2024-02-29T20:25:46.057506Z
65e0e84a0000d4eab64fcfde,functions/Logic.java,service,cpu:=100000000  rt:=99890637,cloudfunctions,00d087f5e0fb53247b367efd3d5bd3eb6ec2079ea1f90edc419a49866437bf458cfeca444aeaa3b7daf5636b05c06cb47d5f161f950d27b45213cc036890ef6262ebf3,projects/modellearning/logs/run.googleapis.com%2Fstdout,,2024-02-29T20:25:46.280762629Z,sscartquery,northamerica-northeast1,modellearning,sscartquery-00011-jzl,sscartquery,cloud_run_revision,INFO,functions/Logic.java,2024-02-29T20:25:46.054506Z
65e0e849000d2bdc7b59b899,functions/Logic.java,service,cpu:=860000000  rt:=1412771746,cloudfunctions,00d087f5e04921ffa2ae878763f0217abb165fe4fe9a2e8a027ba11aed30e41dbddf4fc8615626ade2ce81a05b33cc0543a90b189fc41ef2749e7ddb07fe1c9b9eae6c,projects/modellearning/logs/run.googleapis.com%2Fstdout,,2024-02-29T20:25:45.946534878Z,sscartquery,northamerica-northeast1,modellearning,sscartquery-00011-jzl,sscartquery,cloud_run_revision,INFO,functions/Logic.java,2024-02-29T20:25:45.863196Z
65e0e849000cbd63efdbf384,functions/Logic.java,service,cpu:=190000000  rt:=200589187,cloudfunctions,00d087f5e0931dfa9c28b1435b1edaff730b07b179f08d0ce6f7e181791dfaff7e1b3fe5d079114283831c72f18d89fc219db1445f90443b55b45100e3925c5e0fa32e,projects/modellearning/logs/run.googleapis.com%2Fstdout,,2024-02-29T20:25:45.946534878Z,sscartquery,northamerica-northeast1,modellearning,sscartquery-00011-jzl,sscartquery,cloud_run_revision,INFO,functions/Logic.java,2024-02-29T20:25:45.834915Z
65e0e849000aff121cb69ade,functions/Logic.java,service,cpu:=2670000000  rt:=2743128947,cloudfunctions,00d087f5e025f1412d457ac9df76d9971bbb653901e64de3964b6771b432461e319b79b0f00c478208807a6c7a3fbf8874fe0596d4f63281afed598300217590a2678e,projects/modellearning/logs/run.googleapis.com%2Fstdout,,2024-02-29T20:25:45.946534878Z,sscartquery,northamerica-northeast1,modellearning,sscartquery-00011-jzl,sscartquery,cloud_run_revision,INFO,functions/Logic.java,2024-02-29T20:25:45.720658Z
65e0e849000a52ee8b9ef80e,functions/Logic.java,service,cpu:=130000000  rt:=123265670,cloudfunctions,00d087f5e0fb53247b367efd3d5bd3eb6ec2079ea1f90edc419a49866437bf458cfeca444aeaa3b7daf5636b05c06cb47d5f161f950d27b45213cc036890ef6262ebf3,projects/modellearning/logs/run.googleapis.com%2Fstdout,,2024-02-29T20:25:45.946534878Z,sscartquery,northamerica-northeast1,modellearning,sscartquery-00011-jzl,sscartquery,cloud_run_revision,INFO,functions/Logic.java,2024-02-29T20:25:45.676590Z
65e0e849000a1e3a65eb9561,functions/Logic.java,service,cpu:=5260000000  rt:=25817109,cloudfunctions,00d087f5e0d2ec86d3e5125cd7f8c8da0159c6c9245f96f8b661fd58a2c43ac7b7746cbd693c48c899aa0e18c79c8f6e29e46ee53925108e8c6a70ca451f1b05c9a9d7,projects/modellearning/logs/run.googleapis.com%2Fstdout,,2024-02-29T20:25:45.946534878Z,sscartquery,northamerica-northeast1,modellearning,sscartquery-00011-jzl,sscartquery,cloud_run_revision,INFO,functions/Logic.java,2024-02-29T20:25:45.663098Z
65e0e8490009a1f9377fa8d7,functions/Logic.java,service,cpu:=300000000  rt:=393401863,cloudfunctions,00d087f5e0d4d81528cf22cb133c2e4dd9a2c4ce3eab40a6348fdb235a3535110a2312ab0cf8d4076c1e91472dbd37c7a81eb9097195cd3f6758925e661bb3dd5e03a2,projects/modellearning/logs/run.googleapis.com%2Fstdout,,2024-02-29T20:25:45.885010756Z,sscartquery,northamerica-northeast1,modellearning,sscartquery-00011-jzl,sscartquery,cloud_run_revision,INFO,functions/Logic.java,2024-02-29T20:25:45.631289Z
65e0e8490008273d42cdb0c5,functions/Logic.java,service,cpu:=160000000  rt:=157249950,cloudfunctions,00d087f5e0fb53247b367efd3d5bd3eb6ec2079ea1f90edc419a49866437bf458cfeca444aeaa3b7daf5636b05c06cb47d5f161f950d27b45213cc036890ef6262ebf3,projects/modellearning/logs/run.googleapis.com%2Fstdout,,2024-02-29T20:25:45.613929752Z,sscartquery,northamerica-northeast1,modellearning,sscartquery-00011-jzl,sscartquery,cloud_run_revision,INFO,functions/Logic.java,2024-02-29T20:25:45.534333Z
65e0e8490006cb5d78bd3eea,functions/Logic.java,service,cpu:=-4000000000  rt:=585772137,cloudfunctions,00d087f5e06379a276e4a585f3c5060b28341f9ba1aae00b35146eef3c6bfe293ee854779cb36f3cc9ba10b75867900165815dba5f5fb35677f9397372dd0e41039340,projects/modellearning/logs/run.googleapis.com%2Fstdout,,2024-02-29T20:25:45.613929752Z,sscartquery,northamerica-northeast1,modellearning,sscartquery-00011-jzl,sscartquery,cloud_run_revision,INFO,functions/Logic.java,2024-02-29T20:25:45.445277Z
65e0e849000554be5ee42688,functions/Logic.java,service,cpu:=1180000000  rt:=1226876451,cloudfunctions,00d087f5e0fb53247b367efd3d5bd3eb6ec2079ea1f90edc419a49866437bf458cfeca444aeaa3b7daf5636b05c06cb47d5f161f950d27b45213cc036890ef6262ebf3,projects/modellearning/logs/run.googleapis.com%2Fstdout,,2024-02-29T20:25:45.613929752Z,sscartquery,northamerica-northeast1,modellearning,sscartquery-00011-jzl,sscartquery,cloud_run_revision,INFO,functions/Logic.java,2024-02-29T20:25:45.349374Z
65e0e84900034f18b9e86b9a,functions/Logic.java,service,cpu:=430000000  rt:=171800424,cloudfunctions,00d087f5e0d4d81528cf22cb133c2e4dd9a2c4ce3eab40a6348fdb235a3535110a2312ab0cf8d4076c1e91472dbd37c7a81eb9097195cd3f6758925e661bb3dd5e03a2,projects/modellearning/logs/run.googleapis.com%2Fstdout,,2024-02-29T20:25:45.218460210Z,sscartquery,northamerica-northeast1,modellearning,sscartquery-00011-jzl,sscartquery,cloud_run_revision,INFO,functions/Logic.java,2024-02-29T20:25:45.216856Z
65e0e848000e42ba2cb41cd3,functions/Logic.java,service,cpu:=-4400000000  rt:=396676162,cloudfunctions,00d087f5e0d2ec86d3e5125cd7f8c8da0159c6c9245f96f8b661fd58a2c43ac7b7746cbd693c48c899aa0e18c79c8f6e29e46ee53925108e8c6a70ca451f1b05c9a9d7,projects/modellearning/logs/run.googleapis.com%2Fstdout,,2024-02-29T20:25:44.948663361Z,sscartquery,northamerica-northeast1,modellearning,sscartquery-00011-jzl,sscartquery,cloud_run_revision,INFO,functions/Logic.java,2024-02-29T20:25:44.934586Z
65e0e8480002497a99b2cb47,functions/Logic.java,service,cpu:=5190000000  rt:=840872635,cloudfunctions,00d087f5e0b82d4393d4a7bbb7f14727933f8b96724a91b37d40394984760349848f0c657a1b55ad143d87d15617c08a8ba76acddb65a7eb3b550a40e4aceccdfb8d33,projects/modellearning/logs/run.googleapis.com%2Fstdout,,2024-02-29T20:25:44.281485448Z,sscartquery,northamerica-northeast1,modellearning,sscartquery-00011-jzl,sscartquery,cloud_run_revision,INFO,functions/Logic.java,2024-02-29T20:25:44.149882Z
65e0e848000240d3108c6784,functions/Logic.java,service,cpu:=14080000000  rt:=796894856,cloudfunctions,00d087f5e0508b90f669d2e778e5edb119d2cf95bbdf1d474990a4029916e734b09cb9a2fbea2793facea51d590b84a7b32d827e55698dd1314956e833b1573e692dea,projects/modellearning/logs/run.googleapis.com%2Fstdout,,2024-02-29T20:25:44.281485448Z,sscartquery,northamerica-northeast1,modellearning,sscartquery-00011-jzl,sscartquery,cloud_run_revision,INFO,functions/Logic.java,2024-02-29T20:25:44.147667Z
65e0e84800022263d36986e5,functions/Logic.java,service,cpu:=90000000  rt:=90523965,cloudfunctions,00d087f5e04921ffa2ae878763f0217abb165fe4fe9a2e8a027ba11aed30e41dbddf4fc8615626ade2ce81a05b33cc0543a90b189fc41ef2749e7ddb07fe1c9b9eae6c,projects/modellearning/logs/run.googleapis.com%2Fstdout,,2024-02-29T20:25:44.281485448Z,sscartquery,northamerica-northeast1,modellearning,sscartquery-00011-jzl,sscartquery,cloud_run_revision,INFO,functions/Logic.java,2024-02-29T20:25:44.139875Z
65e0e8480001a0f3fca07a4a,functions/Logic.java,service,cpu:=260000000  rt:=264179969,cloudfunctions,00d087f5e0fb53247b367efd3d5bd3eb6ec2079ea1f90edc419a49866437bf458cfeca444aeaa3b7daf5636b05c06cb47d5f161f950d27b45213cc036890ef6262ebf3,projects/modellearning/logs/run.googleapis.com%2Fstdout,,2024-02-29T20:25:44.281485448Z,sscartquery,northamerica-northeast1,modellearning,sscartquery-00011-jzl,sscartquery,cloud_run_revision,INFO,functions/Logic.java,2024-02-29T20:25:44.106739Z
65e0e848000160605f025f94,functions/Logic.java,service,cpu:=50000000  rt:=50031750,cloudfunctions,00d087f5e06379a276e4a585f3c5060b28341f9ba1aae00b35146eef3c6bfe293ee854779cb36f3cc9ba10b75867900165815dba5f5fb35677f9397372dd0e41039340,projects/modellearning/logs/run.googleapis.com%2Fstdout,,2024-02-29T20:25:44.281485448Z,sscartquery,northamerica-northeast1,modellearning,sscartquery-00011-jzl,sscartquery,cloud_run_revision,INFO,functions/Logic.java,2024-02-29T20:25:44.090208Z
65e0e847000e42bf6f0bea97,functions/Logic.java,service,cpu:=8980000000  rt:=578808203,cloudfunctions,00d087f5e0c28364f40a88ea65440fad99d864800ea3cc4f8b70fe4c04ce8ea9bd6aa21cc40c9f2508c1dde8fc79b324f27e029f2d84aed35c039754a5d33a775a009f,projects/modellearning/logs/run.googleapis.com%2Fstdout,,2024-02-29T20:25:43.949179311Z,sscartquery,northamerica-northeast1,modellearning,sscartquery-00011-jzl,sscartquery,cloud_run_revision,INFO,functions/Logic.java,2024-02-29T20:25:43.934591Z
65e0e847000c2fad5a7b4cf7,functions/Logic.java,service,cpu:=1690000000  rt:=1773901499,cloudfunctions,00d087f5e0fb53247b367efd3d5bd3eb6ec2079ea1f90edc419a49866437bf458cfeca444aeaa3b7daf5636b05c06cb47d5f161f950d27b45213cc036890ef6262ebf3,projects/modellearning/logs/run.googleapis.com%2Fstdout,,2024-02-29T20:25:43.949179311Z,sscartquery,northamerica-northeast1,modellearning,sscartquery-00011-jzl,sscartquery,cloud_run_revision,INFO,functions/Logic.java,2024-02-29T20:25:43.798637Z
65e0e8470008681e8cfcd253,functions/Logic.java,service,cpu:=3510000000  rt:=3637048336,cloudfunctions,00d087f5e04921ffa2ae878763f0217abb165fe4fe9a2e8a027ba11aed30e41dbddf4fc8615626ade2ce81a05b33cc0543a90b189fc41ef2749e7ddb07fe1c9b9eae6c,projects/modellearning/logs/run.googleapis.com%2Fstdout,,2024-02-29T20:25:43.615753067Z,sscartquery,northamerica-northeast1,modellearning,sscartquery-00011-jzl,sscartquery,cloud_run_revision,INFO,functions/Logic.java,2024-02-29T20:25:43.550942Z
65e0e8470008295fa37ef0eb,functions/Logic.java,service,cpu:=540000000  rt:=609070763,cloudfunctions,00d087f5e06379a276e4a585f3c5060b28341f9ba1aae00b35146eef3c6bfe293ee854779cb36f3cc9ba10b75867900165815dba5f5fb35677f9397372dd0e41039340,projects/modellearning/logs/run.googleapis.com%2Fstdout,,2024-02-29T20:25:43.615753067Z,sscartquery,northamerica-northeast1,modellearning,sscartquery-00011-jzl,sscartquery,cloud_run_revision,INFO,functions/Logic.java,2024-02-29T20:25:43.534879Z
65e0e8470002e277944c601b,functions/Logic.java,service,cpu:=810000000  rt:=1522996816,cloudfunctions,00d087f5e096f10c047c63271bf3ad0a02126a02b2e38fa8048979e18ea67d746ffa403f88d9a80d0fd5b28bb55609f2a74100003294e282c98f0e4563ee611fd74e6e,projects/modellearning/logs/run.googleapis.com%2Fstdout,,2024-02-29T20:25:43.282570690Z,sscartquery,northamerica-northeast1,modellearning,sscartquery-00011-jzl,sscartquery,cloud_run_revision,INFO,functions/Logic.java,2024-02-29T20:25:43.189047Z
65e0e8470002591317f0fb1d,functions/Logic.java,service,cpu:=1720000000  rt:=3175401963,cloudfunctions,00d087f5e0931dfa9c28b1435b1edaff730b07b179f08d0ce6f7e181791dfaff7e1b3fe5d079114283831c72f18d89fc219db1445f90443b55b45100e3925c5e0fa32e,projects/modellearning/logs/run.googleapis.com%2Fstdout,,2024-02-29T20:25:43.282570690Z,sscartquery,northamerica-northeast1,modellearning,sscartquery-00011-jzl,sscartquery,cloud_run_revision,INFO,functions/Logic.java,2024-02-29T20:25:43.153875Z
65e0e847000007886e5309b2,functions/Logic.java,service,cpu:=1290000000  rt:=1341575131,cloudfunctions,00d087f5e07bdae58c1f4da3364551cac54ac5362bf1a9581e7d4bf9a32f14aae9b89d873ef09e84a16dbd253a49be122c24eb757e668e06c6c2cc19262d914e45e911,projects/modellearning/logs/run.googleapis.com%2Fstdout,,2024-02-29T20:25:43.282570690Z,sscartquery,northamerica-northeast1,modellearning,sscartquery-00011-jzl,sscartquery,cloud_run_revision,INFO,functions/Logic.java,2024-02-29T20:25:43.001928Z
65e0e846000d9a5926218a8a,functions/Logic.java,service,cpu:=590000000  rt:=602313126,cloudfunctions,00d087f5e025f1412d457ac9df76d9971bbb653901e64de3964b6771b432461e319b79b0f00c478208807a6c7a3fbf8874fe0596d4f63281afed598300217590a2678e,projects/modellearning/logs/run.googleapis.com%2Fstdout,,2024-02-29T20:25:42.950373574Z,sscartquery,northamerica-northeast1,modellearning,sscartquery-00011-jzl,sscartquery,cloud_run_revision,INFO,functions/Logic.java,2024-02-29T20:25:42.891481Z
65e0e846000d521b557d095e,functions/Logic.java,service,cpu:=7700000000  rt:=1206891007,cloudfunctions,00d087f5e096f10c047c63271bf3ad0a02126a02b2e38fa8048979e18ea67d746ffa403f88d9a80d0fd5b28bb55609f2a74100003294e282c98f0e4563ee611fd74e6e,projects/modellearning/logs/run.googleapis.com%2Fstdout,,2024-02-29T20:25:42.950373574Z,sscartquery,northamerica-northeast1,modellearning,sscartquery-00011-jzl,sscartquery,cloud_run_revision,INFO,functions/Logic.java,2024-02-29T20:25:42.872987Z
65e0e846000cc88fc77e87fd,functions/Logic.java,service,cpu:=5470000000  rt:=2859066484,cloudfunctions,00d087f5e0931dfa9c28b1435b1edaff730b07b179f08d0ce6f7e181791dfaff7e1b3fe5d079114283831c72f18d89fc219db1445f90443b55b45100e3925c5e0fa32e,projects/modellearning/logs/run.googleapis.com%2Fstdout,,2024-02-29T20:25:42.950373574Z,sscartquery,northamerica-northeast1,modellearning,sscartquery-00011-jzl,sscartquery,cloud_run_revision,INFO,functions/Logic.java,2024-02-29T20:25:42.837775Z
65e0e84600085bc295dad833,functions/Logic.java,service,cpu:=-4030000000  rt:=685779678,cloudfunctions,00d087f5e0d2ec86d3e5125cd7f8c8da0159c6c9245f96f8b661fd58a2c43ac7b7746cbd693c48c899aa0e18c79c8f6e29e46ee53925108e8c6a70ca451f1b05c9a9d7,projects/modellearning/logs/run.googleapis.com%2Fstdout,,2024-02-29T20:25:42.618057358Z,sscartquery,northamerica-northeast1,modellearning,sscartquery-00011-jzl,sscartquery,cloud_run_revision,INFO,functions/Logic.java,2024-02-29T20:25:42.547778Z
65e0e8460008290e33269703,functions/Logic.java,service,cpu:=290000000  rt:=672861064,cloudfunctions,00d087f5e0d2ec86d3e5125cd7f8c8da0159c6c9245f96f8b661fd58a2c43ac7b7746cbd693c48c899aa0e18c79c8f6e29e46ee53925108e8c6a70ca451f1b05c9a9d7,projects/modellearning/logs/run.googleapis.com%2Fstdout,,2024-02-29T20:25:42.618057358Z,sscartquery,northamerica-northeast1,modellearning,sscartquery-00011-jzl,sscartquery,cloud_run_revision,INFO,functions/Logic.java,2024-02-29T20:25:42.534798Z
65e0e84600053bb0c1048033,functions/Logic.java,service,cpu:=1220000000  rt:=2364124533,cloudfunctions,00d087f5e0931dfa9c28b1435b1edaff730b07b179f08d0ce6f7e181791dfaff7e1b3fe5d079114283831c72f18d89fc219db1445f90443b55b45100e3925c5e0fa32e,projects/modellearning/logs/run.googleapis.com%2Fstdout,,2024-02-29T20:25:42.618057358Z,sscartquery,northamerica-northeast1,modellearning,sscartquery-00011-jzl,sscartquery,cloud_run_revision,INFO,functions/Logic.java,2024-02-29T20:25:42.342960Z
65e0e846000479cd3a169f0c,functions/Logic.java,service,cpu:=350000000  rt:=359511910,cloudfunctions,00d087f5e06379a276e4a585f3c5060b28341f9ba1aae00b35146eef3c6bfe293ee854779cb36f3cc9ba10b75867900165815dba5f5fb35677f9397372dd0e41039340,projects/modellearning/logs/run.googleapis.com%2Fstdout,,2024-02-29T20:25:42.618057358Z,sscartquery,northamerica-northeast1,modellearning,sscartquery-00011-jzl,sscartquery,cloud_run_revision,INFO,functions/Logic.java,2024-02-29T20:25:42.293325Z
65e0e846000371cadb167ffc,functions/Logic.java,service,cpu:=140000000  rt:=141051326,cloudfunctions,00d087f5e0508b90f669d2e778e5edb119d2cf95bbdf1d474990a4029916e734b09cb9a2fbea2793facea51d590b84a7b32d827e55698dd1314956e833b1573e692dea,projects/modellearning/logs/run.googleapis.com%2Fstdout,,2024-02-29T20:25:42.286060328Z,sscartquery,northamerica-northeast1,modellearning,sscartquery-00011-jzl,sscartquery,cloud_run_revision,INFO,functions/Logic.java,2024-02-29T20:25:42.225738Z
65e0e846000111d45214a6d6,functions/Logic.java,service,cpu:=620000000  rt:=644029931,cloudfunctions,00d087f5e0c28364f40a88ea65440fad99d864800ea3cc4f8b70fe4c04ce8ea9bd6aa21cc40c9f2508c1dde8fc79b324f27e029f2d84aed35c039754a5d33a775a009f,projects/modellearning/logs/run.googleapis.com%2Fstdout,,2024-02-29T20:25:42.286060328Z,sscartquery,northamerica-northeast1,modellearning,sscartquery-00011-jzl,sscartquery,cloud_run_revision,INFO,functions/Logic.java,2024-02-29T20:25:42.070100Z
65e0e8460000307cec0a0afb,functions/Logic.java,service,cpu:=710000000  rt:=754448296,cloudfunctions,00d087f5e025f1412d457ac9df76d9971bbb653901e64de3964b6771b432461e319b79b0f00c478208807a6c7a3fbf8874fe0596d4f63281afed598300217590a2678e,projects/modellearning/logs/run.googleapis.com%2Fstdout,,2024-02-29T20:25:42.286060328Z,sscartquery,northamerica-northeast1,modellearning,sscartquery-00011-jzl,sscartquery,cloud_run_revision,INFO,functions/Logic.java,2024-02-29T20:25:42.012412Z
65e0e845000f33d30b3f70b3,functions/Logic.java,service,cpu:=2680000000  rt:=2770332052,cloudfunctions,00d087f5e0fb53247b367efd3d5bd3eb6ec2079ea1f90edc419a49866437bf458cfeca444aeaa3b7daf5636b05c06cb47d5f161f950d27b45213cc036890ef6262ebf3,projects/modellearning/logs/run.googleapis.com%2Fstdout,,2024-02-29T20:25:42.286060328Z,sscartquery,northamerica-northeast1,modellearning,sscartquery-00011-jzl,sscartquery,cloud_run_revision,INFO,functions/Logic.java,2024-02-29T20:25:41.996307Z
65e0e845000f05104a6e7512,functions/Logic.java,service,cpu:=610000000  rt:=633133401,cloudfunctions,00d087f5e0b82d4393d4a7bbb7f14727933f8b96724a91b37d40394984760349848f0c657a1b55ad143d87d15617c08a8ba76acddb65a7eb3b550a40e4aceccdfb8d33,projects/modellearning/logs/run.googleapis.com%2Fstdout,,2024-02-29T20:25:42.286060328Z,sscartquery,northamerica-northeast1,modellearning,sscartquery-00011-jzl,sscartquery,cloud_run_revision,INFO,functions/Logic.java,2024-02-29T20:25:41.984336Z
65e0e845000d37e92fbe680f,functions/Logic.java,service,cpu:=3050000000  rt:=3192619748,cloudfunctions,00d087f5e0508b90f669d2e778e5edb119d2cf95bbdf1d474990a4029916e734b09cb9a2fbea2793facea51d590b84a7b32d827e55698dd1314956e833b1573e692dea,projects/modellearning/logs/run.googleapis.com%2Fstdout,,2024-02-29T20:25:41.951355112Z,sscartquery,northamerica-northeast1,modellearning,sscartquery-00011-jzl,sscartquery,cloud_run_revision,INFO,functions/Logic.java,2024-02-29T20:25:41.866281Z
65e0e845000cc8eddaaae8e7,functions/Logic.java,service,cpu:=740000000  rt:=790852199,cloudfunctions,00d087f5e06379a276e4a585f3c5060b28341f9ba1aae00b35146eef3c6bfe293ee854779cb36f3cc9ba10b75867900165815dba5f5fb35677f9397372dd0e41039340,projects/modellearning/logs/run.googleapis.com%2Fstdout,,2024-02-29T20:25:41.951355112Z,sscartquery,northamerica-northeast1,modellearning,sscartquery-00011-jzl,sscartquery,cloud_run_revision,INFO,functions/Logic.java,2024-02-29T20:25:41.837869Z
65e0e8450009fef84e6e3176,functions/Logic.java,service,cpu:=-9360000000  rt:=39482344,cloudfunctions,00d087f5e096f10c047c63271bf3ad0a02126a02b2e38fa8048979e18ea67d746ffa403f88d9a80d0fd5b28bb55609f2a74100003294e282c98f0e4563ee611fd74e6e,projects/modellearning/logs/run.googleapis.com%2Fstdout,,2024-02-29T20:25:41.951355112Z,sscartquery,northamerica-northeast1,modellearning,sscartquery-00011-jzl,sscartquery,cloud_run_revision,INFO,functions/Logic.java,2024-02-29T20:25:41.655096Z
65e0e8450009806ec1faa5dd,functions/Logic.java,service,cpu:=6790000000  rt:=7144041839,cloudfunctions,00d087f5e07bdae58c1f4da3364551cac54ac5362bf1a9581e7d4bf9a32f14aae9b89d873ef09e84a16dbd253a49be122c24eb757e668e06c6c2cc19262d914e45e911,projects/modellearning/logs/run.googleapis.com%2Fstdout,,2024-02-29T20:25:41.951355112Z,sscartquery,northamerica-northeast1,modellearning,sscartquery-00011-jzl,sscartquery,cloud_run_revision,INFO,functions/Logic.java,2024-02-29T20:25:41.622702Z
65e0e8450004bcff94521330,functions/Logic.java,service,cpu:=170000000  rt:=191656665,cloudfunctions,00d087f5e096f10c047c63271bf3ad0a02126a02b2e38fa8048979e18ea67d746ffa403f88d9a80d0fd5b28bb55609f2a74100003294e282c98f0e4563ee611fd74e6e,projects/modellearning/logs/run.googleapis.com%2Fstdout,,2024-02-29T20:25:41.618559195Z,sscartquery,northamerica-northeast1,modellearning,sscartquery-00011-jzl,sscartquery,cloud_run_revision,INFO,functions/Logic.java,2024-02-29T20:25:41.310527Z
65e0e845000148fad1d2cb99,functions/Logic.java,service,cpu:=1210000000  rt:=2198288641,cloudfunctions,00d087f5e0c28364f40a88ea65440fad99d864800ea3cc4f8b70fe4c04ce8ea9bd6aa21cc40c9f2508c1dde8fc79b324f27e029f2d84aed35c039754a5d33a775a009f,projects/modellearning/logs/run.googleapis.com%2Fstdout,,2024-02-29T20:25:41.284747500Z,sscartquery,northamerica-northeast1,modellearning,sscartquery-00011-jzl,sscartquery,cloud_run_revision,INFO,functions/Logic.java,2024-02-29T20:25:41.084218Z
65e0e84500002b6af29eb560,functions/Logic.java,service,cpu:=440000000  rt:=456704255,cloudfunctions,00d087f5e0b82d4393d4a7bbb7f14727933f8b96724a91b37d40394984760349848f0c657a1b55ad143d87d15617c08a8ba76acddb65a7eb3b550a40e4aceccdfb8d33,projects/modellearning/logs/run.googleapis.com%2Fstdout,,2024-02-29T20:25:41.284747500Z,sscartquery,northamerica-northeast1,modellearning,sscartquery-00011-jzl,sscartquery,cloud_run_revision,INFO,functions/Logic.java,2024-02-29T20:25:41.011114Z
65e0e844000e98e15ed2d612,functions/Logic.java,service,cpu:=960000000  rt:=1798151051,cloudfunctions,00d087f5e025f1412d457ac9df76d9971bbb653901e64de3964b6771b432461e319b79b0f00c478208807a6c7a3fbf8874fe0596d4f63281afed598300217590a2678e,projects/modellearning/logs/run.googleapis.com%2Fstdout,,2024-02-29T20:25:41.284747500Z,sscartquery,northamerica-northeast1,modellearning,sscartquery-00011-jzl,sscartquery,cloud_run_revision,INFO,functions/Logic.java,2024-02-29T20:25:40.956641Z
65e0e844000e45f8e3eab6db,functions/Logic.java,service,cpu:=14010000000  rt:=2049528384,cloudfunctions,00d087f5e0c28364f40a88ea65440fad99d864800ea3cc4f8b70fe4c04ce8ea9bd6aa21cc40c9f2508c1dde8fc79b324f27e029f2d84aed35c039754a5d33a775a009f,projects/modellearning/logs/run.googleapis.com%2Fstdout,,2024-02-29T20:25:40.951274451Z,sscartquery,northamerica-northeast1,modellearning,sscartquery-00011-jzl,sscartquery,cloud_run_revision,INFO,functions/Logic.java,2024-02-29T20:25:40.935416Z
65e0e844000cc3536c1e6a96,functions/Logic.java,service,cpu:=-10250000000  rt:=1678054508,cloudfunctions,00d087f5e025f1412d457ac9df76d9971bbb653901e64de3964b6771b432461e319b79b0f00c478208807a6c7a3fbf8874fe0596d4f63281afed598300217590a2678e,projects/modellearning/logs/run.googleapis.com%2Fstdout,,2024-02-29T20:25:40.951274451Z,sscartquery,northamerica-northeast1,modellearning,sscartquery-00011-jzl,sscartquery,cloud_run_revision,INFO,functions/Logic.java,2024-02-29T20:25:40.836435Z
65e0e844000c1e8e51ca21a1,functions/Logic.java,service,cpu:=80000000  rt:=81821653,cloudfunctions,00d087f5e096f10c047c63271bf3ad0a02126a02b2e38fa8048979e18ea67d746ffa403f88d9a80d0fd5b28bb55609f2a74100003294e282c98f0e4563ee611fd74e6e,projects/modellearning/logs/run.googleapis.com%2Fstdout,,2024-02-29T20:25:40.951274451Z,sscartquery,northamerica-northeast1,modellearning,sscartquery-00011-jzl,sscartquery,cloud_run_revision,INFO,functions/Logic.java,2024-02-29T20:25:40.794254Z
65e0e844000bd4572588a083,functions/Logic.java,service,cpu:=7020000000  rt:=9191258228,cloudfunctions,00d087f5e0d2ec86d3e5125cd7f8c8da0159c6c9245f96f8b661fd58a2c43ac7b7746cbd693c48c899aa0e18c79c8f6e29e46ee53925108e8c6a70ca451f1b05c9a9d7,projects/modellearning/logs/run.googleapis.com%2Fstdout,,2024-02-29T20:25:40.951274451Z,sscartquery,northamerica-northeast1,modellearning,sscartquery-00011-jzl,sscartquery,cloud_run_revision,INFO,functions/Logic.java,2024-02-29T20:25:40.775255Z
65e0e844000a47398eba5ded,functions/Logic.java,service,cpu:=450000000  rt:=476496490,cloudfunctions,00d087f5e0e30e341377146a7788c88926c3be1038b57334f8f71dece8d17d314de7a39c1f659f4d282a97b22c9cd31eacb640de6cea9f379fdc9e67eebeb5e7bc9de3,projects/modellearning/logs/run.googleapis.com%2Fstdout,,2024-02-29T20:25:40.951274451Z,sscartquery,northamerica-northeast1,modellearning,sscartquery-00011-jzl,sscartquery,cloud_run_revision,INFO,functions/Logic.java,2024-02-29T20:25:40.673593Z
65e0e8440008e828e5db2ca6,functions/Logic.java,service,cpu:=2080000000  rt:=2153812516,cloudfunctions,00d087f5e06379a276e4a585f3c5060b28341f9ba1aae00b35146eef3c6bfe293ee854779cb36f3cc9ba10b75867900165815dba5f5fb35677f9397372dd0e41039340,projects/modellearning/logs/run.googleapis.com%2Fstdout,,2024-02-29T20:25:40.618403695Z,sscartquery,northamerica-northeast1,modellearning,sscartquery-00011-jzl,sscartquery,cloud_run_revision,INFO,functions/Logic.java,2024-02-29T20:25:40.583720Z
65e0e84400087f340141c5db,functions/Logic.java,service,cpu:=2720000000  rt:=2812418078,cloudfunctions,00d087f5e096f10c047c63271bf3ad0a02126a02b2e38fa8048979e18ea67d746ffa403f88d9a80d0fd5b28bb55609f2a74100003294e282c98f0e4563ee611fd74e6e,projects/modellearning/logs/run.googleapis.com%2Fstdout,,2024-02-29T20:25:40.618403695Z,sscartquery,northamerica-northeast1,modellearning,sscartquery-00011-jzl,sscartquery,cloud_run_revision,INFO,functions/Logic.java,2024-02-29T20:25:40.556852Z
65e0e84400085e7891170606,functions/Logic.java,service,cpu:=-4380000000  rt:=1099653532,cloudfunctions,00d087f5e0b82d4393d4a7bbb7f14727933f8b96724a91b37d40394984760349848f0c657a1b55ad143d87d15617c08a8ba76acddb65a7eb3b550a40e4aceccdfb8d33,projects/modellearning/logs/run.googleapis.com%2Fstdout,,2024-02-29T20:25:40.618403695Z,sscartquery,northamerica-northeast1,modellearning,sscartquery-00011-jzl,sscartquery,cloud_run_revision,INFO,functions/Logic.java,2024-02-29T20:25:40.548472Z
65e0e843000ef2b13be6e885,functions/Logic.java,service,cpu:=300000000  rt:=455069357,cloudfunctions,00d087f5e0e30e341377146a7788c88926c3be1038b57334f8f71dece8d17d314de7a39c1f659f4d282a97b22c9cd31eacb640de6cea9f379fdc9e67eebeb5e7bc9de3,projects/modellearning/logs/run.googleapis.com%2Fstdout,,2024-02-29T20:25:40.286105322Z,sscartquery,northamerica-northeast1,modellearning,sscartquery-00011-jzl,sscartquery,cloud_run_revision,INFO,functions/Logic.java,2024-02-29T20:25:39.979633Z
65e0e843000ecffc3670ef19,functions/Logic.java,service,cpu:=270000000  rt:=517638906,cloudfunctions,00d087f5e0b82d4393d4a7bbb7f14727933f8b96724a91b37d40394984760349848f0c657a1b55ad143d87d15617c08a8ba76acddb65a7eb3b550a40e4aceccdfb8d33,projects/modellearning/logs/run.googleapis.com%2Fstdout,,2024-02-29T20:25:40.286105322Z,sscartquery,northamerica-northeast1,modellearning,sscartquery-00011-jzl,sscartquery,cloud_run_revision,INFO,functions/Logic.java,2024-02-29T20:25:39.970748Z
65e0e843000dcca015f0caf0,functions/Logic.java,service,cpu:=620000000  rt:=369346711,cloudfunctions,00d087f5e0e30e341377146a7788c88926c3be1038b57334f8f71dece8d17d314de7a39c1f659f4d282a97b22c9cd31eacb640de6cea9f379fdc9e67eebeb5e7bc9de3,projects/modellearning/logs/run.googleapis.com%2Fstdout,,2024-02-29T20:25:39.952699678Z,sscartquery,northamerica-northeast1,modellearning,sscartquery-00011-jzl,sscartquery,cloud_run_revision,INFO,functions/Logic.java,2024-02-29T20:25:39.904352Z
65e0e843000cbb810517363a,functions/Logic.java,service,cpu:=1970000000  rt:=2101742586,cloudfunctions,00d087f5e04921ffa2ae878763f0217abb165fe4fe9a2e8a027ba11aed30e41dbddf4fc8615626ade2ce81a05b33cc0543a90b189fc41ef2749e7ddb07fe1c9b9eae6c,projects/modellearning/logs/run.googleapis.com%2Fstdout,,2024-02-29T20:25:39.952699678Z,sscartquery,northamerica-northeast1,modellearning,sscartquery-00011-jzl,sscartquery,cloud_run_revision,INFO,functions/Logic.java,2024-02-29T20:25:39.834433Z
65e0e843000b3f9ba3651fb6,functions/Logic.java,service,cpu:=20390000000  rt:=285627510,cloudfunctions,00d087f5e0b82d4393d4a7bbb7f14727933f8b96724a91b37d40394984760349848f0c657a1b55ad143d87d15617c08a8ba76acddb65a7eb3b550a40e4aceccdfb8d33,projects/modellearning/logs/run.googleapis.com%2Fstdout,,2024-02-29T20:25:39.952699678Z,sscartquery,northamerica-northeast1,modellearning,sscartquery-00011-jzl,sscartquery,cloud_run_revision,INFO,functions/Logic.java,2024-02-29T20:25:39.737179Z
65e0e8430009bd23a71d2afb,functions/Logic.java,service,cpu:=-3530000000  rt:=464019918,cloudfunctions,00d087f5e0931dfa9c28b1435b1edaff730b07b179f08d0ce6f7e181791dfaff7e1b3fe5d079114283831c72f18d89fc219db1445f90443b55b45100e3925c5e0fa32e,projects/modellearning/logs/run.googleapis.com%2Fstdout,,2024-02-29T20:25:39.952699678Z,sscartquery,northamerica-northeast1,modellearning,sscartquery-00011-jzl,sscartquery,cloud_run_revision,INFO,functions/Logic.java,2024-02-29T20:25:39.638243Z
65e0e8430002b2efb4da3982,functions/Logic.java,service,cpu:=980000000  rt:=1039326221,cloudfunctions,00d087f5e0fb53247b367efd3d5bd3eb6ec2079ea1f90edc419a49866437bf458cfeca444aeaa3b7daf5636b05c06cb47d5f161f950d27b45213cc036890ef6262ebf3,projects/modellearning/logs/run.googleapis.com%2Fstdout,,2024-02-29T20:25:39.286584004Z,sscartquery,northamerica-northeast1,modellearning,sscartquery-00011-jzl,sscartquery,cloud_run_revision,INFO,functions/Logic.java,2024-02-29T20:25:39.176879Z
65e0e84300020f4ff322a738,functions/Logic.java,service,cpu:=50000000  rt:=101572568,cloudfunctions,00d087f5e0931dfa9c28b1435b1edaff730b07b179f08d0ce6f7e181791dfaff7e1b3fe5d079114283831c72f18d89fc219db1445f90443b55b45100e3925c5e0fa32e,projects/modellearning/logs/run.googleapis.com%2Fstdout,,2024-02-29T20:25:39.286584004Z,sscartquery,northamerica-northeast1,modellearning,sscartquery-00011-jzl,sscartquery,cloud_run_revision,INFO,functions/Logic.java,2024-02-29T20:25:39.134991Z
65e0e842000b355879a13ad0,functions/Logic.java,service,cpu:=1100000000  rt:=1170495516,cloudfunctions,00d087f5e0c28364f40a88ea65440fad99d864800ea3cc4f8b70fe4c04ce8ea9bd6aa21cc40c9f2508c1dde8fc79b324f27e029f2d84aed35c039754a5d33a775a009f,projects/modellearning/logs/run.googleapis.com%2Fstdout,,2024-02-29T20:25:38.953267509Z,sscartquery,northamerica-northeast1,modellearning,sscartquery-00011-jzl,sscartquery,cloud_run_revision,INFO,functions/Logic.java,2024-02-29T20:25:38.734552Z
65e0e8420009b17b23c04531,functions/Logic.java,service,cpu:=1410000000  rt:=1477181479,cloudfunctions,00d087f5e0508b90f669d2e778e5edb119d2cf95bbdf1d474990a4029916e734b09cb9a2fbea2793facea51d590b84a7b32d827e55698dd1314956e833b1573e692dea,projects/modellearning/logs/run.googleapis.com%2Fstdout,,2024-02-29T20:25:38.953267509Z,sscartquery,northamerica-northeast1,modellearning,sscartquery-00011-jzl,sscartquery,cloud_run_revision,INFO,functions/Logic.java,2024-02-29T20:25:38.635259Z
65e0e8420004cbca31afb09a,functions/Logic.java,service,cpu:=120000000  rt:=115255875,cloudfunctions,00d087f5e0b82d4393d4a7bbb7f14727933f8b96724a91b37d40394984760349848f0c657a1b55ad143d87d15617c08a8ba76acddb65a7eb3b550a40e4aceccdfb8d33,projects/modellearning/logs/run.googleapis.com%2Fstdout,,2024-02-29T20:25:38.620384099Z,sscartquery,northamerica-northeast1,modellearning,sscartquery-00011-jzl,sscartquery,cloud_run_revision,INFO,functions/Logic.java,2024-02-29T20:25:38.314314Z
65e0e8420003a0618e493829,functions/Logic.java,service,cpu:=590000000  rt:=619223539,cloudfunctions,00d087f5e025f1412d457ac9df76d9971bbb653901e64de3964b6771b432461e319b79b0f00c478208807a6c7a3fbf8874fe0596d4f63281afed598300217590a2678e,projects/modellearning/logs/run.googleapis.com%2Fstdout,,2024-02-29T20:25:38.287906651Z,sscartquery,northamerica-northeast1,modellearning,sscartquery-00011-jzl,sscartquery,cloud_run_revision,INFO,functions/Logic.java,2024-02-29T20:25:38.237665Z
65e0e8420000c800cc79e603,functions/Logic.java,service,cpu:=950000000  rt:=998005868,cloudfunctions,00d087f5e06379a276e4a585f3c5060b28341f9ba1aae00b35146eef3c6bfe293ee854779cb36f3cc9ba10b75867900165815dba5f5fb35677f9397372dd0e41039340,projects/modellearning/logs/run.googleapis.com%2Fstdout,,2024-02-29T20:25:38.287906651Z,sscartquery,northamerica-northeast1,modellearning,sscartquery-00011-jzl,sscartquery,cloud_run_revision,INFO,functions/Logic.java,2024-02-29T20:25:38.051200Z
65e0e841000e989c4a7a39e9,functions/Logic.java,service,cpu:=370000000  rt:=402774056,cloudfunctions,00d087f5e0b82d4393d4a7bbb7f14727933f8b96724a91b37d40394984760349848f0c657a1b55ad143d87d15617c08a8ba76acddb65a7eb3b550a40e4aceccdfb8d33,projects/modellearning/logs/run.googleapis.com%2Fstdout,,2024-02-29T20:25:38.287906651Z,sscartquery,northamerica-northeast1,modellearning,sscartquery-00011-jzl,sscartquery,cloud_run_revision,INFO,functions/Logic.java,2024-02-29T20:25:37.956572Z
65e0e841000d9bca920f0722,functions/Logic.java,service,cpu:=460000000  rt:=470505006,cloudfunctions,00d087f5e0fb53247b367efd3d5bd3eb6ec2079ea1f90edc419a49866437bf458cfeca444aeaa3b7daf5636b05c06cb47d5f161f950d27b45213cc036890ef6262ebf3,projects/modellearning/logs/run.googleapis.com%2Fstdout,,2024-02-29T20:25:37.954250190Z,sscartquery,northamerica-northeast1,modellearning,sscartquery-00011-jzl,sscartquery,cloud_run_revision,INFO,functions/Logic.java,2024-02-29T20:25:37.891850Z
65e0e84100085500c32ec65a,functions/Logic.java,service,cpu:=1040000000  rt:=1096519656,cloudfunctions,00d087f5e096f10c047c63271bf3ad0a02126a02b2e38fa8048979e18ea67d746ffa403f88d9a80d0fd5b28bb55609f2a74100003294e282c98f0e4563ee611fd74e6e,projects/modellearning/logs/run.googleapis.com%2Fstdout,,2024-02-29T20:25:37.621123383Z,sscartquery,northamerica-northeast1,modellearning,sscartquery-00011-jzl,sscartquery,cloud_run_revision,INFO,functions/Logic.java,2024-02-29T20:25:37.546048Z
65e0e84100066a7cf93c80f0,functions/Logic.java,service,cpu:=950000000  rt:=1001195865,cloudfunctions,00d087f5e04921ffa2ae878763f0217abb165fe4fe9a2e8a027ba11aed30e41dbddf4fc8615626ade2ce81a05b33cc0543a90b189fc41ef2749e7ddb07fe1c9b9eae6c,projects/modellearning/logs/run.googleapis.com%2Fstdout,,2024-02-29T20:25:37.621123383Z,sscartquery,northamerica-northeast1,modellearning,sscartquery-00011-jzl,sscartquery,cloud_run_revision,INFO,functions/Logic.java,2024-02-29T20:25:37.420476Z
65e0e84100058891ae1a8f86,functions/Logic.java,service,cpu:=1280000000  rt:=1352590476,cloudfunctions,00d087f5e0fb53247b367efd3d5bd3eb6ec2079ea1f90edc419a49866437bf458cfeca444aeaa3b7daf5636b05c06cb47d5f161f950d27b45213cc036890ef6262ebf3,projects/modellearning/logs/run.googleapis.com%2Fstdout,,2024-02-29T20:25:37.621123383Z,sscartquery,northamerica-northeast1,modellearning,sscartquery-00011-jzl,sscartquery,cloud_run_revision,INFO,functions/Logic.java,2024-02-29T20:25:37.362641Z
65e0e841000429770fec973b,functions/Logic.java,service,cpu:=1910000000  rt:=2033382416,cloudfunctions,00d087f5e025f1412d457ac9df76d9971bbb653901e64de3964b6771b432461e319b79b0f00c478208807a6c7a3fbf8874fe0596d4f63281afed598300217590a2678e,projects/modellearning/logs/run.googleapis.com%2Fstdout,,2024-02-29T20:25:37.288145020Z,sscartquery,northamerica-northeast1,modellearning,sscartquery-00011-jzl,sscartquery,cloud_run_revision,INFO,functions/Logic.java,2024-02-29T20:25:37.272759Z
65e0e8410000e815e06887fb,functions/Logic.java,service,cpu:=50000000  rt:=48814806,cloudfunctions,00d087f5e0c28364f40a88ea65440fad99d864800ea3cc4f8b70fe4c04ce8ea9bd6aa21cc40c9f2508c1dde8fc79b324f27e029f2d84aed35c039754a5d33a775a009f,projects/modellearning/logs/run.googleapis.com%2Fstdout,,2024-02-29T20:25:37.288145020Z,sscartquery,northamerica-northeast1,modellearning,sscartquery-00011-jzl,sscartquery,cloud_run_revision,INFO,functions/Logic.java,2024-02-29T20:25:37.059413Z
65e0e840000932486cac84b9,functions/Logic.java,service,cpu:=70000000  rt:=69829220,cloudfunctions,00d087f5e0b82d4393d4a7bbb7f14727933f8b96724a91b37d40394984760349848f0c657a1b55ad143d87d15617c08a8ba76acddb65a7eb3b550a40e4aceccdfb8d33,projects/modellearning/logs/run.googleapis.com%2Fstdout,,2024-02-29T20:25:36.623068883Z,sscartquery,northamerica-northeast1,modellearning,sscartquery-00011-jzl,sscartquery,cloud_run_revision,INFO,functions/Logic.java,2024-02-29T20:25:36.602696Z
65e0e840000772fb4c3dc903,functions/Logic.java,service,cpu:=820000000  rt:=868545107,cloudfunctions,00d087f5e0508b90f669d2e778e5edb119d2cf95bbdf1d474990a4029916e734b09cb9a2fbea2793facea51d590b84a7b32d827e55698dd1314956e833b1573e692dea,projects/modellearning/logs/run.googleapis.com%2Fstdout,,2024-02-29T20:25:36.623068883Z,sscartquery,northamerica-northeast1,modellearning,sscartquery-00011-jzl,sscartquery,cloud_run_revision,INFO,functions/Logic.java,2024-02-29T20:25:36.488187Z
65e0e8400006ae8859c8c07b,functions/Logic.java,service,cpu:=1180000000  rt:=1573373249,cloudfunctions,00d087f5e06379a276e4a585f3c5060b28341f9ba1aae00b35146eef3c6bfe293ee854779cb36f3cc9ba10b75867900165815dba5f5fb35677f9397372dd0e41039340,projects/modellearning/logs/run.googleapis.com%2Fstdout,,2024-02-29T20:25:36.623068883Z,sscartquery,northamerica-northeast1,modellearning,sscartquery-00011-jzl,sscartquery,cloud_run_revision,INFO,functions/Logic.java,2024-02-29T20:25:36.437896Z
65e0e8400004e3c3f6377222,functions/Logic.java,service,cpu:=560000000  rt:=579621077,cloudfunctions,00d087f5e0c28364f40a88ea65440fad99d864800ea3cc4f8b70fe4c04ce8ea9bd6aa21cc40c9f2508c1dde8fc79b324f27e029f2d84aed35c039754a5d33a775a009f,projects/modellearning/logs/run.googleapis.com%2Fstdout,,2024-02-29T20:25:36.623068883Z,sscartquery,northamerica-northeast1,modellearning,sscartquery-00011-jzl,sscartquery,cloud_run_revision,INFO,functions/Logic.java,2024-02-29T20:25:36.320451Z
65e0e84000008d46ace19200,functions/Logic.java,service,cpu:=90000000  rt:=92898076,cloudfunctions,00d087f5e0b82d4393d4a7bbb7f14727933f8b96724a91b37d40394984760349848f0c657a1b55ad143d87d15617c08a8ba76acddb65a7eb3b550a40e4aceccdfb8d33,projects/modellearning/logs/run.googleapis.com%2Fstdout,,2024-02-29T20:25:36.289303879Z,sscartquery,northamerica-northeast1,modellearning,sscartquery-00011-jzl,sscartquery,cloud_run_revision,INFO,functions/Logic.java,2024-02-29T20:25:36.036166Z
65e0e840000087b189dcfea8,functions/Logic.java,service,cpu:=130000000  rt:=141421105,cloudfunctions,00d087f5e096f10c047c63271bf3ad0a02126a02b2e38fa8048979e18ea67d746ffa403f88d9a80d0fd5b28bb55609f2a74100003294e282c98f0e4563ee611fd74e6e,projects/modellearning/logs/run.googleapis.com%2Fstdout,,2024-02-29T20:25:36.289303879Z,sscartquery,northamerica-northeast1,modellearning,sscartquery-00011-jzl,sscartquery,cloud_run_revision,INFO,functions/Logic.java,2024-02-29T20:25:36.034737Z
65e0e83f000e9d6c361bce54,functions/Logic.java,service,cpu:=310000000  rt:=342401234,cloudfunctions,00d087f5e0fb53247b367efd3d5bd3eb6ec2079ea1f90edc419a49866437bf458cfeca444aeaa3b7daf5636b05c06cb47d5f161f950d27b45213cc036890ef6262ebf3,projects/modellearning/logs/run.googleapis.com%2Fstdout,,2024-02-29T20:25:36.289303879Z,sscartquery,northamerica-northeast1,modellearning,sscartquery-00011-jzl,sscartquery,cloud_run_revision,INFO,functions/Logic.java,2024-02-29T20:25:35.957804Z
65e0e83f0009d195b49b65f1,functions/Logic.java,service,cpu:=750000000  rt:=1145846747,cloudfunctions,00d087f5e04921ffa2ae878763f0217abb165fe4fe9a2e8a027ba11aed30e41dbddf4fc8615626ade2ce81a05b33cc0543a90b189fc41ef2749e7ddb07fe1c9b9eae6c,projects/modellearning/logs/run.googleapis.com%2Fstdout,,2024-02-29T20:25:35.957157867Z,sscartquery,northamerica-northeast1,modellearning,sscartquery-00011-jzl,sscartquery,cloud_run_revision,INFO,functions/Logic.java,2024-02-29T20:25:35.643477Z
65e0e83f0007a7d4a95824fc,functions/Logic.java,service,cpu:=1810000000  rt:=1906832528,cloudfunctions,00d087f5e0b82d4393d4a7bbb7f14727933f8b96724a91b37d40394984760349848f0c657a1b55ad143d87d15617c08a8ba76acddb65a7eb3b550a40e4aceccdfb8d33,projects/modellearning/logs/run.googleapis.com%2Fstdout,,2024-02-29T20:25:35.623169483Z,sscartquery,northamerica-northeast1,modellearning,sscartquery-00011-jzl,sscartquery,cloud_run_revision,INFO,functions/Logic.java,2024-02-29T20:25:35.501716Z
65e0e83f0006d5ed041aa74c,functions/Logic.java,service,cpu:=-25080000000  rt:=583110513,cloudfunctions,00d087f5e06379a276e4a585f3c5060b28341f9ba1aae00b35146eef3c6bfe293ee854779cb36f3cc9ba10b75867900165815dba5f5fb35677f9397372dd0e41039340,projects/modellearning/logs/run.googleapis.com%2Fstdout,,2024-02-29T20:25:35.623169483Z,sscartquery,northamerica-northeast1,modellearning,sscartquery-00011-jzl,sscartquery,cloud_run_revision,INFO,functions/Logic.java,2024-02-29T20:25:35.447981Z
65e0e83f000638e139423aec,functions/Logic.java,service,cpu:=210000000  rt:=212920544,cloudfunctions,00d087f5e0931dfa9c28b1435b1edaff730b07b179f08d0ce6f7e181791dfaff7e1b3fe5d079114283831c72f18d89fc219db1445f90443b55b45100e3925c5e0fa32e,projects/modellearning/logs/run.googleapis.com%2Fstdout,,2024-02-29T20:25:35.623169483Z,sscartquery,northamerica-northeast1,modellearning,sscartquery-00011-jzl,sscartquery,cloud_run_revision,INFO,functions/Logic.java,2024-02-29T20:25:35.407777Z
65e0e83f00051b2dd2eac135,functions/Logic.java,service,cpu:=2340000000  rt:=2481227126,cloudfunctions,00d087f5e0fb53247b367efd3d5bd3eb6ec2079ea1f90edc419a49866437bf458cfeca444aeaa3b7daf5636b05c06cb47d5f161f950d27b45213cc036890ef6262ebf3,projects/modellearning/logs/run.googleapis.com%2Fstdout,,2024-02-29T20:25:35.623169483Z,sscartquery,northamerica-northeast1,modellearning,sscartquery-00011-jzl,sscartquery,cloud_run_revision,INFO,functions/Logic.java,2024-02-29T20:25:35.334637Z
65e0e83f00051b2c1f1e98f3,functions/Logic.java,service,cpu:=-1150000000  rt:=838379680,cloudfunctions,00d087f5e04921ffa2ae878763f0217abb165fe4fe9a2e8a027ba11aed30e41dbddf4fc8615626ade2ce81a05b33cc0543a90b189fc41ef2749e7ddb07fe1c9b9eae6c,projects/modellearning/logs/run.googleapis.com%2Fstdout,,2024-02-29T20:25:35.623169483Z,sscartquery,northamerica-northeast1,modellearning,sscartquery-00011-jzl,sscartquery,cloud_run_revision,INFO,functions/Logic.java,2024-02-29T20:25:35.334636Z
65e0e83f000404ddb680950f,functions/Logic.java,service,cpu:=110000000  rt:=105911580,cloudfunctions,00d087f5e096f10c047c63271bf3ad0a02126a02b2e38fa8048979e18ea67d746ffa403f88d9a80d0fd5b28bb55609f2a74100003294e282c98f0e4563ee611fd74e6e,projects/modellearning/logs/run.googleapis.com%2Fstdout,,2024-02-29T20:25:35.290152976Z,sscartquery,northamerica-northeast1,modellearning,sscartquery-00011-jzl,sscartquery,cloud_run_revision,INFO,functions/Logic.java,2024-02-29T20:25:35.263389Z
65e0e83f0003c0d0273cc061,functions/Logic.java,service,cpu:=-1740000000  rt:=987408115,cloudfunctions,00d087f5e0c28364f40a88ea65440fad99d864800ea3cc4f8b70fe4c04ce8ea9bd6aa21cc40c9f2508c1dde8fc79b324f27e029f2d84aed35c039754a5d33a775a009f,projects/modellearning/logs/run.googleapis.com%2Fstdout,,2024-02-29T20:25:35.290152976Z,sscartquery,northamerica-northeast1,modellearning,sscartquery-00011-jzl,sscartquery,cloud_run_revision,INFO,functions/Logic.java,2024-02-29T20:25:35.245968Z
65e0e83f000397cab1e4074f,functions/Logic.java,service,cpu:=1190000000  rt:=1256755122,cloudfunctions,00d087f5e0508b90f669d2e778e5edb119d2cf95bbdf1d474990a4029916e734b09cb9a2fbea2793facea51d590b84a7b32d827e55698dd1314956e833b1573e692dea,projects/modellearning/logs/run.googleapis.com%2Fstdout,,2024-02-29T20:25:35.290152976Z,sscartquery,northamerica-northeast1,modellearning,sscartquery-00011-jzl,sscartquery,cloud_run_revision,INFO,functions/Logic.java,2024-02-29T20:25:35.235466Z
65e0e83f00033b1b40cea119,functions/Logic.java,service,cpu:=440000000  rt:=455555795,cloudfunctions,00d087f5e025f1412d457ac9df76d9971bbb653901e64de3964b6771b432461e319b79b0f00c478208807a6c7a3fbf8874fe0596d4f63281afed598300217590a2678e,projects/modellearning/logs/run.googleapis.com%2Fstdout,,2024-02-29T20:25:35.290152976Z,sscartquery,northamerica-northeast1,modellearning,sscartquery-00011-jzl,sscartquery,cloud_run_revision,INFO,functions/Logic.java,2024-02-29T20:25:35.211739Z
65e0e83f0000f095e5a86847,functions/Logic.java,service,cpu:=2260000000  rt:=2354752919,cloudfunctions,00d087f5e096f10c047c63271bf3ad0a02126a02b2e38fa8048979e18ea67d746ffa403f88d9a80d0fd5b28bb55609f2a74100003294e282c98f0e4563ee611fd74e6e,projects/modellearning/logs/run.googleapis.com%2Fstdout,,2024-02-29T20:25:35.290152976Z,sscartquery,northamerica-northeast1,modellearning,sscartquery-00011-jzl,sscartquery,cloud_run_revision,INFO,functions/Logic.java,2024-02-29T20:25:35.061589Z
65e0e83e000d5d4ace7ba914,functions/Logic.java,service,cpu:=10910000000  rt:=3290759340,cloudfunctions,00d087f5e0d2ec86d3e5125cd7f8c8da0159c6c9245f96f8b661fd58a2c43ac7b7746cbd693c48c899aa0e18c79c8f6e29e46ee53925108e8c6a70ca451f1b05c9a9d7,projects/modellearning/logs/run.googleapis.com%2Fstdout,,2024-02-29T20:25:34.957178501Z,sscartquery,northamerica-northeast1,modellearning,sscartquery-00011-jzl,sscartquery,cloud_run_revision,INFO,functions/Logic.java,2024-02-29T20:25:34.875850Z
65e0e83e000a58873413f19f,functions/Logic.java,service,cpu:=770000000  rt:=810685149,cloudfunctions,00d087f5e025f1412d457ac9df76d9971bbb653901e64de3964b6771b432461e319b79b0f00c478208807a6c7a3fbf8874fe0596d4f63281afed598300217590a2678e,projects/modellearning/logs/run.googleapis.com%2Fstdout,,2024-02-29T20:25:34.957178501Z,sscartquery,northamerica-northeast1,modellearning,sscartquery-00011-jzl,sscartquery,cloud_run_revision,INFO,functions/Logic.java,2024-02-29T20:25:34.678023Z
65e0e83e000704f87e990d68,functions/Logic.java,service,cpu:=250000000  rt:=298156748,cloudfunctions,00d087f5e07bdae58c1f4da3364551cac54ac5362bf1a9581e7d4bf9a32f14aae9b89d873ef09e84a16dbd253a49be122c24eb757e668e06c6c2cc19262d914e45e911,projects/modellearning/logs/run.googleapis.com%2Fstdout,,2024-02-29T20:25:34.625268316Z,sscartquery,northamerica-northeast1,modellearning,sscartquery-00011-jzl,sscartquery,cloud_run_revision,INFO,functions/Logic.java,2024-02-29T20:25:34.460024Z
65e0e83e000645de2799d831,functions/Logic.java,service,cpu:=460000000  rt:=483905399,cloudfunctions,00d087f5e04921ffa2ae878763f0217abb165fe4fe9a2e8a027ba11aed30e41dbddf4fc8615626ade2ce81a05b33cc0543a90b189fc41ef2749e7ddb07fe1c9b9eae6c,projects/modellearning/logs/run.googleapis.com%2Fstdout,,2024-02-29T20:25:34.625268316Z,sscartquery,northamerica-northeast1,modellearning,sscartquery-00011-jzl,sscartquery,cloud_run_revision,INFO,functions/Logic.java,2024-02-29T20:25:34.411102Z
65e0e83e00056ab072777bb1,functions/Logic.java,service,cpu:=4470000000  rt:=2766369272,cloudfunctions,00d087f5e0d2ec86d3e5125cd7f8c8da0159c6c9245f96f8b661fd58a2c43ac7b7746cbd693c48c899aa0e18c79c8f6e29e46ee53925108e8c6a70ca451f1b05c9a9d7,projects/modellearning/logs/run.googleapis.com%2Fstdout,,2024-02-29T20:25:34.625268316Z,sscartquery,northamerica-northeast1,modellearning,sscartquery-00011-jzl,sscartquery,cloud_run_revision,INFO,functions/Logic.java,2024-02-29T20:25:34.354992Z
65e0e83e00051d31b771c6fd,functions/Logic.java,service,cpu:=70000000  rt:=76165381,cloudfunctions,00d087f5e0c28364f40a88ea65440fad99d864800ea3cc4f8b70fe4c04ce8ea9bd6aa21cc40c9f2508c1dde8fc79b324f27e029f2d84aed35c039754a5d33a775a009f,projects/modellearning/logs/run.googleapis.com%2Fstdout,,2024-02-29T20:25:34.625268316Z,sscartquery,northamerica-northeast1,modellearning,sscartquery-00011-jzl,sscartquery,cloud_run_revision,INFO,functions/Logic.java,2024-02-29T20:25:34.335153Z
65e0e83d000cc0884dbba4d3,functions/Logic.java,service,cpu:=-6700000000  rt:=4636222288,cloudfunctions,00d087f5e07bdae58c1f4da3364551cac54ac5362bf1a9581e7d4bf9a32f14aae9b89d873ef09e84a16dbd253a49be122c24eb757e668e06c6c2cc19262d914e45e911,projects/modellearning/logs/run.googleapis.com%2Fstdout,,2024-02-29T20:25:33.958981735Z,sscartquery,northamerica-northeast1,modellearning,sscartquery-00011-jzl,sscartquery,cloud_run_revision,INFO,functions/Logic.java,2024-02-29T20:25:33.835720Z
65e0e83d000b398b2a30cc3d,functions/Logic.java,service,cpu:=410000000  rt:=419150603,cloudfunctions,00d087f5e0508b90f669d2e778e5edb119d2cf95bbdf1d474990a4029916e734b09cb9a2fbea2793facea51d590b84a7b32d827e55698dd1314956e833b1573e692dea,projects/modellearning/logs/run.googleapis.com%2Fstdout,,2024-02-29T20:25:33.958981735Z,sscartquery,northamerica-northeast1,modellearning,sscartquery-00011-jzl,sscartquery,cloud_run_revision,INFO,functions/Logic.java,2024-02-29T20:25:33.735627Z
65e0e83d000adf4058fbd91c,functions/Logic.java,service,cpu:=110000000  rt:=103750828,cloudfunctions,00d087f5e04921ffa2ae878763f0217abb165fe4fe9a2e8a027ba11aed30e41dbddf4fc8615626ade2ce81a05b33cc0543a90b189fc41ef2749e7ddb07fe1c9b9eae6c,projects/modellearning/logs/run.googleapis.com%2Fstdout,,2024-02-29T20:25:33.958981735Z,sscartquery,northamerica-northeast1,modellearning,sscartquery-00011-jzl,sscartquery,cloud_run_revision,INFO,functions/Logic.java,2024-02-29T20:25:33.712512Z
65e0e83d0006d95571d89037,functions/Logic.java,service,cpu:=230000000  rt:=232840900,cloudfunctions,00d087f5e025f1412d457ac9df76d9971bbb653901e64de3964b6771b432461e319b79b0f00c478208807a6c7a3fbf8874fe0596d4f63281afed598300217590a2678e,projects/modellearning/logs/run.googleapis.com%2Fstdout,,2024-02-29T20:25:33.624947661Z,sscartquery,northamerica-northeast1,modellearning,sscartquery-00011-jzl,sscartquery,cloud_run_revision,INFO,functions/Logic.java,2024-02-29T20:25:33.448853Z
65e0e83d0006974a1c7a5c8d,functions/Logic.java,service,cpu:=40000000  rt:=35339143,cloudfunctions,00d087f5e06379a276e4a585f3c5060b28341f9ba1aae00b35146eef3c6bfe293ee854779cb36f3cc9ba10b75867900165815dba5f5fb35677f9397372dd0e41039340,projects/modellearning/logs/run.googleapis.com%2Fstdout,,2024-02-29T20:25:33.624947661Z,sscartquery,northamerica-northeast1,modellearning,sscartquery-00011-jzl,sscartquery,cloud_run_revision,INFO,functions/Logic.java,2024-02-29T20:25:33.431946Z
65e0e83d000595b68249e254,functions/Logic.java,service,cpu:=-3500000000  rt:=1959947438,cloudfunctions,00d087f5e04921ffa2ae878763f0217abb165fe4fe9a2e8a027ba11aed30e41dbddf4fc8615626ade2ce81a05b33cc0543a90b189fc41ef2749e7ddb07fe1c9b9eae6c,projects/modellearning/logs/run.googleapis.com%2Fstdout,,2024-02-29T20:25:33.624947661Z,sscartquery,northamerica-northeast1,modellearning,sscartquery-00011-jzl,sscartquery,cloud_run_revision,INFO,functions/Logic.java,2024-02-29T20:25:33.366006Z
65e0e83d000528f3da9b4af1,functions/Logic.java,service,cpu:=110000000  rt:=113110264,cloudfunctions,00d087f5e0b82d4393d4a7bbb7f14727933f8b96724a91b37d40394984760349848f0c657a1b55ad143d87d15617c08a8ba76acddb65a7eb3b550a40e4aceccdfb8d33,projects/modellearning/logs/run.googleapis.com%2Fstdout,,2024-02-29T20:25:33.624947661Z,sscartquery,northamerica-northeast1,modellearning,sscartquery-00011-jzl,sscartquery,cloud_run_revision,INFO,functions/Logic.java,2024-02-29T20:25:33.338163Z
65e0e83d000468c8f516f0bd,functions/Logic.java,service,cpu:=-18070000000  rt:=1483280608,cloudfunctions,00d087f5e06379a276e4a585f3c5060b28341f9ba1aae00b35146eef3c6bfe293ee854779cb36f3cc9ba10b75867900165815dba5f5fb35677f9397372dd0e41039340,projects/modellearning/logs/run.googleapis.com%2Fstdout,,2024-02-29T20:25:33.292042017Z,sscartquery,northamerica-northeast1,modellearning,sscartquery-00011-jzl,sscartquery,cloud_run_revision,INFO,functions/Logic.java,2024-02-29T20:25:33.288968Z
65e0e83d000452ec76c488d4,functions/Logic.java,service,cpu:=210000000  rt:=220350611,cloudfunctions,00d087f5e0508b90f669d2e778e5edb119d2cf95bbdf1d474990a4029916e734b09cb9a2fbea2793facea51d590b84a7b32d827e55698dd1314956e833b1573e692dea,projects/modellearning/logs/run.googleapis.com%2Fstdout,,2024-02-29T20:25:33.292042017Z,sscartquery,northamerica-northeast1,modellearning,sscartquery-00011-jzl,sscartquery,cloud_run_revision,INFO,functions/Logic.java,2024-02-29T20:25:33.283372Z
65e0e83d000340fd0741ebb9,functions/Logic.java,service,cpu:=1640000000  rt:=1744237606,cloudfunctions,00d087f5e0b82d4393d4a7bbb7f14727933f8b96724a91b37d40394984760349848f0c657a1b55ad143d87d15617c08a8ba76acddb65a7eb3b550a40e4aceccdfb8d33,projects/modellearning/logs/run.googleapis.com%2Fstdout,,2024-02-29T20:25:33.292042017Z,sscartquery,northamerica-northeast1,modellearning,sscartquery-00011-jzl,sscartquery,cloud_run_revision,INFO,functions/Logic.java,2024-02-29T20:25:33.213245Z
65e0e83d000159f0f8dab071,functions/Logic.java,service,cpu:=5830000000  rt:=6143456221,cloudfunctions,00d087f5e025f1412d457ac9df76d9971bbb653901e64de3964b6771b432461e319b79b0f00c478208807a6c7a3fbf8874fe0596d4f63281afed598300217590a2678e,projects/modellearning/logs/run.googleapis.com%2Fstdout,,2024-02-29T20:25:33.292042017Z,sscartquery,northamerica-northeast1,modellearning,sscartquery-00011-jzl,sscartquery,cloud_run_revision,INFO,functions/Logic.java,2024-02-29T20:25:33.088560Z
65e0e83c000efccc259a85d6,functions/Logic.java,service,cpu:=480000000  rt:=493470258,cloudfunctions,00d087f5e0c28364f40a88ea65440fad99d864800ea3cc4f8b70fe4c04ce8ea9bd6aa21cc40c9f2508c1dde8fc79b324f27e029f2d84aed35c039754a5d33a775a009f,projects/modellearning/logs/run.googleapis.com%2Fstdout,,2024-02-29T20:25:33.292042017Z,sscartquery,northamerica-northeast1,modellearning,sscartquery-00011-jzl,sscartquery,cloud_run_revision,INFO,functions/Logic.java,2024-02-29T20:25:32.982220Z
65e0e83c000c7433e974c76b,functions/Logic.java,service,cpu:=-24600000000  rt:=1793992463,cloudfunctions,00d087f5e0508b90f669d2e778e5edb119d2cf95bbdf1d474990a4029916e734b09cb9a2fbea2793facea51d590b84a7b32d827e55698dd1314956e833b1573e692dea,projects/modellearning/logs/run.googleapis.com%2Fstdout,,2024-02-29T20:25:32.959377142Z,sscartquery,northamerica-northeast1,modellearning,sscartquery-00011-jzl,sscartquery,cloud_run_revision,INFO,functions/Logic.java,2024-02-29T20:25:32.816179Z
65e0e83c000ba7c84e536b5f,functions/Logic.java,service,cpu:=320000000  rt:=335001383,cloudfunctions,00d087f5e0fb53247b367efd3d5bd3eb6ec2079ea1f90edc419a49866437bf458cfeca444aeaa3b7daf5636b05c06cb47d5f161f950d27b45213cc036890ef6262ebf3,projects/modellearning/logs/run.googleapis.com%2Fstdout,,2024-02-29T20:25:32.959377142Z,sscartquery,northamerica-northeast1,modellearning,sscartquery-00011-jzl,sscartquery,cloud_run_revision,INFO,functions/Logic.java,2024-02-29T20:25:32.763848Z
65e0e83c0008c3e285127dc9,functions/Logic.java,service,cpu:=3290000000  rt:=535912751,cloudfunctions,00d087f5e0931dfa9c28b1435b1edaff730b07b179f08d0ce6f7e181791dfaff7e1b3fe5d079114283831c72f18d89fc219db1445f90443b55b45100e3925c5e0fa32e,projects/modellearning/logs/run.googleapis.com%2Fstdout,,2024-02-29T20:25:32.626127153Z,sscartquery,northamerica-northeast1,modellearning,sscartquery-00011-jzl,sscartquery,cloud_run_revision,INFO,functions/Logic.java,2024-02-29T20:25:32.574434Z
65e0e83c0008882e8c1a74d8,functions/Logic.java,service,cpu:=520000000  rt:=1153002312,cloudfunctions,00d087f5e04921ffa2ae878763f0217abb165fe4fe9a2e8a027ba11aed30e41dbddf4fc8615626ade2ce81a05b33cc0543a90b189fc41ef2749e7ddb07fe1c9b9eae6c,projects/modellearning/logs/run.googleapis.com%2Fstdout,,2024-02-29T20:25:32.626127153Z,sscartquery,northamerica-northeast1,modellearning,sscartquery-00011-jzl,sscartquery,cloud_run_revision,INFO,functions/Logic.java,2024-02-29T20:25:32.559150Z
65e0e83c000662b28edc6046,functions/Logic.java,service,cpu:=330000000  rt:=354674120,cloudfunctions,00d087f5e096f10c047c63271bf3ad0a02126a02b2e38fa8048979e18ea67d746ffa403f88d9a80d0fd5b28bb55609f2a74100003294e282c98f0e4563ee611fd74e6e,projects/modellearning/logs/run.googleapis.com%2Fstdout,,2024-02-29T20:25:32.626127153Z,sscartquery,northamerica-northeast1,modellearning,sscartquery-00011-jzl,sscartquery,cloud_run_revision,INFO,functions/Logic.java,2024-02-29T20:25:32.418482Z
65e0e83c0003c75da25e571b,functions/Logic.java,service,cpu:=3970000000  rt:=842150884,cloudfunctions,00d087f5e04921ffa2ae878763f0217abb165fe4fe9a2e8a027ba11aed30e41dbddf4fc8615626ade2ce81a05b33cc0543a90b189fc41ef2749e7ddb07fe1c9b9eae6c,projects/modellearning/logs/run.googleapis.com%2Fstdout,,2024-02-29T20:25:32.293939259Z,sscartquery,northamerica-northeast1,modellearning,sscartquery-00011-jzl,sscartquery,cloud_run_revision,INFO,functions/Logic.java,2024-02-29T20:25:32.247645Z
65e0e83c00039623013dfbc4,functions/Logic.java,service,cpu:=1750000000  rt:=3036518354,cloudfunctions,00d087f5e07bdae58c1f4da3364551cac54ac5362bf1a9581e7d4bf9a32f14aae9b89d873ef09e84a16dbd253a49be122c24eb757e668e06c6c2cc19262d914e45e911,projects/modellearning/logs/run.googleapis.com%2Fstdout,,2024-02-29T20:25:32.293939259Z,sscartquery,northamerica-northeast1,modellearning,sscartquery-00011-jzl,sscartquery,cloud_run_revision,INFO,functions/Logic.java,2024-02-29T20:25:32.235043Z
65e0e83c000341ba859c4c21,functions/Logic.java,service,cpu:=50000000  rt:=48636714,cloudfunctions,00d087f5e0fb53247b367efd3d5bd3eb6ec2079ea1f90edc419a49866437bf458cfeca444aeaa3b7daf5636b05c06cb47d5f161f950d27b45213cc036890ef6262ebf3,projects/modellearning/logs/run.googleapis.com%2Fstdout,,2024-02-29T20:25:32.293939259Z,sscartquery,northamerica-northeast1,modellearning,sscartquery-00011-jzl,sscartquery,cloud_run_revision,INFO,functions/Logic.java,2024-02-29T20:25:32.213434Z
65e0e83c00028a594bc2c769,functions/Logic.java,service,cpu:=270000000  rt:=362672611,cloudfunctions,00d087f5e06379a276e4a585f3c5060b28341f9ba1aae00b35146eef3c6bfe293ee854779cb36f3cc9ba10b75867900165815dba5f5fb35677f9397372dd0e41039340,projects/modellearning/logs/run.googleapis.com%2Fstdout,,2024-02-29T20:25:32.293939259Z,sscartquery,northamerica-northeast1,modellearning,sscartquery-00011-jzl,sscartquery,cloud_run_revision,INFO,functions/Logic.java,2024-02-29T20:25:32.166489Z
65e0e83c000251ed48325105,functions/Logic.java,service,cpu:=100000000  rt:=108329899,cloudfunctions,00d087f5e0931dfa9c28b1435b1edaff730b07b179f08d0ce6f7e181791dfaff7e1b3fe5d079114283831c72f18d89fc219db1445f90443b55b45100e3925c5e0fa32e,projects/modellearning/logs/run.googleapis.com%2Fstdout,,2024-02-29T20:25:32.293939259Z,sscartquery,northamerica-northeast1,modellearning,sscartquery-00011-jzl,sscartquery,cloud_run_revision,INFO,functions/Logic.java,2024-02-29T20:25:32.152045Z
65e0e83c000239c1e28a4335,functions/Logic.java,service,cpu:=1360000000  rt:=1494515309,cloudfunctions,00d087f5e0c28364f40a88ea65440fad99d864800ea3cc4f8b70fe4c04ce8ea9bd6aa21cc40c9f2508c1dde8fc79b324f27e029f2d84aed35c039754a5d33a775a009f,projects/modellearning/logs/run.googleapis.com%2Fstdout,,2024-02-29T20:25:32.293939259Z,sscartquery,northamerica-northeast1,modellearning,sscartquery-00011-jzl,sscartquery,cloud_run_revision,INFO,functions/Logic.java,2024-02-29T20:25:32.145857Z
65e0e83c0001971c5d687001,functions/Logic.java,service,cpu:=1080000000  rt:=1142714687,cloudfunctions,00d087f5e0fb53247b367efd3d5bd3eb6ec2079ea1f90edc419a49866437bf458cfeca444aeaa3b7daf5636b05c06cb47d5f161f950d27b45213cc036890ef6262ebf3,projects/modellearning/logs/run.googleapis.com%2Fstdout,,2024-02-29T20:25:32.293939259Z,sscartquery,northamerica-northeast1,modellearning,sscartquery-00011-jzl,sscartquery,cloud_run_revision,INFO,functions/Logic.java,2024-02-29T20:25:32.104220Z
65e0e83c0000c55cd4a9fdeb,functions/Logic.java,service,cpu:=14350000000  rt:=2817880297,cloudfunctions,00d087f5e096f10c047c63271bf3ad0a02126a02b2e38fa8048979e18ea67d746ffa403f88d9a80d0fd5b28bb55609f2a74100003294e282c98f0e4563ee611fd74e6e,projects/modellearning/logs/run.googleapis.com%2Fstdout,,2024-02-29T20:25:32.293939259Z,sscartquery,northamerica-northeast1,modellearning,sscartquery-00011-jzl,sscartquery,cloud_run_revision,INFO,functions/Logic.java,2024-02-29T20:25:32.050524Z
65e0e83b000d4bd01040a6f4,functions/Logic.java,service,cpu:=600000000  rt:=849101125,cloudfunctions,00d087f5e0508b90f669d2e778e5edb119d2cf95bbdf1d474990a4029916e734b09cb9a2fbea2793facea51d590b84a7b32d827e55698dd1314956e833b1573e692dea,projects/modellearning/logs/run.googleapis.com%2Fstdout,,2024-02-29T20:25:31.961436220Z,sscartquery,northamerica-northeast1,modellearning,sscartquery-00011-jzl,sscartquery,cloud_run_revision,INFO,functions/Logic.java,2024-02-29T20:25:31.871376Z
65e0e83b000b54ee1d39cae5,functions/Logic.java,service,cpu:=40000000  rt:=62485603,cloudfunctions,00d087f5e06379a276e4a585f3c5060b28341f9ba1aae00b35146eef3c6bfe293ee854779cb36f3cc9ba10b75867900165815dba5f5fb35677f9397372dd0e41039340,projects/modellearning/logs/run.googleapis.com%2Fstdout,,2024-02-29T20:25:31.961436220Z,sscartquery,northamerica-northeast1,modellearning,sscartquery-00011-jzl,sscartquery,cloud_run_revision,INFO,functions/Logic.java,2024-02-29T20:25:31.742638Z
65e0e83b0009b1bd5162b372,functions/Logic.java,service,cpu:=19750000000  rt:=460792477,cloudfunctions,00d087f5e06379a276e4a585f3c5060b28341f9ba1aae00b35146eef3c6bfe293ee854779cb36f3cc9ba10b75867900165815dba5f5fb35677f9397372dd0e41039340,projects/modellearning/logs/run.googleapis.com%2Fstdout,,2024-02-29T20:25:31.961436220Z,sscartquery,northamerica-northeast1,modellearning,sscartquery-00011-jzl,sscartquery,cloud_run_revision,INFO,functions/Logic.java,2024-02-29T20:25:31.635325Z
65e0e83b0006e5c06077e5e6,functions/Logic.java,service,cpu:=420000000  rt:=438745557,cloudfunctions,00d087f5e0b82d4393d4a7bbb7f14727933f8b96724a91b37d40394984760349848f0c657a1b55ad143d87d15617c08a8ba76acddb65a7eb3b550a40e4aceccdfb8d33,projects/modellearning/logs/run.googleapis.com%2Fstdout,,2024-02-29T20:25:31.627721491Z,sscartquery,northamerica-northeast1,modellearning,sscartquery-00011-jzl,sscartquery,cloud_run_revision,INFO,functions/Logic.java,2024-02-29T20:25:31.452032Z
65e0e83a000dd46bffe46e00,functions/Logic.java,service,cpu:=960000000  rt:=1067786398,cloudfunctions,00d087f5e0fb53247b367efd3d5bd3eb6ec2079ea1f90edc419a49866437bf458cfeca444aeaa3b7daf5636b05c06cb47d5f161f950d27b45213cc036890ef6262ebf3,projects/modellearning/logs/run.googleapis.com%2Fstdout,,2024-02-29T20:25:30.960769524Z,sscartquery,northamerica-northeast1,modellearning,sscartquery-00011-jzl,sscartquery,cloud_run_revision,INFO,functions/Logic.java,2024-02-29T20:25:30.906347Z
65e0e83a0008461ff79fafb3,functions/Logic.java,service,cpu:=2740000000  rt:=2888834710,cloudfunctions,00d087f5e0b82d4393d4a7bbb7f14727933f8b96724a91b37d40394984760349848f0c657a1b55ad143d87d15617c08a8ba76acddb65a7eb3b550a40e4aceccdfb8d33,projects/modellearning/logs/run.googleapis.com%2Fstdout,,2024-02-29T20:25:30.627898431Z,sscartquery,northamerica-northeast1,modellearning,sscartquery-00011-jzl,sscartquery,cloud_run_revision,INFO,functions/Logic.java,2024-02-29T20:25:30.542239Z
65e0e83a0007b4fed0578148,functions/Logic.java,service,cpu:=420000000  rt:=452971331,cloudfunctions,00d087f5e0c28364f40a88ea65440fad99d864800ea3cc4f8b70fe4c04ce8ea9bd6aa21cc40c9f2508c1dde8fc79b324f27e029f2d84aed35c039754a5d33a775a009f,projects/modellearning/logs/run.googleapis.com%2Fstdout,,2024-02-29T20:25:30.627898431Z,sscartquery,northamerica-northeast1,modellearning,sscartquery-00011-jzl,sscartquery,cloud_run_revision,INFO,functions/Logic.java,2024-02-29T20:25:30.505086Z
65e0e83a00020daf339189a7,functions/Logic.java,service,cpu:=460000000  rt:=475936028,cloudfunctions,00d087f5e06379a276e4a585f3c5060b28341f9ba1aae00b35146eef3c6bfe293ee854779cb36f3cc9ba10b75867900165815dba5f5fb35677f9397372dd0e41039340,projects/modellearning/logs/run.googleapis.com%2Fstdout,,2024-02-29T20:25:30.290559603Z,sscartquery,northamerica-northeast1,modellearning,sscartquery-00011-jzl,sscartquery,cloud_run_revision,INFO,functions/Logic.java,2024-02-29T20:25:30.134575Z
65e0e839000d59ad75949f3d,functions/Logic.java,service,cpu:=310000000  rt:=643495418,cloudfunctions,00d087f5e096f10c047c63271bf3ad0a02126a02b2e38fa8048979e18ea67d746ffa403f88d9a80d0fd5b28bb55609f2a74100003294e282c98f0e4563ee611fd74e6e,projects/modellearning/logs/run.googleapis.com%2Fstdout,,2024-02-29T20:25:29.957655885Z,sscartquery,northamerica-northeast1,modellearning,sscartquery-00011-jzl,sscartquery,cloud_run_revision,INFO,functions/Logic.java,2024-02-29T20:25:29.874925Z
65e0e839000ae81ba9f401b2,functions/Logic.java,service,cpu:=800000000  rt:=825256119,cloudfunctions,00d087f5e04921ffa2ae878763f0217abb165fe4fe9a2e8a027ba11aed30e41dbddf4fc8615626ade2ce81a05b33cc0543a90b189fc41ef2749e7ddb07fe1c9b9eae6c,projects/modellearning/logs/run.googleapis.com%2Fstdout,,2024-02-29T20:25:29.957655885Z,sscartquery,northamerica-northeast1,modellearning,sscartquery-00011-jzl,sscartquery,cloud_run_revision,INFO,functions/Logic.java,2024-02-29T20:25:29.714779Z
65e0e839000ad0f421de9fd0,functions/Logic.java,service,cpu:=640000000  rt:=698142650,cloudfunctions,00d087f5e0fb53247b367efd3d5bd3eb6ec2079ea1f90edc419a49866437bf458cfeca444aeaa3b7daf5636b05c06cb47d5f161f950d27b45213cc036890ef6262ebf3,projects/modellearning/logs/run.googleapis.com%2Fstdout,,2024-02-29T20:25:29.957655885Z,sscartquery,northamerica-northeast1,modellearning,sscartquery-00011-jzl,sscartquery,cloud_run_revision,INFO,functions/Logic.java,2024-02-29T20:25:29.708852Z
65e0e839000ace0b00842bec,functions/Logic.java,service,cpu:=180000000  rt:=176991237,cloudfunctions,00d087f5e0508b90f669d2e778e5edb119d2cf95bbdf1d474990a4029916e734b09cb9a2fbea2793facea51d590b84a7b32d827e55698dd1314956e833b1573e692dea,projects/modellearning/logs/run.googleapis.com%2Fstdout,,2024-02-29T20:25:29.957655885Z,sscartquery,northamerica-northeast1,modellearning,sscartquery-00011-jzl,sscartquery,cloud_run_revision,INFO,functions/Logic.java,2024-02-29T20:25:29.708107Z
65e0e839000a4a093a61f9bd,functions/Logic.java,service,cpu:=140000000  rt:=137442373,cloudfunctions,00d087f5e0c28364f40a88ea65440fad99d864800ea3cc4f8b70fe4c04ce8ea9bd6aa21cc40c9f2508c1dde8fc79b324f27e029f2d84aed35c039754a5d33a775a009f,projects/modellearning/logs/run.googleapis.com%2Fstdout,,2024-02-29T20:25:29.957655885Z,sscartquery,northamerica-northeast1,modellearning,sscartquery-00011-jzl,sscartquery,cloud_run_revision,INFO,functions/Logic.java,2024-02-29T20:25:29.674313Z
65e0e8390007efd7f3e3237d,functions/Logic.java,service,cpu:=620000000  rt:=651204417,cloudfunctions,00d087f5e06379a276e4a585f3c5060b28341f9ba1aae00b35146eef3c6bfe293ee854779cb36f3cc9ba10b75867900165815dba5f5fb35677f9397372dd0e41039340,projects/modellearning/logs/run.googleapis.com%2Fstdout,,2024-02-29T20:25:29.625216532Z,sscartquery,northamerica-northeast1,modellearning,sscartquery-00011-jzl,sscartquery,cloud_run_revision,INFO,functions/Logic.java,2024-02-29T20:25:29.520151Z
65e0e8390006ed171743964a,functions/Logic.java,service,cpu:=400000000  rt:=420670665,cloudfunctions,00d087f5e0c28364f40a88ea65440fad99d864800ea3cc4f8b70fe4c04ce8ea9bd6aa21cc40c9f2508c1dde8fc79b324f27e029f2d84aed35c039754a5d33a775a009f,projects/modellearning/logs/run.googleapis.com%2Fstdout,,2024-02-29T20:25:29.625216532Z,sscartquery,northamerica-northeast1,modellearning,sscartquery-00011-jzl,sscartquery,cloud_run_revision,INFO,functions/Logic.java,2024-02-29T20:25:29.453911Z
65e0e8390006b8f85941d0c6,functions/Logic.java,service,cpu:=2310000000  rt:=2419698140,cloudfunctions,00d087f5e0508b90f669d2e778e5edb119d2cf95bbdf1d474990a4029916e734b09cb9a2fbea2793facea51d590b84a7b32d827e55698dd1314956e833b1573e692dea,projects/modellearning/logs/run.googleapis.com%2Fstdout,,2024-02-29T20:25:29.625216532Z,sscartquery,northamerica-northeast1,modellearning,sscartquery-00011-jzl,sscartquery,cloud_run_revision,INFO,functions/Logic.java,2024-02-29T20:25:29.440568Z
65e0e838000f155f05831b1b,functions/Logic.java,service,cpu:=120000000  rt:=128947047,cloudfunctions,00d087f5e0fb53247b367efd3d5bd3eb6ec2079ea1f90edc419a49866437bf458cfeca444aeaa3b7daf5636b05c06cb47d5f161f950d27b45213cc036890ef6262ebf3,projects/modellearning/logs/run.googleapis.com%2Fstdout,,2024-02-29T20:25:29.291641394Z,sscartquery,northamerica-northeast1,modellearning,sscartquery-00011-jzl,sscartquery,cloud_run_revision,INFO,functions/Logic.java,2024-02-29T20:25:28.988511Z
65e0e838000dda1985c72bee,functions/Logic.java,service,cpu:=490000000  rt:=518973625,cloudfunctions,00d087f5e096f10c047c63271bf3ad0a02126a02b2e38fa8048979e18ea67d746ffa403f88d9a80d0fd5b28bb55609f2a74100003294e282c98f0e4563ee611fd74e6e,projects/modellearning/logs/run.googleapis.com%2Fstdout,,2024-02-29T20:25:28.958705554Z,sscartquery,northamerica-northeast1,modellearning,sscartquery-00011-jzl,sscartquery,cloud_run_revision,INFO,functions/Logic.java,2024-02-29T20:25:28.907801Z
65e0e838000d89a669114a27,functions/Logic.java,service,cpu:=910000000  rt:=1802221601,cloudfunctions,00d087f5e0c28364f40a88ea65440fad99d864800ea3cc4f8b70fe4c04ce8ea9bd6aa21cc40c9f2508c1dde8fc79b324f27e029f2d84aed35c039754a5d33a775a009f,projects/modellearning/logs/run.googleapis.com%2Fstdout,,2024-02-29T20:25:28.958705554Z,sscartquery,northamerica-northeast1,modellearning,sscartquery-00011-jzl,sscartquery,cloud_run_revision,INFO,functions/Logic.java,2024-02-29T20:25:28.887206Z
65e0e8380008386188574026,functions/Logic.java,service,cpu:=780000000  rt:=841988805,cloudfunctions,00d087f5e04921ffa2ae878763f0217abb165fe4fe9a2e8a027ba11aed30e41dbddf4fc8615626ade2ce81a05b33cc0543a90b189fc41ef2749e7ddb07fe1c9b9eae6c,projects/modellearning/logs/run.googleapis.com%2Fstdout,,2024-02-29T20:25:28.625777530Z,sscartquery,northamerica-northeast1,modellearning,sscartquery-00011-jzl,sscartquery,cloud_run_revision,INFO,functions/Logic.java,2024-02-29T20:25:28.538721Z
65e0e838000827a16520eaeb,functions/Logic.java,service,cpu:=460000000  rt:=495046637,cloudfunctions,00d087f5e0fb53247b367efd3d5bd3eb6ec2079ea1f90edc419a49866437bf458cfeca444aeaa3b7daf5636b05c06cb47d5f161f950d27b45213cc036890ef6262ebf3,projects/modellearning/logs/run.googleapis.com%2Fstdout,,2024-02-29T20:25:28.625777530Z,sscartquery,northamerica-northeast1,modellearning,sscartquery-00011-jzl,sscartquery,cloud_run_revision,INFO,functions/Logic.java,2024-02-29T20:25:28.534433Z
65e0e8380004b3e0eb21eee3,functions/Logic.java,service,cpu:=570000000  rt:=581047382,cloudfunctions,00d087f5e06379a276e4a585f3c5060b28341f9ba1aae00b35146eef3c6bfe293ee854779cb36f3cc9ba10b75867900165815dba5f5fb35677f9397372dd0e41039340,projects/modellearning/logs/run.googleapis.com%2Fstdout,,2024-02-29T20:25:28.625777530Z,sscartquery,northamerica-northeast1,modellearning,sscartquery-00011-jzl,sscartquery,cloud_run_revision,INFO,functions/Logic.java,2024-02-29T20:25:28.308192Z
65e0e8380003a9b97f1894ba,functions/Logic.java,service,cpu:=4100000000  rt:=1169184238,cloudfunctions,00d087f5e096f10c047c63271bf3ad0a02126a02b2e38fa8048979e18ea67d746ffa403f88d9a80d0fd5b28bb55609f2a74100003294e282c98f0e4563ee611fd74e6e,projects/modellearning/logs/run.googleapis.com%2Fstdout,,2024-02-29T20:25:28.293534324Z,sscartquery,northamerica-northeast1,modellearning,sscartquery-00011-jzl,sscartquery,cloud_run_revision,INFO,functions/Logic.java,2024-02-29T20:25:28.240057Z
65e0e8380002ab688c019fd9,functions/Logic.java,service,cpu:=60000000  rt:=54578760,cloudfunctions,00d087f5e07bdae58c1f4da3364551cac54ac5362bf1a9581e7d4bf9a32f14aae9b89d873ef09e84a16dbd253a49be122c24eb757e668e06c6c2cc19262d914e45e911,projects/modellearning/logs/run.googleapis.com%2Fstdout,,2024-02-29T20:25:28.293534324Z,sscartquery,northamerica-northeast1,modellearning,sscartquery-00011-jzl,sscartquery,cloud_run_revision,INFO,functions/Logic.java,2024-02-29T20:25:28.174952Z
65e0e8380001e37609858439,functions/Logic.java,service,cpu:=-3030000000  rt:=3532105,cloudfunctions,00d087f5e07bdae58c1f4da3364551cac54ac5362bf1a9581e7d4bf9a32f14aae9b89d873ef09e84a16dbd253a49be122c24eb757e668e06c6c2cc19262d914e45e911,projects/modellearning/logs/run.googleapis.com%2Fstdout,,2024-02-29T20:25:28.293534324Z,sscartquery,northamerica-northeast1,modellearning,sscartquery-00011-jzl,sscartquery,cloud_run_revision,INFO,functions/Logic.java,2024-02-29T20:25:28.123766Z
65e0e837000efe1fbad5e1e0,functions/Logic.java,service,cpu:=11340000000  rt:=1865673859,cloudfunctions,00d087f5e0fb53247b367efd3d5bd3eb6ec2079ea1f90edc419a49866437bf458cfeca444aeaa3b7daf5636b05c06cb47d5f161f950d27b45213cc036890ef6262ebf3,projects/modellearning/logs/run.googleapis.com%2Fstdout,,2024-02-29T20:25:28.293534324Z,sscartquery,northamerica-northeast1,modellearning,sscartquery-00011-jzl,sscartquery,cloud_run_revision,INFO,functions/Logic.java,2024-02-29T20:25:27.982559Z
65e0e837000e453688302374,functions/Logic.java,service,cpu:=350000000  rt:=367447831,cloudfunctions,00d087f5e07bdae58c1f4da3364551cac54ac5362bf1a9581e7d4bf9a32f14aae9b89d873ef09e84a16dbd253a49be122c24eb757e668e06c6c2cc19262d914e45e911,projects/modellearning/logs/run.googleapis.com%2Fstdout,,2024-02-29T20:25:27.959804477Z,sscartquery,northamerica-northeast1,modellearning,sscartquery-00011-jzl,sscartquery,cloud_run_revision,INFO,functions/Logic.java,2024-02-29T20:25:27.935222Z
65e0e837000bdcbc82c6e2d0,functions/Logic.java,service,cpu:=420000000  rt:=691672495,cloudfunctions,00d087f5e0c28364f40a88ea65440fad99d864800ea3cc4f8b70fe4c04ce8ea9bd6aa21cc40c9f2508c1dde8fc79b324f27e029f2d84aed35c039754a5d33a775a009f,projects/modellearning/logs/run.googleapis.com%2Fstdout,,2024-02-29T20:25:27.959804477Z,sscartquery,northamerica-northeast1,modellearning,sscartquery-00011-jzl,sscartquery,cloud_run_revision,INFO,functions/Logic.java,2024-02-29T20:25:27.777404Z
65e0e837000a0ddd08d5a303,functions/Logic.java,service,cpu:=50000000  rt:=47460921,cloudfunctions,00d087f5e06379a276e4a585f3c5060b28341f9ba1aae00b35146eef3c6bfe293ee854779cb36f3cc9ba10b75867900165815dba5f5fb35677f9397372dd0e41039340,projects/modellearning/logs/run.googleapis.com%2Fstdout,,2024-02-29T20:25:27.959804477Z,sscartquery,northamerica-northeast1,modellearning,sscartquery-00011-jzl,sscartquery,cloud_run_revision,INFO,functions/Logic.java,2024-02-29T20:25:27.658909Z
65e0e8370008e06a662a73c5,functions/Logic.java,service,cpu:=360000000  rt:=507532178,cloudfunctions,00d087f5e096f10c047c63271bf3ad0a02126a02b2e38fa8048979e18ea67d746ffa403f88d9a80d0fd5b28bb55609f2a74100003294e282c98f0e4563ee611fd74e6e,projects/modellearning/logs/run.googleapis.com%2Fstdout,,2024-02-29T20:25:27.626528584Z,sscartquery,northamerica-northeast1,modellearning,sscartquery-00011-jzl,sscartquery,cloud_run_revision,INFO,functions/Logic.java,2024-02-29T20:25:27.581738Z
65e0e8370006d751dacca3e9,functions/Logic.java,service,cpu:=880000000  rt:=915532254,cloudfunctions,00d087f5e04921ffa2ae878763f0217abb165fe4fe9a2e8a027ba11aed30e41dbddf4fc8615626ade2ce81a05b33cc0543a90b189fc41ef2749e7ddb07fe1c9b9eae6c,projects/modellearning/logs/run.googleapis.com%2Fstdout,,2024-02-29T20:25:27.626528584Z,sscartquery,northamerica-northeast1,modellearning,sscartquery-00011-jzl,sscartquery,cloud_run_revision,INFO,functions/Logic.java,2024-02-29T20:25:27.448337Z
65e0e8370006a916da2a9503,functions/Logic.java,service,cpu:=720000000  rt:=772148090,cloudfunctions,00d087f5e0b82d4393d4a7bbb7f14727933f8b96724a91b37d40394984760349848f0c657a1b55ad143d87d15617c08a8ba76acddb65a7eb3b550a40e4aceccdfb8d33,projects/modellearning/logs/run.googleapis.com%2Fstdout,,2024-02-29T20:25:27.626528584Z,sscartquery,northamerica-northeast1,modellearning,sscartquery-00011-jzl,sscartquery,cloud_run_revision,INFO,functions/Logic.java,2024-02-29T20:25:27.436502Z
65e0e83700056af6b8a87b9a,functions/Logic.java,service,cpu:=680000000  rt:=701985099,cloudfunctions,00d087f5e06379a276e4a585f3c5060b28341f9ba1aae00b35146eef3c6bfe293ee854779cb36f3cc9ba10b75867900165815dba5f5fb35677f9397372dd0e41039340,projects/modellearning/logs/run.googleapis.com%2Fstdout,,2024-02-29T20:25:27.626528584Z,sscartquery,northamerica-northeast1,modellearning,sscartquery-00011-jzl,sscartquery,cloud_run_revision,INFO,functions/Logic.java,2024-02-29T20:25:27.355062Z
65e0e83700044a7b335deb6e,functions/Logic.java,service,cpu:=9400000000  rt:=206888556,cloudfunctions,00d087f5e07bdae58c1f4da3364551cac54ac5362bf1a9581e7d4bf9a32f14aae9b89d873ef09e84a16dbd253a49be122c24eb757e668e06c6c2cc19262d914e45e911,projects/modellearning/logs/run.googleapis.com%2Fstdout,,2024-02-29T20:25:27.293529790Z,sscartquery,northamerica-northeast1,modellearning,sscartquery-00011-jzl,sscartquery,cloud_run_revision,INFO,functions/Logic.java,2024-02-29T20:25:27.281211Z
65e0e83700020e366aa0bc8a,functions/Logic.java,service,cpu:=40000000  rt:=65958078,cloudfunctions,00d087f5e07bdae58c1f4da3364551cac54ac5362bf1a9581e7d4bf9a32f14aae9b89d873ef09e84a16dbd253a49be122c24eb757e668e06c6c2cc19262d914e45e911,projects/modellearning/logs/run.googleapis.com%2Fstdout,,2024-02-29T20:25:27.293529790Z,sscartquery,northamerica-northeast1,modellearning,sscartquery-00011-jzl,sscartquery,cloud_run_revision,INFO,functions/Logic.java,2024-02-29T20:25:27.134710Z
65e0e8370000884dd15478a0,functions/Logic.java,service,cpu:=530000000  rt:=918188859,cloudfunctions,00d087f5e0fb53247b367efd3d5bd3eb6ec2079ea1f90edc419a49866437bf458cfeca444aeaa3b7daf5636b05c06cb47d5f161f950d27b45213cc036890ef6262ebf3,projects/modellearning/logs/run.googleapis.com%2Fstdout,,2024-02-29T20:25:27.293529790Z,sscartquery,northamerica-northeast1,modellearning,sscartquery-00011-jzl,sscartquery,cloud_run_revision,INFO,functions/Logic.java,2024-02-29T20:25:27.034893Z
65e0e836000e4f8569fc844b,functions/Logic.java,service,cpu:=490000000  rt:=520165693,cloudfunctions,00d087f5e0508b90f669d2e778e5edb119d2cf95bbdf1d474990a4029916e734b09cb9a2fbea2793facea51d590b84a7b32d827e55698dd1314956e833b1573e692dea,projects/modellearning/logs/run.googleapis.com%2Fstdout,,2024-02-29T20:25:26.960587471Z,sscartquery,northamerica-northeast1,modellearning,sscartquery-00011-jzl,sscartquery,cloud_run_revision,INFO,functions/Logic.java,2024-02-29T20:25:26.937861Z
65e0e8360009fb5bc8ad7def,functions/Logic.java,service,cpu:=2090000000  rt:=2170349767,cloudfunctions,00d087f5e025f1412d457ac9df76d9971bbb653901e64de3964b6771b432461e319b79b0f00c478208807a6c7a3fbf8874fe0596d4f63281afed598300217590a2678e,projects/modellearning/logs/run.googleapis.com%2Fstdout,,2024-02-29T20:25:26.960587471Z,sscartquery,northamerica-northeast1,modellearning,sscartquery-00011-jzl,sscartquery,cloud_run_revision,INFO,functions/Logic.java,2024-02-29T20:25:26.654171Z
65e0e83600039841e1bf6f1c,functions/Logic.java,service,cpu:=100000000  rt:=103585882,cloudfunctions,00d087f5e096f10c047c63271bf3ad0a02126a02b2e38fa8048979e18ea67d746ffa403f88d9a80d0fd5b28bb55609f2a74100003294e282c98f0e4563ee611fd74e6e,projects/modellearning/logs/run.googleapis.com%2Fstdout,,2024-02-29T20:25:26.295137676Z,sscartquery,northamerica-northeast1,modellearning,sscartquery-00011-jzl,sscartquery,cloud_run_revision,INFO,functions/Logic.java,2024-02-29T20:25:26.235585Z
65e0e8360001c781ea284944,functions/Logic.java,service,cpu:=2530000000  rt:=2655256484,cloudfunctions,00d087f5e0b82d4393d4a7bbb7f14727933f8b96724a91b37d40394984760349848f0c657a1b55ad143d87d15617c08a8ba76acddb65a7eb3b550a40e4aceccdfb8d33,projects/modellearning/logs/run.googleapis.com%2Fstdout,,2024-02-29T20:25:26.295137676Z,sscartquery,northamerica-northeast1,modellearning,sscartquery-00011-jzl,sscartquery,cloud_run_revision,INFO,functions/Logic.java,2024-02-29T20:25:26.116609Z
65e0e8360000e6bd2b89d8b1,functions/Logic.java,service,cpu:=230000000  rt:=243598861,cloudfunctions,00d087f5e06379a276e4a585f3c5060b28341f9ba1aae00b35146eef3c6bfe293ee854779cb36f3cc9ba10b75867900165815dba5f5fb35677f9397372dd0e41039340,projects/modellearning/logs/run.googleapis.com%2Fstdout,,2024-02-29T20:25:26.295137676Z,sscartquery,northamerica-northeast1,modellearning,sscartquery-00011-jzl,sscartquery,cloud_run_revision,INFO,functions/Logic.java,2024-02-29T20:25:26.059069Z
65e0e835000f118f5a51c222,functions/Logic.java,service,cpu:=230000000  rt:=247369315,cloudfunctions,00d087f5e0c28364f40a88ea65440fad99d864800ea3cc4f8b70fe4c04ce8ea9bd6aa21cc40c9f2508c1dde8fc79b324f27e029f2d84aed35c039754a5d33a775a009f,projects/modellearning/logs/run.googleapis.com%2Fstdout,,2024-02-29T20:25:26.295137676Z,sscartquery,northamerica-northeast1,modellearning,sscartquery-00011-jzl,sscartquery,cloud_run_revision,INFO,functions/Logic.java,2024-02-29T20:25:25.987535Z
65e0e835000d1a2dcf198fb6,functions/Logic.java,service,cpu:=1890000000  rt:=1946241655,cloudfunctions,00d087f5e04921ffa2ae878763f0217abb165fe4fe9a2e8a027ba11aed30e41dbddf4fc8615626ade2ce81a05b33cc0543a90b189fc41ef2749e7ddb07fe1c9b9eae6c,projects/modellearning/logs/run.googleapis.com%2Fstdout,,2024-02-29T20:25:25.962614875Z,sscartquery,northamerica-northeast1,modellearning,sscartquery-00011-jzl,sscartquery,cloud_run_revision,INFO,functions/Logic.java,2024-02-29T20:25:25.858669Z
65e0e835000b5d10ed9bcc9d,functions/Logic.java,service,cpu:=20000000  rt:=19605764,cloudfunctions,00d087f5e07bdae58c1f4da3364551cac54ac5362bf1a9581e7d4bf9a32f14aae9b89d873ef09e84a16dbd253a49be122c24eb757e668e06c6c2cc19262d914e45e911,projects/modellearning/logs/run.googleapis.com%2Fstdout,,2024-02-29T20:25:25.962614875Z,sscartquery,northamerica-northeast1,modellearning,sscartquery-00011-jzl,sscartquery,cloud_run_revision,INFO,functions/Logic.java,2024-02-29T20:25:25.744720Z
65e0e83500096413790fe529,functions/Logic.java,service,cpu:=1820000000  rt:=1897951571,cloudfunctions,00d087f5e0508b90f669d2e778e5edb119d2cf95bbdf1d474990a4029916e734b09cb9a2fbea2793facea51d590b84a7b32d827e55698dd1314956e833b1573e692dea,projects/modellearning/logs/run.googleapis.com%2Fstdout,,2024-02-29T20:25:25.629618373Z,sscartquery,northamerica-northeast1,modellearning,sscartquery-00011-jzl,sscartquery,cloud_run_revision,INFO,functions/Logic.java,2024-02-29T20:25:25.615443Z
65e0e835000950672a4f1ef7,functions/Logic.java,service,cpu:=90000000  rt:=100719937,cloudfunctions,00d087f5e096f10c047c63271bf3ad0a02126a02b2e38fa8048979e18ea67d746ffa403f88d9a80d0fd5b28bb55609f2a74100003294e282c98f0e4563ee611fd74e6e,projects/modellearning/logs/run.googleapis.com%2Fstdout,,2024-02-29T20:25:25.629618373Z,sscartquery,northamerica-northeast1,modellearning,sscartquery-00011-jzl,sscartquery,cloud_run_revision,INFO,functions/Logic.java,2024-02-29T20:25:25.610407Z
65e0e83500094d2d7bd7bae4,functions/Logic.java,service,cpu:=340000000  rt:=389362532,cloudfunctions,00d087f5e06379a276e4a585f3c5060b28341f9ba1aae00b35146eef3c6bfe293ee854779cb36f3cc9ba10b75867900165815dba5f5fb35677f9397372dd0e41039340,projects/modellearning/logs/run.googleapis.com%2Fstdout,,2024-02-29T20:25:25.629618373Z,sscartquery,northamerica-northeast1,modellearning,sscartquery-00011-jzl,sscartquery,cloud_run_revision,INFO,functions/Logic.java,2024-02-29T20:25:25.609581Z
65e0e835000756a52f2187a5,functions/Logic.java,service,cpu:=190000000  rt:=192479237,cloudfunctions,00d087f5e0c28364f40a88ea65440fad99d864800ea3cc4f8b70fe4c04ce8ea9bd6aa21cc40c9f2508c1dde8fc79b324f27e029f2d84aed35c039754a5d33a775a009f,projects/modellearning/logs/run.googleapis.com%2Fstdout,,2024-02-29T20:25:25.629618373Z,sscartquery,northamerica-northeast1,modellearning,sscartquery-00011-jzl,sscartquery,cloud_run_revision,INFO,functions/Logic.java,2024-02-29T20:25:25.480933Z
65e0e8350005c1051b81b12a,functions/Logic.java,service,cpu:=250000000  rt:=275440964,cloudfunctions,00d087f5e07bdae58c1f4da3364551cac54ac5362bf1a9581e7d4bf9a32f14aae9b89d873ef09e84a16dbd253a49be122c24eb757e668e06c6c2cc19262d914e45e911,projects/modellearning/logs/run.googleapis.com%2Fstdout,,2024-02-29T20:25:25.629618373Z,sscartquery,northamerica-northeast1,modellearning,sscartquery-00011-jzl,sscartquery,cloud_run_revision,INFO,functions/Logic.java,2024-02-29T20:25:25.377093Z
65e0e83500046c4e4fdbd50a,functions/Logic.java,service,cpu:=210000000  rt:=253197352,cloudfunctions,00d087f5e0fb53247b367efd3d5bd3eb6ec2079ea1f90edc419a49866437bf458cfeca444aeaa3b7daf5636b05c06cb47d5f161f950d27b45213cc036890ef6262ebf3,projects/modellearning/logs/run.googleapis.com%2Fstdout,,2024-02-29T20:25:25.296206354Z,sscartquery,northamerica-northeast1,modellearning,sscartquery-00011-jzl,sscartquery,cloud_run_revision,INFO,functions/Logic.java,2024-02-29T20:25:25.289870Z
65e0e83400092b1afab15e99,functions/Logic.java,service,cpu:=800000000  rt:=863502260,cloudfunctions,00d087f5e096f10c047c63271bf3ad0a02126a02b2e38fa8048979e18ea67d746ffa403f88d9a80d0fd5b28bb55609f2a74100003294e282c98f0e4563ee611fd74e6e,projects/modellearning/logs/run.googleapis.com%2Fstdout,,2024-02-29T20:25:24.629459066Z,sscartquery,northamerica-northeast1,modellearning,sscartquery-00011-jzl,sscartquery,cloud_run_revision,INFO,functions/Logic.java,2024-02-29T20:25:24.600858Z
65e0e83400082710eefb78b9,functions/Logic.java,service,cpu:=920000000  rt:=1294527038,cloudfunctions,00d087f5e0fb53247b367efd3d5bd3eb6ec2079ea1f90edc419a49866437bf458cfeca444aeaa3b7daf5636b05c06cb47d5f161f950d27b45213cc036890ef6262ebf3,projects/modellearning/logs/run.googleapis.com%2Fstdout,,2024-02-29T20:25:24.629459066Z,sscartquery,northamerica-northeast1,modellearning,sscartquery-00011-jzl,sscartquery,cloud_run_revision,INFO,functions/Logic.java,2024-02-29T20:25:24.534288Z
65e0e83400023c63471653a0,functions/Logic.java,service,cpu:=1540000000  rt:=1611625217,cloudfunctions,00d087f5e0c28364f40a88ea65440fad99d864800ea3cc4f8b70fe4c04ce8ea9bd6aa21cc40c9f2508c1dde8fc79b324f27e029f2d84aed35c039754a5d33a775a009f,projects/modellearning/logs/run.googleapis.com%2Fstdout,,2024-02-29T20:25:24.296660390Z,sscartquery,northamerica-northeast1,modellearning,sscartquery-00011-jzl,sscartquery,cloud_run_revision,INFO,functions/Logic.java,2024-02-29T20:25:24.146531Z
65e0e83400021b9a2961ed82,functions/Logic.java,service,cpu:=50000000  rt:=50441420,cloudfunctions,00d087f5e06379a276e4a585f3c5060b28341f9ba1aae00b35146eef3c6bfe293ee854779cb36f3cc9ba10b75867900165815dba5f5fb35677f9397372dd0e41039340,projects/modellearning/logs/run.googleapis.com%2Fstdout,,2024-02-29T20:25:24.296660390Z,sscartquery,northamerica-northeast1,modellearning,sscartquery-00011-jzl,sscartquery,cloud_run_revision,INFO,functions/Logic.java,2024-02-29T20:25:24.138138Z
65e0e83400010670411f7911,functions/Logic.java,service,cpu:=1040000000  rt:=1095518006,cloudfunctions,00d087f5e07bdae58c1f4da3364551cac54ac5362bf1a9581e7d4bf9a32f14aae9b89d873ef09e84a16dbd253a49be122c24eb757e668e06c6c2cc19262d914e45e911,projects/modellearning/logs/run.googleapis.com%2Fstdout,,2024-02-29T20:25:24.296660390Z,sscartquery,northamerica-northeast1,modellearning,sscartquery-00011-jzl,sscartquery,cloud_run_revision,INFO,functions/Logic.java,2024-02-29T20:25:24.067184Z
65e0e8340000d1dc5c3e5a51,functions/Logic.java,service,cpu:=-33640000000  rt:=813702416,cloudfunctions,00d087f5e0fb53247b367efd3d5bd3eb6ec2079ea1f90edc419a49866437bf458cfeca444aeaa3b7daf5636b05c06cb47d5f161f950d27b45213cc036890ef6262ebf3,projects/modellearning/logs/run.googleapis.com%2Fstdout,,2024-02-29T20:25:24.296660390Z,sscartquery,northamerica-northeast1,modellearning,sscartquery-00011-jzl,sscartquery,cloud_run_revision,INFO,functions/Logic.java,2024-02-29T20:25:24.053724Z
65e0e833000d87186b174230,functions/Logic.java,service,cpu:=120000000  rt:=119076266,cloudfunctions,00d087f5e025f1412d457ac9df76d9971bbb653901e64de3964b6771b432461e319b79b0f00c478208807a6c7a3fbf8874fe0596d4f63281afed598300217590a2678e,projects/modellearning/logs/run.googleapis.com%2Fstdout,,2024-02-29T20:25:23.964681125Z,sscartquery,northamerica-northeast1,modellearning,sscartquery-00011-jzl,sscartquery,cloud_run_revision,INFO,functions/Logic.java,2024-02-29T20:25:23.886552Z
65e0e833000cbc525cad221d,functions/Logic.java,service,cpu:=750000000  rt:=780604792,cloudfunctions,00d087f5e06379a276e4a585f3c5060b28341f9ba1aae00b35146eef3c6bfe293ee854779cb36f3cc9ba10b75867900165815dba5f5fb35677f9397372dd0e41039340,projects/modellearning/logs/run.googleapis.com%2Fstdout,,2024-02-29T20:25:23.964681125Z,sscartquery,northamerica-northeast1,modellearning,sscartquery-00011-jzl,sscartquery,cloud_run_revision,INFO,functions/Logic.java,2024-02-29T20:25:23.834642Z
65e0e833000ad89738b1c1e0,functions/Logic.java,service,cpu:=30000000  rt:=32561499,cloudfunctions,00d087f5e04921ffa2ae878763f0217abb165fe4fe9a2e8a027ba11aed30e41dbddf4fc8615626ade2ce81a05b33cc0543a90b189fc41ef2749e7ddb07fe1c9b9eae6c,projects/modellearning/logs/run.googleapis.com%2Fstdout,,2024-02-29T20:25:23.964681125Z,sscartquery,northamerica-northeast1,modellearning,sscartquery-00011-jzl,sscartquery,cloud_run_revision,INFO,functions/Logic.java,2024-02-29T20:25:23.710807Z
65e0e8330009630a539822ba,functions/Logic.java,service,cpu:=570000000  rt:=637256538,cloudfunctions,00d087f5e025f1412d457ac9df76d9971bbb653901e64de3964b6771b432461e319b79b0f00c478208807a6c7a3fbf8874fe0596d4f63281afed598300217590a2678e,projects/modellearning/logs/run.googleapis.com%2Fstdout,,2024-02-29T20:25:23.630320053Z,sscartquery,northamerica-northeast1,modellearning,sscartquery-00011-jzl,sscartquery,cloud_run_revision,INFO,functions/Logic.java,2024-02-29T20:25:23.615178Z
65e0e8330006a09361897aba,functions/Logic.java,service,cpu:=740000000  rt:=760366933,cloudfunctions,00d087f5e096f10c047c63271bf3ad0a02126a02b2e38fa8048979e18ea67d746ffa403f88d9a80d0fd5b28bb55609f2a74100003294e282c98f0e4563ee611fd74e6e,projects/modellearning/logs/run.googleapis.com%2Fstdout,,2024-02-29T20:25:23.630320053Z,sscartquery,northamerica-northeast1,modellearning,sscartquery-00011-jzl,sscartquery,cloud_run_revision,INFO,functions/Logic.java,2024-02-29T20:25:23.434323Z
65e0e8330002d999af3e1434,functions/Logic.java,service,cpu:=30000000  rt:=32537317,cloudfunctions,00d087f5e0fb53247b367efd3d5bd3eb6ec2079ea1f90edc419a49866437bf458cfeca444aeaa3b7daf5636b05c06cb47d5f161f950d27b45213cc036890ef6262ebf3,projects/modellearning/logs/run.googleapis.com%2Fstdout,,2024-02-29T20:25:23.297795119Z,sscartquery,northamerica-northeast1,modellearning,sscartquery-00011-jzl,sscartquery,cloud_run_revision,INFO,functions/Logic.java,2024-02-29T20:25:23.186777Z
65e0e83300020d7a045e66c1,functions/Logic.java,service,cpu:=34260000000  rt:=91661543,cloudfunctions,00d087f5e0fb53247b367efd3d5bd3eb6ec2079ea1f90edc419a49866437bf458cfeca444aeaa3b7daf5636b05c06cb47d5f161f950d27b45213cc036890ef6262ebf3,projects/modellearning/logs/run.googleapis.com%2Fstdout,,2024-02-29T20:25:23.297795119Z,sscartquery,northamerica-northeast1,modellearning,sscartquery-00011-jzl,sscartquery,cloud_run_revision,INFO,functions/Logic.java,2024-02-29T20:25:23.134522Z
65e0e83300010f53888d1438,functions/Logic.java,service,cpu:=1760000000  rt:=1829984521,cloudfunctions,00d087f5e0508b90f669d2e778e5edb119d2cf95bbdf1d474990a4029916e734b09cb9a2fbea2793facea51d590b84a7b32d827e55698dd1314956e833b1573e692dea,projects/modellearning/logs/run.googleapis.com%2Fstdout,,2024-02-29T20:25:23.297795119Z,sscartquery,northamerica-northeast1,modellearning,sscartquery-00011-jzl,sscartquery,cloud_run_revision,INFO,functions/Logic.java,2024-02-29T20:25:23.069459Z
65e0e832000e7f7654be51c2,functions/Logic.java,service,cpu:=440000000  rt:=462785375,cloudfunctions,00d087f5e04921ffa2ae878763f0217abb165fe4fe9a2e8a027ba11aed30e41dbddf4fc8615626ade2ce81a05b33cc0543a90b189fc41ef2749e7ddb07fe1c9b9eae6c,projects/modellearning/logs/run.googleapis.com%2Fstdout,,2024-02-29T20:25:22.964347177Z,sscartquery,northamerica-northeast1,modellearning,sscartquery-00011-jzl,sscartquery,cloud_run_revision,INFO,functions/Logic.java,2024-02-29T20:25:22.950134Z
65e0e832000b49defe68481d,functions/Logic.java,service,cpu:=11430000000  rt:=1297655731,cloudfunctions,00d087f5e0b82d4393d4a7bbb7f14727933f8b96724a91b37d40394984760349848f0c657a1b55ad143d87d15617c08a8ba76acddb65a7eb3b550a40e4aceccdfb8d33,projects/modellearning/logs/run.googleapis.com%2Fstdout,,2024-02-29T20:25:22.964347177Z,sscartquery,northamerica-northeast1,modellearning,sscartquery-00011-jzl,sscartquery,cloud_run_revision,INFO,functions/Logic.java,2024-02-29T20:25:22.739806Z
65e0e832000a8faf35df2425,functions/Logic.java,service,cpu:=30000000  rt:=25460275,cloudfunctions,00d087f5e06379a276e4a585f3c5060b28341f9ba1aae00b35146eef3c6bfe293ee854779cb36f3cc9ba10b75867900165815dba5f5fb35677f9397372dd0e41039340,projects/modellearning/logs/run.googleapis.com%2Fstdout,,2024-02-29T20:25:22.964347177Z,sscartquery,northamerica-northeast1,modellearning,sscartquery-00011-jzl,sscartquery,cloud_run_revision,INFO,functions/Logic.java,2024-02-29T20:25:22.692143Z
65e0e832000a111b5645a57d,functions/Logic.java,service,cpu:=720000000  rt:=790781724,cloudfunctions,00d087f5e025f1412d457ac9df76d9971bbb653901e64de3964b6771b432461e319b79b0f00c478208807a6c7a3fbf8874fe0596d4f63281afed598300217590a2678e,projects/modellearning/logs/run.googleapis.com%2Fstdout,,2024-02-29T20:25:22.964347177Z,sscartquery,northamerica-northeast1,modellearning,sscartquery-00011-jzl,sscartquery,cloud_run_revision,INFO,functions/Logic.java,2024-02-29T20:25:22.659739Z
65e0e8320007553b8f84f624,functions/Logic.java,service,cpu:=1070000000  rt:=1134708346,cloudfunctions,00d087f5e07bdae58c1f4da3364551cac54ac5362bf1a9581e7d4bf9a32f14aae9b89d873ef09e84a16dbd253a49be122c24eb757e668e06c6c2cc19262d914e45e911,projects/modellearning/logs/run.googleapis.com%2Fstdout,,2024-02-29T20:25:22.631320261Z,sscartquery,northamerica-northeast1,modellearning,sscartquery-00011-jzl,sscartquery,cloud_run_revision,INFO,functions/Logic.java,2024-02-29T20:25:22.480571Z
65e0e8320003946502d4d125,functions/Logic.java,service,cpu:=960000000  rt:=1016618499,cloudfunctions,00d087f5e096f10c047c63271bf3ad0a02126a02b2e38fa8048979e18ea67d746ffa403f88d9a80d0fd5b28bb55609f2a74100003294e282c98f0e4563ee611fd74e6e,projects/modellearning/logs/run.googleapis.com%2Fstdout,,2024-02-29T20:25:22.298925925Z,sscartquery,northamerica-northeast1,modellearning,sscartquery-00011-jzl,sscartquery,cloud_run_revision,INFO,functions/Logic.java,2024-02-29T20:25:22.234597Z
65e0e8320001af73d004af33,functions/Logic.java,service,cpu:=2600000000  rt:=2762055015,cloudfunctions,00d087f5e06379a276e4a585f3c5060b28341f9ba1aae00b35146eef3c6bfe293ee854779cb36f3cc9ba10b75867900165815dba5f5fb35677f9397372dd0e41039340,projects/modellearning/logs/run.googleapis.com%2Fstdout,,2024-02-29T20:25:22.298925925Z,sscartquery,northamerica-northeast1,modellearning,sscartquery-00011-jzl,sscartquery,cloud_run_revision,INFO,functions/Logic.java,2024-02-29T20:25:22.110451Z
65e0e8320000864b69ae86b9,functions/Logic.java,service,cpu:=250000000  rt:=267087785,cloudfunctions,00d087f5e0fb53247b367efd3d5bd3eb6ec2079ea1f90edc419a49866437bf458cfeca444aeaa3b7daf5636b05c06cb47d5f161f950d27b45213cc036890ef6262ebf3,projects/modellearning/logs/run.googleapis.com%2Fstdout,,2024-02-29T20:25:22.298925925Z,sscartquery,northamerica-northeast1,modellearning,sscartquery-00011-jzl,sscartquery,cloud_run_revision,INFO,functions/Logic.java,2024-02-29T20:25:22.034379Z
65e0e831000d385bb3e629cc,functions/Logic.java,service,cpu:=650000000  rt:=1505046400,cloudfunctions,00d087f5e0c28364f40a88ea65440fad99d864800ea3cc4f8b70fe4c04ce8ea9bd6aa21cc40c9f2508c1dde8fc79b324f27e029f2d84aed35c039754a5d33a775a009f,projects/modellearning/logs/run.googleapis.com%2Fstdout,,2024-02-29T20:25:21.965314959Z,sscartquery,northamerica-northeast1,modellearning,sscartquery-00011-jzl,sscartquery,cloud_run_revision,INFO,functions/Logic.java,2024-02-29T20:25:21.866395Z
65e0e831000cf727a985ab69,functions/Logic.java,service,cpu:=2180000000  rt:=2325670946,cloudfunctions,00d087f5e04921ffa2ae878763f0217abb165fe4fe9a2e8a027ba11aed30e41dbddf4fc8615626ade2ce81a05b33cc0543a90b189fc41ef2749e7ddb07fe1c9b9eae6c,projects/modellearning/logs/run.googleapis.com%2Fstdout,,2024-02-29T20:25:21.965314959Z,sscartquery,northamerica-northeast1,modellearning,sscartquery-00011-jzl,sscartquery,cloud_run_revision,INFO,functions/Logic.java,2024-02-29T20:25:21.849703Z
65e0e831000cc372f19caad0,functions/Logic.java,service,cpu:=280000000  rt:=393636633,cloudfunctions,00d087f5e0b82d4393d4a7bbb7f14727933f8b96724a91b37d40394984760349848f0c657a1b55ad143d87d15617c08a8ba76acddb65a7eb3b550a40e4aceccdfb8d33,projects/modellearning/logs/run.googleapis.com%2Fstdout,,2024-02-29T20:25:21.965314959Z,sscartquery,northamerica-northeast1,modellearning,sscartquery-00011-jzl,sscartquery,cloud_run_revision,INFO,functions/Logic.java,2024-02-29T20:25:21.836466Z
65e0e8310008b1c02c1166cd,functions/Logic.java,service,cpu:=4610000000  rt:=4865367688,cloudfunctions,00d087f5e025f1412d457ac9df76d9971bbb653901e64de3964b6771b432461e319b79b0f00c478208807a6c7a3fbf8874fe0596d4f63281afed598300217590a2678e,projects/modellearning/logs/run.googleapis.com%2Fstdout,,2024-02-29T20:25:21.633431502Z,sscartquery,northamerica-northeast1,modellearning,sscartquery-00011-jzl,sscartquery,cloud_run_revision,INFO,functions/Logic.java,2024-02-29T20:25:21.569792Z
65e0e83100070c6b8a08a0a8,functions/Logic.java,service,cpu:=2430000000  rt:=2581254945,cloudfunctions,00d087f5e0fb53247b367efd3d5bd3eb6ec2079ea1f90edc419a49866437bf458cfeca444aeaa3b7daf5636b05c06cb47d5f161f950d27b45213cc036890ef6262ebf3,projects/modellearning/logs/run.googleapis.com%2Fstdout,,2024-02-29T20:25:21.633431502Z,sscartquery,northamerica-northeast1,modellearning,sscartquery-00011-jzl,sscartquery,cloud_run_revision,INFO,functions/Logic.java,2024-02-29T20:25:21.461931Z
65e0e83100046e4169400052,functions/Logic.java,service,cpu:=440000000  rt:=589800775,cloudfunctions,00d087f5e07bdae58c1f4da3364551cac54ac5362bf1a9581e7d4bf9a32f14aae9b89d873ef09e84a16dbd253a49be122c24eb757e668e06c6c2cc19262d914e45e911,projects/modellearning/logs/run.googleapis.com%2Fstdout,,2024-02-29T20:25:21.304047523Z,sscartquery,northamerica-northeast1,modellearning,sscartquery-00011-jzl,sscartquery,cloud_run_revision,INFO,functions/Logic.java,2024-02-29T20:25:21.290369Z
65e0e83100021ccc7e62c2ef,functions/Logic.java,service,cpu:=430000000  rt:=670100066,cloudfunctions,00d087f5e0508b90f669d2e778e5edb119d2cf95bbdf1d474990a4029916e734b09cb9a2fbea2793facea51d590b84a7b32d827e55698dd1314956e833b1573e692dea,projects/modellearning/logs/run.googleapis.com%2Fstdout,,2024-02-29T20:25:21.304047523Z,sscartquery,northamerica-northeast1,modellearning,sscartquery-00011-jzl,sscartquery,cloud_run_revision,INFO,functions/Logic.java,2024-02-29T20:25:21.138444Z
65e0e83100020d34f5c18866,functions/Logic.java,service,cpu:=-9010000000  rt:=666050911,cloudfunctions,00d087f5e0508b90f669d2e778e5edb119d2cf95bbdf1d474990a4029916e734b09cb9a2fbea2793facea51d590b84a7b32d827e55698dd1314956e833b1573e692dea,projects/modellearning/logs/run.googleapis.com%2Fstdout,,2024-02-29T20:25:21.304047523Z,sscartquery,northamerica-northeast1,modellearning,sscartquery-00011-jzl,sscartquery,cloud_run_revision,INFO,functions/Logic.java,2024-02-29T20:25:21.134452Z
65e0e830000e47fccbe25a90,functions/Logic.java,service,cpu:=7270000000  rt:=235209978,cloudfunctions,00d087f5e07bdae58c1f4da3364551cac54ac5362bf1a9581e7d4bf9a32f14aae9b89d873ef09e84a16dbd253a49be122c24eb757e668e06c6c2cc19262d914e45e911,projects/modellearning/logs/run.googleapis.com%2Fstdout,,2024-02-29T20:25:20.966164662Z,sscartquery,northamerica-northeast1,modellearning,sscartquery-00011-jzl,sscartquery,cloud_run_revision,INFO,functions/Logic.java,2024-02-29T20:25:20.935932Z
65e0e830000d87de9b7e9817,functions/Logic.java,service,cpu:=330000000  rt:=525389599,cloudfunctions,00d087f5e0c28364f40a88ea65440fad99d864800ea3cc4f8b70fe4c04ce8ea9bd6aa21cc40c9f2508c1dde8fc79b324f27e029f2d84aed35c039754a5d33a775a009f,projects/modellearning/logs/run.googleapis.com%2Fstdout,,2024-02-29T20:25:20.966164662Z,sscartquery,northamerica-northeast1,modellearning,sscartquery-00011-jzl,sscartquery,cloud_run_revision,INFO,functions/Logic.java,2024-02-29T20:25:20.886750Z
65e0e830000d6f748ac74b5e,functions/Logic.java,service,cpu:=2150000000  rt:=2311984965,cloudfunctions,00d087f5e096f10c047c63271bf3ad0a02126a02b2e38fa8048979e18ea67d746ffa403f88d9a80d0fd5b28bb55609f2a74100003294e282c98f0e4563ee611fd74e6e,projects/modellearning/logs/run.googleapis.com%2Fstdout,,2024-02-29T20:25:20.966164662Z,sscartquery,northamerica-northeast1,modellearning,sscartquery-00011-jzl,sscartquery,cloud_run_revision,INFO,functions/Logic.java,2024-02-29T20:25:20.880500Z
65e0e830000cc281bb272d0c,functions/Logic.java,service,cpu:=-9340000000  rt:=607140414,cloudfunctions,00d087f5e0b82d4393d4a7bbb7f14727933f8b96724a91b37d40394984760349848f0c657a1b55ad143d87d15617c08a8ba76acddb65a7eb3b550a40e4aceccdfb8d33,projects/modellearning/logs/run.googleapis.com%2Fstdout,,2024-02-29T20:25:20.966164662Z,sscartquery,northamerica-northeast1,modellearning,sscartquery-00011-jzl,sscartquery,cloud_run_revision,INFO,functions/Logic.java,2024-02-29T20:25:20.836225Z
65e0e83000088270f444d083,functions/Logic.java,service,cpu:=-8120000000  rt:=292170492,cloudfunctions,00d087f5e07bdae58c1f4da3364551cac54ac5362bf1a9581e7d4bf9a32f14aae9b89d873ef09e84a16dbd253a49be122c24eb757e668e06c6c2cc19262d914e45e911,projects/modellearning/logs/run.googleapis.com%2Fstdout,,2024-02-29T20:25:20.633040773Z,sscartquery,northamerica-northeast1,modellearning,sscartquery-00011-jzl,sscartquery,cloud_run_revision,INFO,functions/Logic.java,2024-02-29T20:25:20.557680Z
65e0e82f000c26700741c1af,functions/Logic.java,service,cpu:=750000000  rt:=766822153,cloudfunctions,00d087f5e0d4d81528cf22cb133c2e4dd9a2c4ce3eab40a6348fdb235a3535110a2312ab0cf8d4076c1e91472dbd37c7a81eb9097195cd3f6758925e661bb3dd5e03a2,projects/modellearning/logs/run.googleapis.com%2Fstdout,,2024-02-29T20:25:19.798190050Z,sscartquery,northamerica-northeast1,modellearning,sscartquery-00011-jzl,sscartquery,cloud_run_revision,INFO,functions/Logic.java,2024-02-29T20:25:19.796272Z
65e0e82f000a9c40bc1228b7,functions/Logic.java,service,cpu:=580000000  rt:=623588052,cloudfunctions,00d087f5e07bdae58c1f4da3364551cac54ac5362bf1a9581e7d4bf9a32f14aae9b89d873ef09e84a16dbd253a49be122c24eb757e668e06c6c2cc19262d914e45e911,projects/modellearning/logs/run.googleapis.com%2Fstdout,,2024-02-29T20:25:19.968166191Z,sscartquery,northamerica-northeast1,modellearning,sscartquery-00011-jzl,sscartquery,cloud_run_revision,INFO,functions/Logic.java,2024-02-29T20:25:19.695360Z
65e0e82f0009ae62dffa6ddb,functions/Logic.java,service,cpu:=400000000  rt:=413844598,cloudfunctions,00d087f5e0b82d4393d4a7bbb7f14727933f8b96724a91b37d40394984760349848f0c657a1b55ad143d87d15617c08a8ba76acddb65a7eb3b550a40e4aceccdfb8d33,projects/modellearning/logs/run.googleapis.com%2Fstdout,,2024-02-29T20:25:19.968166191Z,sscartquery,northamerica-northeast1,modellearning,sscartquery-00011-jzl,sscartquery,cloud_run_revision,INFO,functions/Logic.java,2024-02-29T20:25:19.634466Z
65e0e82f00091dc7f4de8571,functions/Logic.java,service,cpu:=120000000  rt:=116053541,cloudfunctions,00d087f5e0508b90f669d2e778e5edb119d2cf95bbdf1d474990a4029916e734b09cb9a2fbea2793facea51d590b84a7b32d827e55698dd1314956e833b1573e692dea,projects/modellearning/logs/run.googleapis.com%2Fstdout,,2024-02-29T20:25:19.635550119Z,sscartquery,northamerica-northeast1,modellearning,sscartquery-00011-jzl,sscartquery,cloud_run_revision,INFO,functions/Logic.java,2024-02-29T20:25:19.597447Z
65e0e82f0006de71b56cebe6,functions/Logic.java,service,cpu:=460000000  rt:=479427984,cloudfunctions,00d087f5e0c28364f40a88ea65440fad99d864800ea3cc4f8b70fe4c04ce8ea9bd6aa21cc40c9f2508c1dde8fc79b324f27e029f2d84aed35c039754a5d33a775a009f,projects/modellearning/logs/run.googleapis.com%2Fstdout,,2024-02-29T20:25:19.635550119Z,sscartquery,northamerica-northeast1,modellearning,sscartquery-00011-jzl,sscartquery,cloud_run_revision,INFO,functions/Logic.java,2024-02-29T20:25:19.450161Z
65e0e82f0003a30185051bd4,functions/Logic.java,service,cpu:=10460000000  rt:=963498132,cloudfunctions,00d087f5e04921ffa2ae878763f0217abb165fe4fe9a2e8a027ba11aed30e41dbddf4fc8615626ade2ce81a05b33cc0543a90b189fc41ef2749e7ddb07fe1c9b9eae6c,projects/modellearning/logs/run.googleapis.com%2Fstdout,,2024-02-29T20:25:19.301147365Z,sscartquery,northamerica-northeast1,modellearning,sscartquery-00011-jzl,sscartquery,cloud_run_revision,INFO,functions/Logic.java,2024-02-29T20:25:19.238337Z
65e0e82f00030e29b77212b3,functions/Logic.java,service,cpu:=-21720000000  rt:=1431850908,cloudfunctions,00d087f5e0508b90f669d2e778e5edb119d2cf95bbdf1d474990a4029916e734b09cb9a2fbea2793facea51d590b84a7b32d827e55698dd1314956e833b1573e692dea,projects/modellearning/logs/run.googleapis.com%2Fstdout,,2024-02-29T20:25:19.301147365Z,sscartquery,northamerica-northeast1,modellearning,sscartquery-00011-jzl,sscartquery,cloud_run_revision,INFO,functions/Logic.java,2024-02-29T20:25:19.200233Z
65e0e82f0001aa2dad2c8b81,functions/Logic.java,service,cpu:=80000000  rt:=79749150,cloudfunctions,00d087f5e06379a276e4a585f3c5060b28341f9ba1aae00b35146eef3c6bfe293ee854779cb36f3cc9ba10b75867900165815dba5f5fb35677f9397372dd0e41039340,projects/modellearning/logs/run.googleapis.com%2Fstdout,,2024-02-29T20:25:19.301147365Z,sscartquery,northamerica-northeast1,modellearning,sscartquery-00011-jzl,sscartquery,cloud_run_revision,INFO,functions/Logic.java,2024-02-29T20:25:19.109101Z
65e0e82e000edba2ae5a3547,functions/Logic.java,service,cpu:=1320000000  rt:=1396164426,cloudfunctions,00d087f5e0b82d4393d4a7bbb7f14727933f8b96724a91b37d40394984760349848f0c657a1b55ad143d87d15617c08a8ba76acddb65a7eb3b550a40e4aceccdfb8d33,projects/modellearning/logs/run.googleapis.com%2Fstdout,,2024-02-29T20:25:19.301147365Z,sscartquery,northamerica-northeast1,modellearning,sscartquery-00011-jzl,sscartquery,cloud_run_revision,INFO,functions/Logic.java,2024-02-29T20:25:18.973730Z
65e0e82e000e2ffc88978539,functions/Logic.java,service,cpu:=650000000  rt:=676819170,cloudfunctions,00d087f5e07bdae58c1f4da3364551cac54ac5362bf1a9581e7d4bf9a32f14aae9b89d873ef09e84a16dbd253a49be122c24eb757e668e06c6c2cc19262d914e45e911,projects/modellearning/logs/run.googleapis.com%2Fstdout,,2024-02-29T20:25:18.968136915Z,sscartquery,northamerica-northeast1,modellearning,sscartquery-00011-jzl,sscartquery,cloud_run_revision,INFO,functions/Logic.java,2024-02-29T20:25:18.929788Z
65e0e82e000d9a7a15ae6726,functions/Logic.java,service,cpu:=1730000000  rt:=1834992234,cloudfunctions,00d087f5e06379a276e4a585f3c5060b28341f9ba1aae00b35146eef3c6bfe293ee854779cb36f3cc9ba10b75867900165815dba5f5fb35677f9397372dd0e41039340,projects/modellearning/logs/run.googleapis.com%2Fstdout,,2024-02-29T20:25:18.968136915Z,sscartquery,northamerica-northeast1,modellearning,sscartquery-00011-jzl,sscartquery,cloud_run_revision,INFO,functions/Logic.java,2024-02-29T20:25:18.891514Z
65e0e82e000ceca3b400130e,functions/Logic.java,service,cpu:=350000000  rt:=572406082,cloudfunctions,00d087f5e04921ffa2ae878763f0217abb165fe4fe9a2e8a027ba11aed30e41dbddf4fc8615626ade2ce81a05b33cc0543a90b189fc41ef2749e7ddb07fe1c9b9eae6c,projects/modellearning/logs/run.googleapis.com%2Fstdout,,2024-02-29T20:25:18.968136915Z,sscartquery,northamerica-northeast1,modellearning,sscartquery-00011-jzl,sscartquery,cloud_run_revision,INFO,functions/Logic.java,2024-02-29T20:25:18.847011Z
65e0e82e000ce73e946e9eb9,functions/Logic.java,service,cpu:=1440000000  rt:=1506721633,cloudfunctions,00d087f5e0c28364f40a88ea65440fad99d864800ea3cc4f8b70fe4c04ce8ea9bd6aa21cc40c9f2508c1dde8fc79b324f27e029f2d84aed35c039754a5d33a775a009f,projects/modellearning/logs/run.googleapis.com%2Fstdout,,2024-02-29T20:25:18.968136915Z,sscartquery,northamerica-northeast1,modellearning,sscartquery-00011-jzl,sscartquery,cloud_run_revision,INFO,functions/Logic.java,2024-02-29T20:25:18.845630Z
65e0e82e000b6ba12871b656,functions/Logic.java,service,cpu:=220000000  rt:=233953719,cloudfunctions,00d087f5e0fb53247b367efd3d5bd3eb6ec2079ea1f90edc419a49866437bf458cfeca444aeaa3b7daf5636b05c06cb47d5f161f950d27b45213cc036890ef6262ebf3,projects/modellearning/logs/run.googleapis.com%2Fstdout,,2024-02-29T20:25:18.968136915Z,sscartquery,northamerica-northeast1,modellearning,sscartquery-00011-jzl,sscartquery,cloud_run_revision,INFO,functions/Logic.java,2024-02-29T20:25:18.748449Z
65e0e82e00077091b31ab221,functions/Logic.java,service,cpu:=650000000  rt:=669904188,cloudfunctions,00d087f5e0fb53247b367efd3d5bd3eb6ec2079ea1f90edc419a49866437bf458cfeca444aeaa3b7daf5636b05c06cb47d5f161f950d27b45213cc036890ef6262ebf3,projects/modellearning/logs/run.googleapis.com%2Fstdout,,2024-02-29T20:25:18.634776473Z,sscartquery,northamerica-northeast1,modellearning,sscartquery-00011-jzl,sscartquery,cloud_run_revision,INFO,functions/Logic.java,2024-02-29T20:25:18.487569Z
65e0e82e00056a7cb32e0a92,functions/Logic.java,service,cpu:=310000000  rt:=316320068,cloudfunctions,00d087f5e096f10c047c63271bf3ad0a02126a02b2e38fa8048979e18ea67d746ffa403f88d9a80d0fd5b28bb55609f2a74100003294e282c98f0e4563ee611fd74e6e,projects/modellearning/logs/run.googleapis.com%2Fstdout,,2024-02-29T20:25:18.634776473Z,sscartquery,northamerica-northeast1,modellearning,sscartquery-00011-jzl,sscartquery,cloud_run_revision,INFO,functions/Logic.java,2024-02-29T20:25:18.354940Z
65e0e82e0001a1044b0ce3da,functions/Logic.java,service,cpu:=750000000  rt:=781255517,cloudfunctions,00d087f5e04921ffa2ae878763f0217abb165fe4fe9a2e8a027ba11aed30e41dbddf4fc8615626ade2ce81a05b33cc0543a90b189fc41ef2749e7ddb07fe1c9b9eae6c,projects/modellearning/logs/run.googleapis.com%2Fstdout,,2024-02-29T20:25:18.301864235Z,sscartquery,northamerica-northeast1,modellearning,sscartquery-00011-jzl,sscartquery,cloud_run_revision,INFO,functions/Logic.java,2024-02-29T20:25:18.106756Z
65e0e82e00000acd6c1c8931,functions/Logic.java,service,cpu:=1340000000  rt:=1395044055,cloudfunctions,00d087f5e07bdae58c1f4da3364551cac54ac5362bf1a9581e7d4bf9a32f14aae9b89d873ef09e84a16dbd253a49be122c24eb757e668e06c6c2cc19262d914e45e911,projects/modellearning/logs/run.googleapis.com%2Fstdout,,2024-02-29T20:25:18.301864235Z,sscartquery,northamerica-northeast1,modellearning,sscartquery-00011-jzl,sscartquery,cloud_run_revision,INFO,functions/Logic.java,2024-02-29T20:25:18.002765Z
65e0e82d000cbf5ae331d8a9,functions/Logic.java,service,cpu:=60000000  rt:=67808988,cloudfunctions,00d087f5e0508b90f669d2e778e5edb119d2cf95bbdf1d474990a4029916e734b09cb9a2fbea2793facea51d590b84a7b32d827e55698dd1314956e833b1573e692dea,projects/modellearning/logs/run.googleapis.com%2Fstdout,,2024-02-29T20:25:17.970070408Z,sscartquery,northamerica-northeast1,modellearning,sscartquery-00011-jzl,sscartquery,cloud_run_revision,INFO,functions/Logic.java,2024-02-29T20:25:17.835418Z
65e0e82d000c1fac2cfe191c,functions/Logic.java,service,cpu:=1270000000  rt:=1327649250,cloudfunctions,00d087f5e096f10c047c63271bf3ad0a02126a02b2e38fa8048979e18ea67d746ffa403f88d9a80d0fd5b28bb55609f2a74100003294e282c98f0e4563ee611fd74e6e,projects/modellearning/logs/run.googleapis.com%2Fstdout,,2024-02-29T20:25:17.970070408Z,sscartquery,northamerica-northeast1,modellearning,sscartquery-00011-jzl,sscartquery,cloud_run_revision,INFO,functions/Logic.java,2024-02-29T20:25:17.794540Z
65e0e82d000bb47878ed5bbe,functions/Logic.java,service,cpu:=560000000  rt:=593203490,cloudfunctions,00d087f5e0fb53247b367efd3d5bd3eb6ec2079ea1f90edc419a49866437bf458cfeca444aeaa3b7daf5636b05c06cb47d5f161f950d27b45213cc036890ef6262ebf3,projects/modellearning/logs/run.googleapis.com%2Fstdout,,2024-02-29T20:25:17.970070408Z,sscartquery,northamerica-northeast1,modellearning,sscartquery-00011-jzl,sscartquery,cloud_run_revision,INFO,functions/Logic.java,2024-02-29T20:25:17.767096Z
65e0e82d00088e9e4d5e7190,functions/Logic.java,service,cpu:=200000000  rt:=204209562,cloudfunctions,00d087f5e0508b90f669d2e778e5edb119d2cf95bbdf1d474990a4029916e734b09cb9a2fbea2793facea51d590b84a7b32d827e55698dd1314956e833b1573e692dea,projects/modellearning/logs/run.googleapis.com%2Fstdout,,2024-02-29T20:25:17.635864753Z,sscartquery,northamerica-northeast1,modellearning,sscartquery-00011-jzl,sscartquery,cloud_run_revision,INFO,functions/Logic.java,2024-02-29T20:25:17.560798Z
65e0e82d00051e4c36470b7c,functions/Logic.java,service,cpu:=150000000  rt:=157973757,cloudfunctions,00d087f5e0b82d4393d4a7bbb7f14727933f8b96724a91b37d40394984760349848f0c657a1b55ad143d87d15617c08a8ba76acddb65a7eb3b550a40e4aceccdfb8d33,projects/modellearning/logs/run.googleapis.com%2Fstdout,,2024-02-29T20:25:17.635864753Z,sscartquery,northamerica-northeast1,modellearning,sscartquery-00011-jzl,sscartquery,cloud_run_revision,INFO,functions/Logic.java,2024-02-29T20:25:17.335436Z
65e0e82d00051a2fc65ab676,functions/Logic.java,service,cpu:=340000000  rt:=357440040,cloudfunctions,00d087f5e0508b90f669d2e778e5edb119d2cf95bbdf1d474990a4029916e734b09cb9a2fbea2793facea51d590b84a7b32d827e55698dd1314956e833b1573e692dea,projects/modellearning/logs/run.googleapis.com%2Fstdout,,2024-02-29T20:25:17.635864753Z,sscartquery,northamerica-northeast1,modellearning,sscartquery-00011-jzl,sscartquery,cloud_run_revision,INFO,functions/Logic.java,2024-02-29T20:25:17.334383Z
65e0e82d000437cec95f4126,functions/Logic.java,service,cpu:=2490000000  rt:=2779142145,cloudfunctions,00d087f5e0c28364f40a88ea65440fad99d864800ea3cc4f8b70fe4c04ce8ea9bd6aa21cc40c9f2508c1dde8fc79b324f27e029f2d84aed35c039754a5d33a775a009f,projects/modellearning/logs/run.googleapis.com%2Fstdout,,2024-02-29T20:25:17.303638737Z,sscartquery,northamerica-northeast1,modellearning,sscartquery-00011-jzl,sscartquery,cloud_run_revision,INFO,functions/Logic.java,2024-02-29T20:25:17.276430Z
65e0e82d00029565e050ff1e,functions/Logic.java,service,cpu:=120000000  rt:=121912694,cloudfunctions,00d087f5e04921ffa2ae878763f0217abb165fe4fe9a2e8a027ba11aed30e41dbddf4fc8615626ade2ce81a05b33cc0543a90b189fc41ef2749e7ddb07fe1c9b9eae6c,projects/modellearning/logs/run.googleapis.com%2Fstdout,,2024-02-29T20:25:17.303638737Z,sscartquery,northamerica-northeast1,modellearning,sscartquery-00011-jzl,sscartquery,cloud_run_revision,INFO,functions/Logic.java,2024-02-29T20:25:17.169317Z
65e0e82d00022432c9797c14,functions/Logic.java,service,cpu:=12080000000  rt:=1857569327,cloudfunctions,00d087f5e0fb53247b367efd3d5bd3eb6ec2079ea1f90edc419a49866437bf458cfeca444aeaa3b7daf5636b05c06cb47d5f161f950d27b45213cc036890ef6262ebf3,projects/modellearning/logs/run.googleapis.com%2Fstdout,,2024-02-29T20:25:17.303638737Z,sscartquery,northamerica-northeast1,modellearning,sscartquery-00011-jzl,sscartquery,cloud_run_revision,INFO,functions/Logic.java,2024-02-29T20:25:17.140338Z
65e0e82d00011de7ef4d9d4b,functions/Logic.java,service,cpu:=1980000000  rt:=2056901154,cloudfunctions,00d087f5e0b82d4393d4a7bbb7f14727933f8b96724a91b37d40394984760349848f0c657a1b55ad143d87d15617c08a8ba76acddb65a7eb3b550a40e4aceccdfb8d33,projects/modellearning/logs/run.googleapis.com%2Fstdout,,2024-02-29T20:25:17.303638737Z,sscartquery,northamerica-northeast1,modellearning,sscartquery-00011-jzl,sscartquery,cloud_run_revision,INFO,functions/Logic.java,2024-02-29T20:25:17.073191Z
65e0e82c000cbeb179b48eff,functions/Logic.java,service,cpu:=1080000000  rt:=1139905844,cloudfunctions,00d087f5e06379a276e4a585f3c5060b28341f9ba1aae00b35146eef3c6bfe293ee854779cb36f3cc9ba10b75867900165815dba5f5fb35677f9397372dd0e41039340,projects/modellearning/logs/run.googleapis.com%2Fstdout,,2024-02-29T20:25:16.970798080Z,sscartquery,northamerica-northeast1,modellearning,sscartquery-00011-jzl,sscartquery,cloud_run_revision,INFO,functions/Logic.java,2024-02-29T20:25:16.835249Z
65e0e82c000a64719cdfd986,functions/Logic.java,service,cpu:=240000000  rt:=241521200,cloudfunctions,00d087f5e04921ffa2ae878763f0217abb165fe4fe9a2e8a027ba11aed30e41dbddf4fc8615626ade2ce81a05b33cc0543a90b189fc41ef2749e7ddb07fe1c9b9eae6c,projects/modellearning/logs/run.googleapis.com%2Fstdout,,2024-02-29T20:25:16.970798080Z,sscartquery,northamerica-northeast1,modellearning,sscartquery-00011-jzl,sscartquery,cloud_run_revision,INFO,functions/Logic.java,2024-02-29T20:25:16.681073Z
65e0e82c0009b1571d1edb73,functions/Logic.java,service,cpu:=490000000  rt:=524087789,cloudfunctions,00d087f5e0508b90f669d2e778e5edb119d2cf95bbdf1d474990a4029916e734b09cb9a2fbea2793facea51d590b84a7b32d827e55698dd1314956e833b1573e692dea,projects/modellearning/logs/run.googleapis.com%2Fstdout,,2024-02-29T20:25:16.636135709Z,sscartquery,northamerica-northeast1,modellearning,sscartquery-00011-jzl,sscartquery,cloud_run_revision,INFO,functions/Logic.java,2024-02-29T20:25:16.635223Z
65e0e82c000885d07794b63b,functions/Logic.java,service,cpu:=440000000  rt:=475419642,cloudfunctions,00d087f5e025f1412d457ac9df76d9971bbb653901e64de3964b6771b432461e319b79b0f00c478208807a6c7a3fbf8874fe0596d4f63281afed598300217590a2678e,projects/modellearning/logs/run.googleapis.com%2Fstdout,,2024-02-29T20:25:16.636135709Z,sscartquery,northamerica-northeast1,modellearning,sscartquery-00011-jzl,sscartquery,cloud_run_revision,INFO,functions/Logic.java,2024-02-29T20:25:16.558544Z
65e0e82c00059d9a4090bb2d,functions/Logic.java,service,cpu:=1810000000  rt:=1901881731,cloudfunctions,00d087f5e07bdae58c1f4da3364551cac54ac5362bf1a9581e7d4bf9a32f14aae9b89d873ef09e84a16dbd253a49be122c24eb757e668e06c6c2cc19262d914e45e911,projects/modellearning/logs/run.googleapis.com%2Fstdout,,2024-02-29T20:25:16.636135709Z,sscartquery,northamerica-northeast1,modellearning,sscartquery-00011-jzl,sscartquery,cloud_run_revision,INFO,functions/Logic.java,2024-02-29T20:25:16.368026Z
65e0e82c000086586253da27,functions/Logic.java,service,cpu:=130000000  rt:=128185654,cloudfunctions,00d087f5e096f10c047c63271bf3ad0a02126a02b2e38fa8048979e18ea67d746ffa403f88d9a80d0fd5b28bb55609f2a74100003294e282c98f0e4563ee611fd74e6e,projects/modellearning/logs/run.googleapis.com%2Fstdout,,2024-02-29T20:25:16.304134515Z,sscartquery,northamerica-northeast1,modellearning,sscartquery-00011-jzl,sscartquery,cloud_run_revision,INFO,functions/Logic.java,2024-02-29T20:25:16.034392Z
65e0e82b000b349f6431e19c,functions/Logic.java,service,cpu:=200000000  rt:=453795161,cloudfunctions,00d087f5e0fb53247b367efd3d5bd3eb6ec2079ea1f90edc419a49866437bf458cfeca444aeaa3b7daf5636b05c06cb47d5f161f950d27b45213cc036890ef6262ebf3,projects/modellearning/logs/run.googleapis.com%2Fstdout,,2024-02-29T20:25:15.970928391Z,sscartquery,northamerica-northeast1,modellearning,sscartquery-00011-jzl,sscartquery,cloud_run_revision,INFO,functions/Logic.java,2024-02-29T20:25:15.734367Z
65e0e82b0009ae28c1222e38,functions/Logic.java,service,cpu:=120000000  rt:=128809391,cloudfunctions,00d087f5e04921ffa2ae878763f0217abb165fe4fe9a2e8a027ba11aed30e41dbddf4fc8615626ade2ce81a05b33cc0543a90b189fc41ef2749e7ddb07fe1c9b9eae6c,projects/modellearning/logs/run.googleapis.com%2Fstdout,,2024-02-29T20:25:15.637669268Z,sscartquery,northamerica-northeast1,modellearning,sscartquery-00011-jzl,sscartquery,cloud_run_revision,INFO,functions/Logic.java,2024-02-29T20:25:15.634408Z
65e0e82b0009adc93e837491,functions/Logic.java,service,cpu:=2030000000  rt:=2525870466,cloudfunctions,00d087f5e0508b90f669d2e778e5edb119d2cf95bbdf1d474990a4029916e734b09cb9a2fbea2793facea51d590b84a7b32d827e55698dd1314956e833b1573e692dea,projects/modellearning/logs/run.googleapis.com%2Fstdout,,2024-02-29T20:25:15.637669268Z,sscartquery,northamerica-northeast1,modellearning,sscartquery-00011-jzl,sscartquery,cloud_run_revision,INFO,functions/Logic.java,2024-02-29T20:25:15.634313Z
65e0e82b0007ce4e3b5a262b,functions/Logic.java,service,cpu:=1380000000  rt:=1428999934,cloudfunctions,00d087f5e025f1412d457ac9df76d9971bbb653901e64de3964b6771b432461e319b79b0f00c478208807a6c7a3fbf8874fe0596d4f63281afed598300217590a2678e,projects/modellearning/logs/run.googleapis.com%2Fstdout,,2024-02-29T20:25:15.637669268Z,sscartquery,northamerica-northeast1,modellearning,sscartquery-00011-jzl,sscartquery,cloud_run_revision,INFO,functions/Logic.java,2024-02-29T20:25:15.511566Z
65e0e82b0006ce4ad908301d,functions/Logic.java,service,cpu:=110000000  rt:=104272825,cloudfunctions,00d087f5e096f10c047c63271bf3ad0a02126a02b2e38fa8048979e18ea67d746ffa403f88d9a80d0fd5b28bb55609f2a74100003294e282c98f0e4563ee611fd74e6e,projects/modellearning/logs/run.googleapis.com%2Fstdout,,2024-02-29T20:25:15.637669268Z,sscartquery,northamerica-northeast1,modellearning,sscartquery-00011-jzl,sscartquery,cloud_run_revision,INFO,functions/Logic.java,2024-02-29T20:25:15.446026Z
65e0e82b00051aab41be269d,functions/Logic.java,service,cpu:=7820000000  rt:=836861225,cloudfunctions,00d087f5e0c28364f40a88ea65440fad99d864800ea3cc4f8b70fe4c04ce8ea9bd6aa21cc40c9f2508c1dde8fc79b324f27e029f2d84aed35c039754a5d33a775a009f,projects/modellearning/logs/run.googleapis.com%2Fstdout,,2024-02-29T20:25:15.637669268Z,sscartquery,northamerica-northeast1,modellearning,sscartquery-00011-jzl,sscartquery,cloud_run_revision,INFO,functions/Logic.java,2024-02-29T20:25:15.334507Z
65e0e82b00026f94b116f15c,functions/Logic.java,service,cpu:=490000000  rt:=946346240,cloudfunctions,00d087f5e0fb53247b367efd3d5bd3eb6ec2079ea1f90edc419a49866437bf458cfeca444aeaa3b7daf5636b05c06cb47d5f161f950d27b45213cc036890ef6262ebf3,projects/modellearning/logs/run.googleapis.com%2Fstdout,,2024-02-29T20:25:15.303425027Z,sscartquery,northamerica-northeast1,modellearning,sscartquery-00011-jzl,sscartquery,cloud_run_revision,INFO,functions/Logic.java,2024-02-29T20:25:15.159636Z
65e0e82b00000f3c9b31b222,functions/Logic.java,service,cpu:=1080000000  rt:=1128496590,cloudfunctions,00d087f5e06379a276e4a585f3c5060b28341f9ba1aae00b35146eef3c6bfe293ee854779cb36f3cc9ba10b75867900165815dba5f5fb35677f9397372dd0e41039340,projects/modellearning/logs/run.googleapis.com%2Fstdout,,2024-02-29T20:25:15.303425027Z,sscartquery,northamerica-northeast1,modellearning,sscartquery-00011-jzl,sscartquery,cloud_run_revision,INFO,functions/Logic.java,2024-02-29T20:25:15.003900Z
65e0e82a000d9b56952a391d,functions/Logic.java,service,cpu:=800000000  rt:=827886998,cloudfunctions,00d087f5e04921ffa2ae878763f0217abb165fe4fe9a2e8a027ba11aed30e41dbddf4fc8615626ade2ce81a05b33cc0543a90b189fc41ef2749e7ddb07fe1c9b9eae6c,projects/modellearning/logs/run.googleapis.com%2Fstdout,,2024-02-29T20:25:14.970515202Z,sscartquery,northamerica-northeast1,modellearning,sscartquery-00011-jzl,sscartquery,cloud_run_revision,INFO,functions/Logic.java,2024-02-29T20:25:14.891734Z
65e0e82a000b368be9f0915c,functions/Logic.java,service,cpu:=18930000000  rt:=1657576724,cloudfunctions,00d087f5e096f10c047c63271bf3ad0a02126a02b2e38fa8048979e18ea67d746ffa403f88d9a80d0fd5b28bb55609f2a74100003294e282c98f0e4563ee611fd74e6e,projects/modellearning/logs/run.googleapis.com%2Fstdout,,2024-02-29T20:25:14.970515202Z,sscartquery,northamerica-northeast1,modellearning,sscartquery-00011-jzl,sscartquery,cloud_run_revision,INFO,functions/Logic.java,2024-02-29T20:25:14.734859Z
65e0e82a00085c569e9dc3c8,functions/Logic.java,service,cpu:=1780000000  rt:=1832431683,cloudfunctions,00d087f5e0b82d4393d4a7bbb7f14727933f8b96724a91b37d40394984760349848f0c657a1b55ad143d87d15617c08a8ba76acddb65a7eb3b550a40e4aceccdfb8d33,projects/modellearning/logs/run.googleapis.com%2Fstdout,,2024-02-29T20:25:14.638418464Z,sscartquery,northamerica-northeast1,modellearning,sscartquery-00011-jzl,sscartquery,cloud_run_revision,INFO,functions/Logic.java,2024-02-29T20:25:14.547926Z
65e0e82a000850a3059d217d,functions/Logic.java,service,cpu:=880000000  rt:=1467897116,cloudfunctions,00d087f5e096f10c047c63271bf3ad0a02126a02b2e38fa8048979e18ea67d746ffa403f88d9a80d0fd5b28bb55609f2a74100003294e282c98f0e4563ee611fd74e6e,projects/modellearning/logs/run.googleapis.com%2Fstdout,,2024-02-29T20:25:14.638418464Z,sscartquery,northamerica-northeast1,modellearning,sscartquery-00011-jzl,sscartquery,cloud_run_revision,INFO,functions/Logic.java,2024-02-29T20:25:14.544931Z
65e0e82a0006f4e012c7c6b5,functions/Logic.java,service,cpu:=240000000  rt:=242880998,cloudfunctions,00d087f5e07bdae58c1f4da3364551cac54ac5362bf1a9581e7d4bf9a32f14aae9b89d873ef09e84a16dbd253a49be122c24eb757e668e06c6c2cc19262d914e45e911,projects/modellearning/logs/run.googleapis.com%2Fstdout,,2024-02-29T20:25:14.638418464Z,sscartquery,northamerica-northeast1,modellearning,sscartquery-00011-jzl,sscartquery,cloud_run_revision,INFO,functions/Logic.java,2024-02-29T20:25:14.455904Z
65e0e82a00020dac2e78d866,functions/Logic.java,service,cpu:=-9760000000  rt:=112189105,cloudfunctions,00d087f5e0fb53247b367efd3d5bd3eb6ec2079ea1f90edc419a49866437bf458cfeca444aeaa3b7daf5636b05c06cb47d5f161f950d27b45213cc036890ef6262ebf3,projects/modellearning/logs/run.googleapis.com%2Fstdout,,2024-02-29T20:25:14.305095604Z,sscartquery,northamerica-northeast1,modellearning,sscartquery-00011-jzl,sscartquery,cloud_run_revision,INFO,functions/Logic.java,2024-02-29T20:25:14.134572Z
65e0e829000cbf4642b8224e,functions/Logic.java,service,cpu:=-6540000000  rt:=727056351,cloudfunctions,00d087f5e0508b90f669d2e778e5edb119d2cf95bbdf1d474990a4029916e734b09cb9a2fbea2793facea51d590b84a7b32d827e55698dd1314956e833b1573e692dea,projects/modellearning/logs/run.googleapis.com%2Fstdout,,2024-02-29T20:25:13.972255472Z,sscartquery,northamerica-northeast1,modellearning,sscartquery-00011-jzl,sscartquery,cloud_run_revision,INFO,functions/Logic.java,2024-02-29T20:25:13.835398Z
65e0e82900076f871d5f4d5b,functions/Logic.java,service,cpu:=480000000  rt:=483567919,cloudfunctions,00d087f5e07bdae58c1f4da3364551cac54ac5362bf1a9581e7d4bf9a32f14aae9b89d873ef09e84a16dbd253a49be122c24eb757e668e06c6c2cc19262d914e45e911,projects/modellearning/logs/run.googleapis.com%2Fstdout,,2024-02-29T20:25:13.639285718Z,sscartquery,northamerica-northeast1,modellearning,sscartquery-00011-jzl,sscartquery,cloud_run_revision,INFO,functions/Logic.java,2024-02-29T20:25:13.487303Z
65e0e829000588822367c1c0,functions/Logic.java,service,cpu:=2100000000  rt:=2157725790,cloudfunctions,00d087f5e0c28364f40a88ea65440fad99d864800ea3cc4f8b70fe4c04ce8ea9bd6aa21cc40c9f2508c1dde8fc79b324f27e029f2d84aed35c039754a5d33a775a009f,projects/modellearning/logs/run.googleapis.com%2Fstdout,,2024-02-29T20:25:13.639285718Z,sscartquery,northamerica-northeast1,modellearning,sscartquery-00011-jzl,sscartquery,cloud_run_revision,INFO,functions/Logic.java,2024-02-29T20:25:13.362626Z
65e0e829000537eae3f9e900,functions/Logic.java,service,cpu:=1530000000  rt:=2174629468,cloudfunctions,00d087f5e0fb53247b367efd3d5bd3eb6ec2079ea1f90edc419a49866437bf458cfeca444aeaa3b7daf5636b05c06cb47d5f161f950d27b45213cc036890ef6262ebf3,projects/modellearning/logs/run.googleapis.com%2Fstdout,,2024-02-29T20:25:13.639285718Z,sscartquery,northamerica-northeast1,modellearning,sscartquery-00011-jzl,sscartquery,cloud_run_revision,INFO,functions/Logic.java,2024-02-29T20:25:13.341994Z
65e0e8290004b1c0ea39f535,functions/Logic.java,service,cpu:=650000000  rt:=699499561,cloudfunctions,00d087f5e025f1412d457ac9df76d9971bbb653901e64de3964b6771b432461e319b79b0f00c478208807a6c7a3fbf8874fe0596d4f63281afed598300217590a2678e,projects/modellearning/logs/run.googleapis.com%2Fstdout,,2024-02-29T20:25:13.639285718Z,sscartquery,northamerica-northeast1,modellearning,sscartquery-00011-jzl,sscartquery,cloud_run_revision,INFO,functions/Logic.java,2024-02-29T20:25:13.307648Z
65e0e82900027871512ab796,functions/Logic.java,service,cpu:=230000000  rt:=233435587,cloudfunctions,00d087f5e04921ffa2ae878763f0217abb165fe4fe9a2e8a027ba11aed30e41dbddf4fc8615626ade2ce81a05b33cc0543a90b189fc41ef2749e7ddb07fe1c9b9eae6c,projects/modellearning/logs/run.googleapis.com%2Fstdout,,2024-02-29T20:25:13.305497380Z,sscartquery,northamerica-northeast1,modellearning,sscartquery-00011-jzl,sscartquery,cloud_run_revision,INFO,functions/Logic.java,2024-02-29T20:25:13.161905Z
65e0e82900020dbaf1c5447d,functions/Logic.java,service,cpu:=830000000  rt:=867156139,cloudfunctions,00d087f5e06379a276e4a585f3c5060b28341f9ba1aae00b35146eef3c6bfe293ee854779cb36f3cc9ba10b75867900165815dba5f5fb35677f9397372dd0e41039340,projects/modellearning/logs/run.googleapis.com%2Fstdout,,2024-02-29T20:25:13.305497380Z,sscartquery,northamerica-northeast1,modellearning,sscartquery-00011-jzl,sscartquery,cloud_run_revision,INFO,functions/Logic.java,2024-02-29T20:25:13.134586Z
65e0e8290000f669f32cfcfd,functions/Logic.java,service,cpu:=100000000  rt:=93945792,cloudfunctions,00d087f5e0508b90f669d2e778e5edb119d2cf95bbdf1d474990a4029916e734b09cb9a2fbea2793facea51d590b84a7b32d827e55698dd1314956e833b1573e692dea,projects/modellearning/logs/run.googleapis.com%2Fstdout,,2024-02-29T20:25:13.305497380Z,sscartquery,northamerica-northeast1,modellearning,sscartquery-00011-jzl,sscartquery,cloud_run_revision,INFO,functions/Logic.java,2024-02-29T20:25:13.063081Z
65e0e828000d2c280a3a2113,functions/Logic.java,service,cpu:=18900000000  rt:=1696021142,cloudfunctions,00d087f5e0fb53247b367efd3d5bd3eb6ec2079ea1f90edc419a49866437bf458cfeca444aeaa3b7daf5636b05c06cb47d5f161f950d27b45213cc036890ef6262ebf3,projects/modellearning/logs/run.googleapis.com%2Fstdout,,2024-02-29T20:25:12.972174706Z,sscartquery,northamerica-northeast1,modellearning,sscartquery-00011-jzl,sscartquery,cloud_run_revision,INFO,functions/Logic.java,2024-02-29T20:25:12.863272Z
65e0e828000a8cb937b72d6f,functions/Logic.java,service,cpu:=1670000000  rt:=1715634487,cloudfunctions,00d087f5e07bdae58c1f4da3364551cac54ac5362bf1a9581e7d4bf9a32f14aae9b89d873ef09e84a16dbd253a49be122c24eb757e668e06c6c2cc19262d914e45e911,projects/modellearning/logs/run.googleapis.com%2Fstdout,,2024-02-29T20:25:12.972174706Z,sscartquery,northamerica-northeast1,modellearning,sscartquery-00011-jzl,sscartquery,cloud_run_revision,INFO,functions/Logic.java,2024-02-29T20:25:12.691385Z
65e0e8280009ae64f8cbd6ce,functions/Logic.java,service,cpu:=60000000  rt:=69541607,cloudfunctions,00d087f5e0508b90f669d2e778e5edb119d2cf95bbdf1d474990a4029916e734b09cb9a2fbea2793facea51d590b84a7b32d827e55698dd1314956e833b1573e692dea,projects/modellearning/logs/run.googleapis.com%2Fstdout,,2024-02-29T20:25:12.640521687Z,sscartquery,northamerica-northeast1,modellearning,sscartquery-00011-jzl,sscartquery,cloud_run_revision,INFO,functions/Logic.java,2024-02-29T20:25:12.634468Z
65e0e8280009620e628dba00,functions/Logic.java,service,cpu:=120000000  rt:=131040057,cloudfunctions,00d087f5e04921ffa2ae878763f0217abb165fe4fe9a2e8a027ba11aed30e41dbddf4fc8615626ade2ce81a05b33cc0543a90b189fc41ef2749e7ddb07fe1c9b9eae6c,projects/modellearning/logs/run.googleapis.com%2Fstdout,,2024-02-29T20:25:12.640521687Z,sscartquery,northamerica-northeast1,modellearning,sscartquery-00011-jzl,sscartquery,cloud_run_revision,INFO,functions/Logic.java,2024-02-29T20:25:12.614926Z
65e0e82800079e4c8566adbd,functions/Logic.java,service,cpu:=1730000000  rt:=1779144289,cloudfunctions,00d087f5e0b82d4393d4a7bbb7f14727933f8b96724a91b37d40394984760349848f0c657a1b55ad143d87d15617c08a8ba76acddb65a7eb3b550a40e4aceccdfb8d33,projects/modellearning/logs/run.googleapis.com%2Fstdout,,2024-02-29T20:25:12.640521687Z,sscartquery,northamerica-northeast1,modellearning,sscartquery-00011-jzl,sscartquery,cloud_run_revision,INFO,functions/Logic.java,2024-02-29T20:25:12.499276Z
65e0e82800020d270606f01c,functions/Logic.java,service,cpu:=350000000  rt:=387021040,cloudfunctions,00d087f5e025f1412d457ac9df76d9971bbb653901e64de3964b6771b432461e319b79b0f00c478208807a6c7a3fbf8874fe0596d4f63281afed598300217590a2678e,projects/modellearning/logs/run.googleapis.com%2Fstdout,,2024-02-29T20:25:12.306227892Z,sscartquery,northamerica-northeast1,modellearning,sscartquery-00011-jzl,sscartquery,cloud_run_revision,INFO,functions/Logic.java,2024-02-29T20:25:12.134439Z
65e0e827000f398033c15217,functions/Logic.java,service,cpu:=700000000  rt:=712569963,cloudfunctions,00d087f5e0508b90f669d2e778e5edb119d2cf95bbdf1d474990a4029916e734b09cb9a2fbea2793facea51d590b84a7b32d827e55698dd1314956e833b1573e692dea,projects/modellearning/logs/run.googleapis.com%2Fstdout,,2024-02-29T20:25:12.306227892Z,sscartquery,northamerica-northeast1,modellearning,sscartquery-00011-jzl,sscartquery,cloud_run_revision,INFO,functions/Logic.java,2024-02-29T20:25:11.997760Z
65e0e827000b8d86efe38b8d,functions/Logic.java,service,cpu:=370000000  rt:=380558114,cloudfunctions,00d087f5e04921ffa2ae878763f0217abb165fe4fe9a2e8a027ba11aed30e41dbddf4fc8615626ade2ce81a05b33cc0543a90b189fc41ef2749e7ddb07fe1c9b9eae6c,projects/modellearning/logs/run.googleapis.com%2Fstdout,,2024-02-29T20:25:11.973052774Z,sscartquery,northamerica-northeast1,modellearning,sscartquery-00011-jzl,sscartquery,cloud_run_revision,INFO,functions/Logic.java,2024-02-29T20:25:11.757126Z
65e0e827000b886e02836ac6,functions/Logic.java,service,cpu:=240000000  rt:=281933624,cloudfunctions,00d087f5e06379a276e4a585f3c5060b28341f9ba1aae00b35146eef3c6bfe293ee854779cb36f3cc9ba10b75867900165815dba5f5fb35677f9397372dd0e41039340,projects/modellearning/logs/run.googleapis.com%2Fstdout,,2024-02-29T20:25:11.973052774Z,sscartquery,northamerica-northeast1,modellearning,sscartquery-00011-jzl,sscartquery,cloud_run_revision,INFO,functions/Logic.java,2024-02-29T20:25:11.755822Z
65e0e82700071a51976530cb,functions/Logic.java,service,cpu:=620000000  rt:=622369236,cloudfunctions,00d087f5e096f10c047c63271bf3ad0a02126a02b2e38fa8048979e18ea67d746ffa403f88d9a80d0fd5b28bb55609f2a74100003294e282c98f0e4563ee611fd74e6e,projects/modellearning/logs/run.googleapis.com%2Fstdout,,2024-02-29T20:25:11.639903851Z,sscartquery,northamerica-northeast1,modellearning,sscartquery-00011-jzl,sscartquery,cloud_run_revision,INFO,functions/Logic.java,2024-02-29T20:25:11.465489Z
65e0e8270000866962888340,functions/Logic.java,service,cpu:=80000000  rt:=88448857,cloudfunctions,00d087f5e025f1412d457ac9df76d9971bbb653901e64de3964b6771b432461e319b79b0f00c478208807a6c7a3fbf8874fe0596d4f63281afed598300217590a2678e,projects/modellearning/logs/run.googleapis.com%2Fstdout,,2024-02-29T20:25:11.307283093Z,sscartquery,northamerica-northeast1,modellearning,sscartquery-00011-jzl,sscartquery,cloud_run_revision,INFO,functions/Logic.java,2024-02-29T20:25:11.034409Z
65e0e826000f04d43a763050,functions/Logic.java,service,cpu:=420000000  rt:=468598711,cloudfunctions,00d087f5e06379a276e4a585f3c5060b28341f9ba1aae00b35146eef3c6bfe293ee854779cb36f3cc9ba10b75867900165815dba5f5fb35677f9397372dd0e41039340,projects/modellearning/logs/run.googleapis.com%2Fstdout,,2024-02-29T20:25:11.307283093Z,sscartquery,northamerica-northeast1,modellearning,sscartquery-00011-jzl,sscartquery,cloud_run_revision,INFO,functions/Logic.java,2024-02-29T20:25:10.984276Z
65e0e826000eac665138e69b,functions/Logic.java,service,cpu:=470000000  rt:=495713619,cloudfunctions,00d087f5e04921ffa2ae878763f0217abb165fe4fe9a2e8a027ba11aed30e41dbddf4fc8615626ade2ce81a05b33cc0543a90b189fc41ef2749e7ddb07fe1c9b9eae6c,projects/modellearning/logs/run.googleapis.com%2Fstdout,,2024-02-29T20:25:10.974434165Z,sscartquery,northamerica-northeast1,modellearning,sscartquery-00011-jzl,sscartquery,cloud_run_revision,INFO,functions/Logic.java,2024-02-29T20:25:10.961638Z
65e0e8260009d5e5b2ca2736,functions/Logic.java,service,cpu:=890000000  rt:=923084257,cloudfunctions,00d087f5e0508b90f669d2e778e5edb119d2cf95bbdf1d474990a4029916e734b09cb9a2fbea2793facea51d590b84a7b32d827e55698dd1314956e833b1573e692dea,projects/modellearning/logs/run.googleapis.com%2Fstdout,,2024-02-29T20:25:10.974434165Z,sscartquery,northamerica-northeast1,modellearning,sscartquery-00011-jzl,sscartquery,cloud_run_revision,INFO,functions/Logic.java,2024-02-29T20:25:10.644581Z
65e0e8260009af99e1ef4beb,functions/Logic.java,service,cpu:=11340000000  rt:=1707879419,cloudfunctions,00d087f5e0c28364f40a88ea65440fad99d864800ea3cc4f8b70fe4c04ce8ea9bd6aa21cc40c9f2508c1dde8fc79b324f27e029f2d84aed35c039754a5d33a775a009f,projects/modellearning/logs/run.googleapis.com%2Fstdout,,2024-02-29T20:25:10.642080982Z,sscartquery,northamerica-northeast1,modellearning,sscartquery-00011-jzl,sscartquery,cloud_run_revision,INFO,functions/Logic.java,2024-02-29T20:25:10.634777Z
65e0e8260008a6db3f4fa351,functions/Logic.java,service,cpu:=5500000000  rt:=5710907899,cloudfunctions,00d087f5e07bdae58c1f4da3364551cac54ac5362bf1a9581e7d4bf9a32f14aae9b89d873ef09e84a16dbd253a49be122c24eb757e668e06c6c2cc19262d914e45e911,projects/modellearning/logs/run.googleapis.com%2Fstdout,,2024-02-29T20:25:10.642080982Z,sscartquery,northamerica-northeast1,modellearning,sscartquery-00011-jzl,sscartquery,cloud_run_revision,INFO,functions/Logic.java,2024-02-29T20:25:10.567003Z
65e0e8260007ab95656d4187,functions/Logic.java,service,cpu:=2350000000  rt:=2441019107,cloudfunctions,00d087f5e025f1412d457ac9df76d9971bbb653901e64de3964b6771b432461e319b79b0f00c478208807a6c7a3fbf8874fe0596d4f63281afed598300217590a2678e,projects/modellearning/logs/run.googleapis.com%2Fstdout,,2024-02-29T20:25:10.642080982Z,sscartquery,northamerica-northeast1,modellearning,sscartquery-00011-jzl,sscartquery,cloud_run_revision,INFO,functions/Logic.java,2024-02-29T20:25:10.502677Z
65e0e8260004ae35051e3a9d,functions/Logic.java,service,cpu:=16500000000  rt:=1713450224,cloudfunctions,00d087f5e096f10c047c63271bf3ad0a02126a02b2e38fa8048979e18ea67d746ffa403f88d9a80d0fd5b28bb55609f2a74100003294e282c98f0e4563ee611fd74e6e,projects/modellearning/logs/run.googleapis.com%2Fstdout,,2024-02-29T20:25:10.308561387Z,sscartquery,northamerica-northeast1,modellearning,sscartquery-00011-jzl,sscartquery,cloud_run_revision,INFO,functions/Logic.java,2024-02-29T20:25:10.306741Z
65e0e8260004065fb4cf7385,functions/Logic.java,service,cpu:=210000000  rt:=206268065,cloudfunctions,00d087f5e0fb53247b367efd3d5bd3eb6ec2079ea1f90edc419a49866437bf458cfeca444aeaa3b7daf5636b05c06cb47d5f161f950d27b45213cc036890ef6262ebf3,projects/modellearning/logs/run.googleapis.com%2Fstdout,,2024-02-29T20:25:10.308561387Z,sscartquery,northamerica-northeast1,modellearning,sscartquery-00011-jzl,sscartquery,cloud_run_revision,INFO,functions/Logic.java,2024-02-29T20:25:10.263775Z
65e0e826000311526ad057c8,functions/Logic.java,service,cpu:=1460000000  rt:=1626491172,cloudfunctions,00d087f5e0b82d4393d4a7bbb7f14727933f8b96724a91b37d40394984760349848f0c657a1b55ad143d87d15617c08a8ba76acddb65a7eb3b550a40e4aceccdfb8d33,projects/modellearning/logs/run.googleapis.com%2Fstdout,,2024-02-29T20:25:10.308561387Z,sscartquery,northamerica-northeast1,modellearning,sscartquery-00011-jzl,sscartquery,cloud_run_revision,INFO,functions/Logic.java,2024-02-29T20:25:10.201042Z
65e0e8260000a0958e4f7c9e,functions/Logic.java,service,cpu:=560000000  rt:=600622972,cloudfunctions,00d087f5e0d2ec86d3e5125cd7f8c8da0159c6c9245f96f8b661fd58a2c43ac7b7746cbd693c48c899aa0e18c79c8f6e29e46ee53925108e8c6a70ca451f1b05c9a9d7,projects/modellearning/logs/run.googleapis.com%2Fstdout,,2024-02-29T20:25:10.308561387Z,sscartquery,northamerica-northeast1,modellearning,sscartquery-00011-jzl,sscartquery,cloud_run_revision,INFO,functions/Logic.java,2024-02-29T20:25:10.041109Z
65e0e82600002c051367c846,functions/Logic.java,service,cpu:=610000000  rt:=1047467269,cloudfunctions,00d087f5e06379a276e4a585f3c5060b28341f9ba1aae00b35146eef3c6bfe293ee854779cb36f3cc9ba10b75867900165815dba5f5fb35677f9397372dd0e41039340,projects/modellearning/logs/run.googleapis.com%2Fstdout,,2024-02-29T20:25:10.308561387Z,sscartquery,northamerica-northeast1,modellearning,sscartquery-00011-jzl,sscartquery,cloud_run_revision,INFO,functions/Logic.java,2024-02-29T20:25:10.011269Z
65e0e825000d1558b53b7cae,functions/Logic.java,service,cpu:=-9890000000  rt:=893614316,cloudfunctions,00d087f5e06379a276e4a585f3c5060b28341f9ba1aae00b35146eef3c6bfe293ee854779cb36f3cc9ba10b75867900165815dba5f5fb35677f9397372dd0e41039340,projects/modellearning/logs/run.googleapis.com%2Fstdout,,2024-02-29T20:25:09.976104495Z,sscartquery,northamerica-northeast1,modellearning,sscartquery-00011-jzl,sscartquery,cloud_run_revision,INFO,functions/Logic.java,2024-02-29T20:25:09.857432Z
65e0e825000b82085237f3a1,functions/Logic.java,service,cpu:=3410000000  rt:=3586365405,cloudfunctions,00d087f5e0fb53247b367efd3d5bd3eb6ec2079ea1f90edc419a49866437bf458cfeca444aeaa3b7daf5636b05c06cb47d5f161f950d27b45213cc036890ef6262ebf3,projects/modellearning/logs/run.googleapis.com%2Fstdout,,2024-02-29T20:25:09.976104495Z,sscartquery,northamerica-northeast1,modellearning,sscartquery-00011-jzl,sscartquery,cloud_run_revision,INFO,functions/Logic.java,2024-02-29T20:25:09.754184Z
65e0e825000ada8fb85ed142,functions/Logic.java,service,cpu:=310000000  rt:=314412395,cloudfunctions,00d087f5e04921ffa2ae878763f0217abb165fe4fe9a2e8a027ba11aed30e41dbddf4fc8615626ade2ce81a05b33cc0543a90b189fc41ef2749e7ddb07fe1c9b9eae6c,projects/modellearning/logs/run.googleapis.com%2Fstdout,,2024-02-29T20:25:09.976104495Z,sscartquery,northamerica-northeast1,modellearning,sscartquery-00011-jzl,sscartquery,cloud_run_revision,INFO,functions/Logic.java,2024-02-29T20:25:09.711311Z
65e0e825000a3ee7742889e1,functions/Logic.java,service,cpu:=2500000000  rt:=2608949918,cloudfunctions,00d087f5e0508b90f669d2e778e5edb119d2cf95bbdf1d474990a4029916e734b09cb9a2fbea2793facea51d590b84a7b32d827e55698dd1314956e833b1573e692dea,projects/modellearning/logs/run.googleapis.com%2Fstdout,,2024-02-29T20:25:09.976104495Z,sscartquery,northamerica-northeast1,modellearning,sscartquery-00011-jzl,sscartquery,cloud_run_revision,INFO,functions/Logic.java,2024-02-29T20:25:09.671463Z
65e0e8250006ef2d814d5c7c,functions/Logic.java,service,cpu:=280000000  rt:=527821401,cloudfunctions,00d087f5e0c28364f40a88ea65440fad99d864800ea3cc4f8b70fe4c04ce8ea9bd6aa21cc40c9f2508c1dde8fc79b324f27e029f2d84aed35c039754a5d33a775a009f,projects/modellearning/logs/run.googleapis.com%2Fstdout,,2024-02-29T20:25:09.643351917Z,sscartquery,northamerica-northeast1,modellearning,sscartquery-00011-jzl,sscartquery,cloud_run_revision,INFO,functions/Logic.java,2024-02-29T20:25:09.454445Z
65e0e82500019f8d7e0374f7,functions/Logic.java,service,cpu:=170000000  rt:=190859931,cloudfunctions,00d087f5e04921ffa2ae878763f0217abb165fe4fe9a2e8a027ba11aed30e41dbddf4fc8615626ade2ce81a05b33cc0543a90b189fc41ef2749e7ddb07fe1c9b9eae6c,projects/modellearning/logs/run.googleapis.com%2Fstdout,,2024-02-29T20:25:09.308972071Z,sscartquery,northamerica-northeast1,modellearning,sscartquery-00011-jzl,sscartquery,cloud_run_revision,INFO,functions/Logic.java,2024-02-29T20:25:09.106381Z
65e0e824000cbfd74d3d8503,functions/Logic.java,service,cpu:=9340000000  rt:=260702426,cloudfunctions,00d087f5e0b82d4393d4a7bbb7f14727933f8b96724a91b37d40394984760349848f0c657a1b55ad143d87d15617c08a8ba76acddb65a7eb3b550a40e4aceccdfb8d33,projects/modellearning/logs/run.googleapis.com%2Fstdout,,2024-02-29T20:25:08.976270441Z,sscartquery,northamerica-northeast1,modellearning,sscartquery-00011-jzl,sscartquery,cloud_run_revision,INFO,functions/Logic.java,2024-02-29T20:25:08.835543Z
65e0e824000c7549543bc577,functions/Logic.java,service,cpu:=1740000000  rt:=1801327175,cloudfunctions,00d087f5e04921ffa2ae878763f0217abb165fe4fe9a2e8a027ba11aed30e41dbddf4fc8615626ade2ce81a05b33cc0543a90b189fc41ef2749e7ddb07fe1c9b9eae6c,projects/modellearning/logs/run.googleapis.com%2Fstdout,,2024-02-29T20:25:08.976270441Z,sscartquery,northamerica-northeast1,modellearning,sscartquery-00011-jzl,sscartquery,cloud_run_revision,INFO,functions/Logic.java,2024-02-29T20:25:08.816457Z
65e0e824000b355fc53158ff,functions/Logic.java,service,cpu:=90000000  rt:=141727469,cloudfunctions,00d087f5e096f10c047c63271bf3ad0a02126a02b2e38fa8048979e18ea67d746ffa403f88d9a80d0fd5b28bb55609f2a74100003294e282c98f0e4563ee611fd74e6e,projects/modellearning/logs/run.googleapis.com%2Fstdout,,2024-02-29T20:25:08.976270441Z,sscartquery,northamerica-northeast1,modellearning,sscartquery-00011-jzl,sscartquery,cloud_run_revision,INFO,functions/Logic.java,2024-02-29T20:25:08.734559Z
65e0e824000926318c59d4e0,functions/Logic.java,service,cpu:=890000000  rt:=950023215,cloudfunctions,00d087f5e06379a276e4a585f3c5060b28341f9ba1aae00b35146eef3c6bfe293ee854779cb36f3cc9ba10b75867900165815dba5f5fb35677f9397372dd0e41039340,projects/modellearning/logs/run.googleapis.com%2Fstdout,,2024-02-29T20:25:08.643948661Z,sscartquery,northamerica-northeast1,modellearning,sscartquery-00011-jzl,sscartquery,cloud_run_revision,INFO,functions/Logic.java,2024-02-29T20:25:08.599601Z
65e0e8240007075a4ea32a19,functions/Logic.java,service,cpu:=2950000000  rt:=74138379,cloudfunctions,00d087f5e096f10c047c63271bf3ad0a02126a02b2e38fa8048979e18ea67d746ffa403f88d9a80d0fd5b28bb55609f2a74100003294e282c98f0e4563ee611fd74e6e,projects/modellearning/logs/run.googleapis.com%2Fstdout,,2024-02-29T20:25:08.643948661Z,sscartquery,northamerica-northeast1,modellearning,sscartquery-00011-jzl,sscartquery,cloud_run_revision,INFO,functions/Logic.java,2024-02-29T20:25:08.460634Z
65e0e8240006a3d7aeb7ea64,functions/Logic.java,service,cpu:=7470000000  rt:=61335546,cloudfunctions,00d087f5e0b82d4393d4a7bbb7f14727933f8b96724a91b37d40394984760349848f0c657a1b55ad143d87d15617c08a8ba76acddb65a7eb3b550a40e4aceccdfb8d33,projects/modellearning/logs/run.googleapis.com%2Fstdout,,2024-02-29T20:25:08.643948661Z,sscartquery,northamerica-northeast1,modellearning,sscartquery-00011-jzl,sscartquery,cloud_run_revision,INFO,functions/Logic.java,2024-02-29T20:25:08.435159Z
65e0e823000e42f443013d37,functions/Logic.java,service,cpu:=730000000  rt:=753643704,cloudfunctions,00d087f5e0c28364f40a88ea65440fad99d864800ea3cc4f8b70fe4c04ce8ea9bd6aa21cc40c9f2508c1dde8fc79b324f27e029f2d84aed35c039754a5d33a775a009f,projects/modellearning/logs/run.googleapis.com%2Fstdout,,2024-02-29T20:25:07.977102967Z,sscartquery,northamerica-northeast1,modellearning,sscartquery-00011-jzl,sscartquery,cloud_run_revision,INFO,functions/Logic.java,2024-02-29T20:25:07.934644Z
65e0e823000c468b4dedb598,functions/Logic.java,service,cpu:=120000000  rt:=119430183,cloudfunctions,00d087f5e025f1412d457ac9df76d9971bbb653901e64de3964b6771b432461e319b79b0f00c478208807a6c7a3fbf8874fe0596d4f63281afed598300217590a2678e,projects/modellearning/logs/run.googleapis.com%2Fstdout,,2024-02-29T20:25:07.977102967Z,sscartquery,northamerica-northeast1,modellearning,sscartquery-00011-jzl,sscartquery,cloud_run_revision,INFO,functions/Logic.java,2024-02-29T20:25:07.804491Z
65e0e8230009b055a9465768,functions/Logic.java,service,cpu:=4260000000  rt:=4392151636,cloudfunctions,00d087f5e025f1412d457ac9df76d9971bbb653901e64de3964b6771b432461e319b79b0f00c478208807a6c7a3fbf8874fe0596d4f63281afed598300217590a2678e,projects/modellearning/logs/run.googleapis.com%2Fstdout,,2024-02-29T20:25:07.643971495Z,sscartquery,northamerica-northeast1,modellearning,sscartquery-00011-jzl,sscartquery,cloud_run_revision,INFO,functions/Logic.java,2024-02-29T20:25:07.634965Z
65e0e82300013ec94cf1434c,functions/Logic.java,service,cpu:=1480000000  rt:=1532877277,cloudfunctions,00d087f5e06379a276e4a585f3c5060b28341f9ba1aae00b35146eef3c6bfe293ee854779cb36f3cc9ba10b75867900165815dba5f5fb35677f9397372dd0e41039340,projects/modellearning/logs/run.googleapis.com%2Fstdout,,2024-02-29T20:25:07.310915711Z,sscartquery,northamerica-northeast1,modellearning,sscartquery-00011-jzl,sscartquery,cloud_run_revision,INFO,functions/Logic.java,2024-02-29T20:25:07.081609Z
65e0e822000ef93e196792cb,functions/Logic.java,service,cpu:=420000000  rt:=436367201,cloudfunctions,00d087f5e096f10c047c63271bf3ad0a02126a02b2e38fa8048979e18ea67d746ffa403f88d9a80d0fd5b28bb55609f2a74100003294e282c98f0e4563ee611fd74e6e,projects/modellearning/logs/run.googleapis.com%2Fstdout,,2024-02-29T20:25:07.310915711Z,sscartquery,northamerica-northeast1,modellearning,sscartquery-00011-jzl,sscartquery,cloud_run_revision,INFO,functions/Logic.java,2024-02-29T20:25:06.981310Z
65e0e822000943d574fc505d,functions/Logic.java,service,cpu:=170000000  rt:=171190382,cloudfunctions,00d087f5e0b82d4393d4a7bbb7f14727933f8b96724a91b37d40394984760349848f0c657a1b55ad143d87d15617c08a8ba76acddb65a7eb3b550a40e4aceccdfb8d33,projects/modellearning/logs/run.googleapis.com%2Fstdout,,2024-02-29T20:25:06.645626431Z,sscartquery,northamerica-northeast1,modellearning,sscartquery-00011-jzl,sscartquery,cloud_run_revision,INFO,functions/Logic.java,2024-02-29T20:25:06.607189Z
65e0e8220005eb495c8a7c47,functions/Logic.java,service,cpu:=1050000000  rt:=1116117775,cloudfunctions,00d087f5e0c28364f40a88ea65440fad99d864800ea3cc4f8b70fe4c04ce8ea9bd6aa21cc40c9f2508c1dde8fc79b324f27e029f2d84aed35c039754a5d33a775a009f,projects/modellearning/logs/run.googleapis.com%2Fstdout,,2024-02-29T20:25:06.645626431Z,sscartquery,northamerica-northeast1,modellearning,sscartquery-00011-jzl,sscartquery,cloud_run_revision,INFO,functions/Logic.java,2024-02-29T20:25:06.387913Z
65e0e822000580a78ce4c0f1,functions/Logic.java,service,cpu:=1210000000  rt:=1230912530,cloudfunctions,00d087f5e0508b90f669d2e778e5edb119d2cf95bbdf1d474990a4029916e734b09cb9a2fbea2793facea51d590b84a7b32d827e55698dd1314956e833b1573e692dea,projects/modellearning/logs/run.googleapis.com%2Fstdout,,2024-02-29T20:25:06.645626431Z,sscartquery,northamerica-northeast1,modellearning,sscartquery-00011-jzl,sscartquery,cloud_run_revision,INFO,functions/Logic.java,2024-02-29T20:25:06.360615Z
65e0e82200027ecf26e64b2c,functions/Logic.java,service,cpu:=330000000  rt:=348149861,cloudfunctions,00d087f5e0fb53247b367efd3d5bd3eb6ec2079ea1f90edc419a49866437bf458cfeca444aeaa3b7daf5636b05c06cb47d5f161f950d27b45213cc036890ef6262ebf3,projects/modellearning/logs/run.googleapis.com%2Fstdout,,2024-02-29T20:25:06.312872035Z,sscartquery,northamerica-northeast1,modellearning,sscartquery-00011-jzl,sscartquery,cloud_run_revision,INFO,functions/Logic.java,2024-02-29T20:25:06.163535Z
65e0e8220001b24bb0dd8999,functions/Logic.java,service,cpu:=740000000  rt:=756533765,cloudfunctions,00d087f5e04921ffa2ae878763f0217abb165fe4fe9a2e8a027ba11aed30e41dbddf4fc8615626ade2ce81a05b33cc0543a90b189fc41ef2749e7ddb07fe1c9b9eae6c,projects/modellearning/logs/run.googleapis.com%2Fstdout,,2024-02-29T20:25:06.312872035Z,sscartquery,northamerica-northeast1,modellearning,sscartquery-00011-jzl,sscartquery,cloud_run_revision,INFO,functions/Logic.java,2024-02-29T20:25:06.111179Z
65e0e821000b3528e88ed463,functions/Logic.java,service,cpu:=260000000  rt:=280513957,cloudfunctions,00d087f5e096f10c047c63271bf3ad0a02126a02b2e38fa8048979e18ea67d746ffa403f88d9a80d0fd5b28bb55609f2a74100003294e282c98f0e4563ee611fd74e6e,projects/modellearning/logs/run.googleapis.com%2Fstdout,,2024-02-29T20:25:05.978871848Z,sscartquery,northamerica-northeast1,modellearning,sscartquery-00011-jzl,sscartquery,cloud_run_revision,INFO,functions/Logic.java,2024-02-29T20:25:05.734504Z
65e0e821000acb16513b11d6,functions/Logic.java,service,cpu:=860000000  rt:=878640990,cloudfunctions,00d087f5e0fb53247b367efd3d5bd3eb6ec2079ea1f90edc419a49866437bf458cfeca444aeaa3b7daf5636b05c06cb47d5f161f950d27b45213cc036890ef6262ebf3,projects/modellearning/logs/run.googleapis.com%2Fstdout,,2024-02-29T20:25:05.978871848Z,sscartquery,northamerica-northeast1,modellearning,sscartquery-00011-jzl,sscartquery,cloud_run_revision,INFO,functions/Logic.java,2024-02-29T20:25:05.707350Z
65e0e821000850d2ebe77e7d,functions/Logic.java,service,cpu:=80000000  rt:=103831262,cloudfunctions,00d087f5e0b82d4393d4a7bbb7f14727933f8b96724a91b37d40394984760349848f0c657a1b55ad143d87d15617c08a8ba76acddb65a7eb3b550a40e4aceccdfb8d33,projects/modellearning/logs/run.googleapis.com%2Fstdout,,2024-02-29T20:25:05.645749222Z,sscartquery,northamerica-northeast1,modellearning,sscartquery-00011-jzl,sscartquery,cloud_run_revision,INFO,functions/Logic.java,2024-02-29T20:25:05.544978Z
65e0e8210000de6972adacfb,functions/Logic.java,service,cpu:=350000000  rt:=358378631,cloudfunctions,00d087f5e06379a276e4a585f3c5060b28341f9ba1aae00b35146eef3c6bfe293ee854779cb36f3cc9ba10b75867900165815dba5f5fb35677f9397372dd0e41039340,projects/modellearning/logs/run.googleapis.com%2Fstdout,,2024-02-29T20:25:05.313160938Z,sscartquery,northamerica-northeast1,modellearning,sscartquery-00011-jzl,sscartquery,cloud_run_revision,INFO,functions/Logic.java,2024-02-29T20:25:05.056937Z
65e0e8210000dad2eb716c05,functions/Logic.java,service,cpu:=450000000  rt:=463468940,cloudfunctions,00d087f5e096f10c047c63271bf3ad0a02126a02b2e38fa8048979e18ea67d746ffa403f88d9a80d0fd5b28bb55609f2a74100003294e282c98f0e4563ee611fd74e6e,projects/modellearning/logs/run.googleapis.com%2Fstdout,,2024-02-29T20:25:05.313160938Z,sscartquery,northamerica-northeast1,modellearning,sscartquery-00011-jzl,sscartquery,cloud_run_revision,INFO,functions/Logic.java,2024-02-29T20:25:05.056018Z
65e0e8210000b14e5271a281,functions/Logic.java,service,cpu:=1970000000  rt:=2072962121,cloudfunctions,00d087f5e0b82d4393d4a7bbb7f14727933f8b96724a91b37d40394984760349848f0c657a1b55ad143d87d15617c08a8ba76acddb65a7eb3b550a40e4aceccdfb8d33,projects/modellearning/logs/run.googleapis.com%2Fstdout,,2024-02-29T20:25:05.313160938Z,sscartquery,northamerica-northeast1,modellearning,sscartquery-00011-jzl,sscartquery,cloud_run_revision,INFO,functions/Logic.java,2024-02-29T20:25:05.045390Z
65e0e82100008cea65e65a11,functions/Logic.java,service,cpu:=30000000  rt:=29670196,cloudfunctions,00d087f5e04921ffa2ae878763f0217abb165fe4fe9a2e8a027ba11aed30e41dbddf4fc8615626ade2ce81a05b33cc0543a90b189fc41ef2749e7ddb07fe1c9b9eae6c,projects/modellearning/logs/run.googleapis.com%2Fstdout,,2024-02-29T20:25:05.313160938Z,sscartquery,northamerica-northeast1,modellearning,sscartquery-00011-jzl,sscartquery,cloud_run_revision,INFO,functions/Logic.java,2024-02-29T20:25:05.036074Z
65e0e820000d9e3e62ceb2da,functions/Logic.java,service,cpu:=1590000000  rt:=1634005623,cloudfunctions,00d087f5e0c28364f40a88ea65440fad99d864800ea3cc4f8b70fe4c04ce8ea9bd6aa21cc40c9f2508c1dde8fc79b324f27e029f2d84aed35c039754a5d33a775a009f,projects/modellearning/logs/run.googleapis.com%2Fstdout,,2024-02-29T20:25:04.980026190Z,sscartquery,northamerica-northeast1,modellearning,sscartquery-00011-jzl,sscartquery,cloud_run_revision,INFO,functions/Logic.java,2024-02-29T20:25:04.892478Z
65e0e820000bc6ee63720733,functions/Logic.java,service,cpu:=970000000  rt:=1049995166,cloudfunctions,00d087f5e0fb53247b367efd3d5bd3eb6ec2079ea1f90edc419a49866437bf458cfeca444aeaa3b7daf5636b05c06cb47d5f161f950d27b45213cc036890ef6262ebf3,projects/modellearning/logs/run.googleapis.com%2Fstdout,,2024-02-29T20:25:04.980026190Z,sscartquery,northamerica-northeast1,modellearning,sscartquery-00011-jzl,sscartquery,cloud_run_revision,INFO,functions/Logic.java,2024-02-29T20:25:04.771822Z
65e0e82000063d755b48b9d4,functions/Logic.java,service,cpu:=20000000  rt:=20668243,cloudfunctions,00d087f5e0508b90f669d2e778e5edb119d2cf95bbdf1d474990a4029916e734b09cb9a2fbea2793facea51d590b84a7b32d827e55698dd1314956e833b1573e692dea,projects/modellearning/logs/run.googleapis.com%2Fstdout,,2024-02-29T20:25:04.646733613Z,sscartquery,northamerica-northeast1,modellearning,sscartquery-00011-jzl,sscartquery,cloud_run_revision,INFO,functions/Logic.java,2024-02-29T20:25:04.408949Z
65e0e82000051a222c884f15,functions/Logic.java,service,cpu:=620000000  rt:=635402706,cloudfunctions,00d087f5e04921ffa2ae878763f0217abb165fe4fe9a2e8a027ba11aed30e41dbddf4fc8615626ade2ce81a05b33cc0543a90b189fc41ef2749e7ddb07fe1c9b9eae6c,projects/modellearning/logs/run.googleapis.com%2Fstdout,,2024-02-29T20:25:04.646733613Z,sscartquery,northamerica-northeast1,modellearning,sscartquery-00011-jzl,sscartquery,cloud_run_revision,INFO,functions/Logic.java,2024-02-29T20:25:04.334370Z
65e0e82000039c8fa5c4e1d9,functions/Logic.java,service,cpu:=260000000  rt:=259144071,cloudfunctions,00d087f5e07bdae58c1f4da3364551cac54ac5362bf1a9581e7d4bf9a32f14aae9b89d873ef09e84a16dbd253a49be122c24eb757e668e06c6c2cc19262d914e45e911,projects/modellearning/logs/run.googleapis.com%2Fstdout,,2024-02-29T20:25:04.314107289Z,sscartquery,northamerica-northeast1,modellearning,sscartquery-00011-jzl,sscartquery,cloud_run_revision,INFO,functions/Logic.java,2024-02-29T20:25:04.236687Z
65e0e82000025cc14e59858d,functions/Logic.java,service,cpu:=390000000  rt:=416606541,cloudfunctions,00d087f5e06379a276e4a585f3c5060b28341f9ba1aae00b35146eef3c6bfe293ee854779cb36f3cc9ba10b75867900165815dba5f5fb35677f9397372dd0e41039340,projects/modellearning/logs/run.googleapis.com%2Fstdout,,2024-02-29T20:25:04.314107289Z,sscartquery,northamerica-northeast1,modellearning,sscartquery-00011-jzl,sscartquery,cloud_run_revision,INFO,functions/Logic.java,2024-02-29T20:25:04.154817Z
65e0e8200002487a2b8d7e80,functions/Logic.java,service,cpu:=30000000  rt:=21643914,cloudfunctions,00d087f5e096f10c047c63271bf3ad0a02126a02b2e38fa8048979e18ea67d746ffa403f88d9a80d0fd5b28bb55609f2a74100003294e282c98f0e4563ee611fd74e6e,projects/modellearning/logs/run.googleapis.com%2Fstdout,,2024-02-29T20:25:04.314107289Z,sscartquery,northamerica-northeast1,modellearning,sscartquery-00011-jzl,sscartquery,cloud_run_revision,INFO,functions/Logic.java,2024-02-29T20:25:04.149626Z
65e0e82000008b8f9d902221,functions/Logic.java,service,cpu:=1210000000  rt:=1247311052,cloudfunctions,00d087f5e0508b90f669d2e778e5edb119d2cf95bbdf1d474990a4029916e734b09cb9a2fbea2793facea51d590b84a7b32d827e55698dd1314956e833b1573e692dea,projects/modellearning/logs/run.googleapis.com%2Fstdout,,2024-02-29T20:25:04.314107289Z,sscartquery,northamerica-northeast1,modellearning,sscartquery-00011-jzl,sscartquery,cloud_run_revision,INFO,functions/Logic.java,2024-02-29T20:25:04.035727Z
65e0e81f000cbba772ec0fc5,functions/Logic.java,service,cpu:=170000000  rt:=173739606,cloudfunctions,00d087f5e096f10c047c63271bf3ad0a02126a02b2e38fa8048979e18ea67d746ffa403f88d9a80d0fd5b28bb55609f2a74100003294e282c98f0e4563ee611fd74e6e,projects/modellearning/logs/run.googleapis.com%2Fstdout,,2024-02-29T20:25:03.980715920Z,sscartquery,northamerica-northeast1,modellearning,sscartquery-00011-jzl,sscartquery,cloud_run_revision,INFO,functions/Logic.java,2024-02-29T20:25:03.834471Z
65e0e81f000abc0372d5c574,functions/Logic.java,service,cpu:=-10820000000  rt:=1328620451,cloudfunctions,00d087f5e0fb53247b367efd3d5bd3eb6ec2079ea1f90edc419a49866437bf458cfeca444aeaa3b7daf5636b05c06cb47d5f161f950d27b45213cc036890ef6262ebf3,projects/modellearning/logs/run.googleapis.com%2Fstdout,,2024-02-29T20:25:03.980715920Z,sscartquery,northamerica-northeast1,modellearning,sscartquery-00011-jzl,sscartquery,cloud_run_revision,INFO,functions/Logic.java,2024-02-29T20:25:03.703491Z
65e0e81f000a326e30201478,functions/Logic.java,service,cpu:=340000000  rt:=342904831,cloudfunctions,00d087f5e07bdae58c1f4da3364551cac54ac5362bf1a9581e7d4bf9a32f14aae9b89d873ef09e84a16dbd253a49be122c24eb757e668e06c6c2cc19262d914e45e911,projects/modellearning/logs/run.googleapis.com%2Fstdout,,2024-02-29T20:25:03.980715920Z,sscartquery,northamerica-northeast1,modellearning,sscartquery-00011-jzl,sscartquery,cloud_run_revision,INFO,functions/Logic.java,2024-02-29T20:25:03.668270Z
65e0e81f000a09308d15d0e6,functions/Logic.java,service,cpu:=300000000  rt:=298168950,cloudfunctions,00d087f5e06379a276e4a585f3c5060b28341f9ba1aae00b35146eef3c6bfe293ee854779cb36f3cc9ba10b75867900165815dba5f5fb35677f9397372dd0e41039340,projects/modellearning/logs/run.googleapis.com%2Fstdout,,2024-02-29T20:25:03.980715920Z,sscartquery,northamerica-northeast1,modellearning,sscartquery-00011-jzl,sscartquery,cloud_run_revision,INFO,functions/Logic.java,2024-02-29T20:25:03.657712Z
65e0e81f0006a1257c917322,functions/Logic.java,service,cpu:=510000000  rt:=511772864,cloudfunctions,00d087f5e04921ffa2ae878763f0217abb165fe4fe9a2e8a027ba11aed30e41dbddf4fc8615626ade2ce81a05b33cc0543a90b189fc41ef2749e7ddb07fe1c9b9eae6c,projects/modellearning/logs/run.googleapis.com%2Fstdout,,2024-02-29T20:25:03.647707175Z,sscartquery,northamerica-northeast1,modellearning,sscartquery-00011-jzl,sscartquery,cloud_run_revision,INFO,functions/Logic.java,2024-02-29T20:25:03.434469Z
65e0e81f00059cf8a7e9c9e9,functions/Logic.java,service,cpu:=590000000  rt:=993033474,cloudfunctions,00d087f5e0fb53247b367efd3d5bd3eb6ec2079ea1f90edc419a49866437bf458cfeca444aeaa3b7daf5636b05c06cb47d5f161f950d27b45213cc036890ef6262ebf3,projects/modellearning/logs/run.googleapis.com%2Fstdout,,2024-02-29T20:25:03.647707175Z,sscartquery,northamerica-northeast1,modellearning,sscartquery-00011-jzl,sscartquery,cloud_run_revision,INFO,functions/Logic.java,2024-02-29T20:25:03.367864Z
65e0e81f00039f2a4ac16816,functions/Logic.java,service,cpu:=260000000  rt:=264730904,cloudfunctions,00d087f5e096f10c047c63271bf3ad0a02126a02b2e38fa8048979e18ea67d746ffa403f88d9a80d0fd5b28bb55609f2a74100003294e282c98f0e4563ee611fd74e6e,projects/modellearning/logs/run.googleapis.com%2Fstdout,,2024-02-29T20:25:03.314750482Z,sscartquery,northamerica-northeast1,modellearning,sscartquery-00011-jzl,sscartquery,cloud_run_revision,INFO,functions/Logic.java,2024-02-29T20:25:03.237354Z
65e0e81f0002db23bfcbdcb2,functions/Logic.java,service,cpu:=1790000000  rt:=1846206763,cloudfunctions,00d087f5e06379a276e4a585f3c5060b28341f9ba1aae00b35146eef3c6bfe293ee854779cb36f3cc9ba10b75867900165815dba5f5fb35677f9397372dd0e41039340,projects/modellearning/logs/run.googleapis.com%2Fstdout,,2024-02-29T20:25:03.314750482Z,sscartquery,northamerica-northeast1,modellearning,sscartquery-00011-jzl,sscartquery,cloud_run_revision,INFO,functions/Logic.java,2024-02-29T20:25:03.187171Z
65e0e81f00017c701ef58854,functions/Logic.java,service,cpu:=330000000  rt:=343243380,cloudfunctions,00d087f5e07bdae58c1f4da3364551cac54ac5362bf1a9581e7d4bf9a32f14aae9b89d873ef09e84a16dbd253a49be122c24eb757e668e06c6c2cc19262d914e45e911,projects/modellearning/logs/run.googleapis.com%2Fstdout,,2024-02-29T20:25:03.314750482Z,sscartquery,northamerica-northeast1,modellearning,sscartquery-00011-jzl,sscartquery,cloud_run_revision,INFO,functions/Logic.java,2024-02-29T20:25:03.097392Z
65e0e81f000086c6267cb46e,functions/Logic.java,service,cpu:=560000000  rt:=570646131,cloudfunctions,00d087f5e0c28364f40a88ea65440fad99d864800ea3cc4f8b70fe4c04ce8ea9bd6aa21cc40c9f2508c1dde8fc79b324f27e029f2d84aed35c039754a5d33a775a009f,projects/modellearning/logs/run.googleapis.com%2Fstdout,,2024-02-29T20:25:03.314750482Z,sscartquery,northamerica-northeast1,modellearning,sscartquery-00011-jzl,sscartquery,cloud_run_revision,INFO,functions/Logic.java,2024-02-29T20:25:03.034502Z
65e0e81e000d704842c9e8cf,functions/Logic.java,service,cpu:=130000000  rt:=131630195,cloudfunctions,00d087f5e025f1412d457ac9df76d9971bbb653901e64de3964b6771b432461e319b79b0f00c478208807a6c7a3fbf8874fe0596d4f63281afed598300217590a2678e,projects/modellearning/logs/run.googleapis.com%2Fstdout,,2024-02-29T20:25:02.981952173Z,sscartquery,northamerica-northeast1,modellearning,sscartquery-00011-jzl,sscartquery,cloud_run_revision,INFO,functions/Logic.java,2024-02-29T20:25:02.880712Z
65e0e81e000d41bf3271145e,functions/Logic.java,service,cpu:=1530000000  rt:=1628384690,cloudfunctions,00d087f5e0b82d4393d4a7bbb7f14727933f8b96724a91b37d40394984760349848f0c657a1b55ad143d87d15617c08a8ba76acddb65a7eb3b550a40e4aceccdfb8d33,projects/modellearning/logs/run.googleapis.com%2Fstdout,,2024-02-29T20:25:02.981952173Z,sscartquery,northamerica-northeast1,modellearning,sscartquery-00011-jzl,sscartquery,cloud_run_revision,INFO,functions/Logic.java,2024-02-29T20:25:02.868799Z
65e0e81e000b3554304f5d40,functions/Logic.java,service,cpu:=2190000000  rt:=2275092095,cloudfunctions,00d087f5e096f10c047c63271bf3ad0a02126a02b2e38fa8048979e18ea67d746ffa403f88d9a80d0fd5b28bb55609f2a74100003294e282c98f0e4563ee611fd74e6e,projects/modellearning/logs/run.googleapis.com%2Fstdout,,2024-02-29T20:25:02.981952173Z,sscartquery,northamerica-northeast1,modellearning,sscartquery-00011-jzl,sscartquery,cloud_run_revision,INFO,functions/Logic.java,2024-02-29T20:25:02.734548Z
65e0e81e000827f70aa2ff43,functions/Logic.java,service,cpu:=2300000000  rt:=2368701028,cloudfunctions,00d087f5e04921ffa2ae878763f0217abb165fe4fe9a2e8a027ba11aed30e41dbddf4fc8615626ade2ce81a05b33cc0543a90b189fc41ef2749e7ddb07fe1c9b9eae6c,projects/modellearning/logs/run.googleapis.com%2Fstdout,,2024-02-29T20:25:02.649557892Z,sscartquery,northamerica-northeast1,modellearning,sscartquery-00011-jzl,sscartquery,cloud_run_revision,INFO,functions/Logic.java,2024-02-29T20:25:02.534519Z
65e0e81e00079098fd6d29d3,functions/Logic.java,service,cpu:=2000000000  rt:=2095627823,cloudfunctions,00d087f5e0508b90f669d2e778e5edb119d2cf95bbdf1d474990a4029916e734b09cb9a2fbea2793facea51d590b84a7b32d827e55698dd1314956e833b1573e692dea,projects/modellearning/logs/run.googleapis.com%2Fstdout,,2024-02-29T20:25:02.649557892Z,sscartquery,northamerica-northeast1,modellearning,sscartquery-00011-jzl,sscartquery,cloud_run_revision,INFO,functions/Logic.java,2024-02-29T20:25:02.495768Z
65e0e81e00028c78c36e64ce,functions/Logic.java,service,cpu:=3160000000  rt:=3285028069,cloudfunctions,00d087f5e07bdae58c1f4da3364551cac54ac5362bf1a9581e7d4bf9a32f14aae9b89d873ef09e84a16dbd253a49be122c24eb757e668e06c6c2cc19262d914e45e911,projects/modellearning/logs/run.googleapis.com%2Fstdout,,2024-02-29T20:25:02.315739077Z,sscartquery,northamerica-northeast1,modellearning,sscartquery-00011-jzl,sscartquery,cloud_run_revision,INFO,functions/Logic.java,2024-02-29T20:25:02.167032Z
65e0e81d000e425afb1da773,functions/Logic.java,service,cpu:=2970000000  rt:=3095953898,cloudfunctions,00d087f5e025f1412d457ac9df76d9971bbb653901e64de3964b6771b432461e319b79b0f00c478208807a6c7a3fbf8874fe0596d4f63281afed598300217590a2678e,projects/modellearning/logs/run.googleapis.com%2Fstdout,,2024-02-29T20:25:01.983467179Z,sscartquery,northamerica-northeast1,modellearning,sscartquery-00011-jzl,sscartquery,cloud_run_revision,INFO,functions/Logic.java,2024-02-29T20:25:01.934490Z
65e0e81d000591eec2205860,functions/Logic.java,service,cpu:=560000000  rt:=621526782,cloudfunctions,00d087f5e0fb53247b367efd3d5bd3eb6ec2079ea1f90edc419a49866437bf458cfeca444aeaa3b7daf5636b05c06cb47d5f161f950d27b45213cc036890ef6262ebf3,projects/modellearning/logs/run.googleapis.com%2Fstdout,,2024-02-29T20:25:01.650593694Z,sscartquery,northamerica-northeast1,modellearning,sscartquery-00011-jzl,sscartquery,cloud_run_revision,INFO,functions/Logic.java,2024-02-29T20:25:01.365038Z
65e0e81d0000cd4944198f29,functions/Logic.java,service,cpu:=70000000  rt:=70274434,cloudfunctions,00d087f5e0c28364f40a88ea65440fad99d864800ea3cc4f8b70fe4c04ce8ea9bd6aa21cc40c9f2508c1dde8fc79b324f27e029f2d84aed35c039754a5d33a775a009f,projects/modellearning/logs/run.googleapis.com%2Fstdout,,2024-02-29T20:25:01.317535190Z,sscartquery,northamerica-northeast1,modellearning,sscartquery-00011-jzl,sscartquery,cloud_run_revision,INFO,functions/Logic.java,2024-02-29T20:25:01.052553Z
65e0e81c000b6b153f5f2890,functions/Logic.java,service,cpu:=750000000  rt:=795776881,cloudfunctions,00d087f5e06379a276e4a585f3c5060b28341f9ba1aae00b35146eef3c6bfe293ee854779cb36f3cc9ba10b75867900165815dba5f5fb35677f9397372dd0e41039340,projects/modellearning/logs/run.googleapis.com%2Fstdout,,2024-02-29T20:25:00.983437669Z,sscartquery,northamerica-northeast1,modellearning,sscartquery-00011-jzl,sscartquery,cloud_run_revision,INFO,functions/Logic.java,2024-02-29T20:25:00.748309Z
65e0e81c000aa6a1caf6c395,functions/Logic.java,service,cpu:=270000000  rt:=293224780,cloudfunctions,00d087f5e0b82d4393d4a7bbb7f14727933f8b96724a91b37d40394984760349848f0c657a1b55ad143d87d15617c08a8ba76acddb65a7eb3b550a40e4aceccdfb8d33,projects/modellearning/logs/run.googleapis.com%2Fstdout,,2024-02-29T20:25:00.983437669Z,sscartquery,northamerica-northeast1,modellearning,sscartquery-00011-jzl,sscartquery,cloud_run_revision,INFO,functions/Logic.java,2024-02-29T20:25:00.698017Z
65e0e81c00085cbe3549c245,functions/Logic.java,service,cpu:=760000000  rt:=767125529,cloudfunctions,00d087f5e0fb53247b367efd3d5bd3eb6ec2079ea1f90edc419a49866437bf458cfeca444aeaa3b7daf5636b05c06cb47d5f161f950d27b45213cc036890ef6262ebf3,projects/modellearning/logs/run.googleapis.com%2Fstdout,,2024-02-29T20:25:00.651034946Z,sscartquery,northamerica-northeast1,modellearning,sscartquery-00011-jzl,sscartquery,cloud_run_revision,INFO,functions/Logic.java,2024-02-29T20:25:00.548030Z
65e0e81c00084990bd269448,functions/Logic.java,service,cpu:=90000000  rt:=89196409,cloudfunctions,00d087f5e0c28364f40a88ea65440fad99d864800ea3cc4f8b70fe4c04ce8ea9bd6aa21cc40c9f2508c1dde8fc79b324f27e029f2d84aed35c039754a5d33a775a009f,projects/modellearning/logs/run.googleapis.com%2Fstdout,,2024-02-29T20:25:00.651034946Z,sscartquery,northamerica-northeast1,modellearning,sscartquery-00011-jzl,sscartquery,cloud_run_revision,INFO,functions/Logic.java,2024-02-29T20:25:00.543120Z
65e0e81c0006a21aec379ac9,functions/Logic.java,service,cpu:=930000000  rt:=990178742,cloudfunctions,00d087f5e096f10c047c63271bf3ad0a02126a02b2e38fa8048979e18ea67d746ffa403f88d9a80d0fd5b28bb55609f2a74100003294e282c98f0e4563ee611fd74e6e,projects/modellearning/logs/run.googleapis.com%2Fstdout,,2024-02-29T20:25:00.651034946Z,sscartquery,northamerica-northeast1,modellearning,sscartquery-00011-jzl,sscartquery,cloud_run_revision,INFO,functions/Logic.java,2024-02-29T20:25:00.434714Z
65e0e81b000e5a49fd24f98d,functions/Logic.java,service,cpu:=40000000  rt:=50052020,cloudfunctions,00d087f5e0c28364f40a88ea65440fad99d864800ea3cc4f8b70fe4c04ce8ea9bd6aa21cc40c9f2508c1dde8fc79b324f27e029f2d84aed35c039754a5d33a775a009f,projects/modellearning/logs/run.googleapis.com%2Fstdout,,2024-02-29T20:24:59.984581175Z,sscartquery,northamerica-northeast1,modellearning,sscartquery-00011-jzl,sscartquery,cloud_run_revision,INFO,functions/Logic.java,2024-02-29T20:24:59.940617Z
65e0e81b000c57d398d7c964,functions/Logic.java,service,cpu:=12420000000  rt:=1681116090,cloudfunctions,00d087f5e0b82d4393d4a7bbb7f14727933f8b96724a91b37d40394984760349848f0c657a1b55ad143d87d15617c08a8ba76acddb65a7eb3b550a40e4aceccdfb8d33,projects/modellearning/logs/run.googleapis.com%2Fstdout,,2024-02-29T20:24:59.984581175Z,sscartquery,northamerica-northeast1,modellearning,sscartquery-00011-jzl,sscartquery,cloud_run_revision,INFO,functions/Logic.java,2024-02-29T20:24:59.808915Z
65e0e81b000b34860b864ae4,functions/Logic.java,service,cpu:=750000000  rt:=760888966,cloudfunctions,00d087f5e0fb53247b367efd3d5bd3eb6ec2079ea1f90edc419a49866437bf458cfeca444aeaa3b7daf5636b05c06cb47d5f161f950d27b45213cc036890ef6262ebf3,projects/modellearning/logs/run.googleapis.com%2Fstdout,,2024-02-29T20:24:59.984581175Z,sscartquery,northamerica-northeast1,modellearning,sscartquery-00011-jzl,sscartquery,cloud_run_revision,INFO,functions/Logic.java,2024-02-29T20:24:59.734342Z
65e0e81b00089f4e0f2214bb,functions/Logic.java,service,cpu:=3860000000  rt:=4046372399,cloudfunctions,00d087f5e0508b90f669d2e778e5edb119d2cf95bbdf1d474990a4029916e734b09cb9a2fbea2793facea51d590b84a7b32d827e55698dd1314956e833b1573e692dea,projects/modellearning/logs/run.googleapis.com%2Fstdout,,2024-02-29T20:24:59.651627697Z,sscartquery,northamerica-northeast1,modellearning,sscartquery-00011-jzl,sscartquery,cloud_run_revision,INFO,functions/Logic.java,2024-02-29T20:24:59.565070Z
65e0e81b0006e12f989a55e5,functions/Logic.java,service,cpu:=1400000000  rt:=1597917575,cloudfunctions,00d087f5e04921ffa2ae878763f0217abb165fe4fe9a2e8a027ba11aed30e41dbddf4fc8615626ade2ce81a05b33cc0543a90b189fc41ef2749e7ddb07fe1c9b9eae6c,projects/modellearning/logs/run.googleapis.com%2Fstdout,,2024-02-29T20:24:59.651627697Z,sscartquery,northamerica-northeast1,modellearning,sscartquery-00011-jzl,sscartquery,cloud_run_revision,INFO,functions/Logic.java,2024-02-29T20:24:59.450863Z
65e0e81b0006174111dc9c3c,functions/Logic.java,service,cpu:=170000000  rt:=172026110,cloudfunctions,00d087f5e06379a276e4a585f3c5060b28341f9ba1aae00b35146eef3c6bfe293ee854779cb36f3cc9ba10b75867900165815dba5f5fb35677f9397372dd0e41039340,projects/modellearning/logs/run.googleapis.com%2Fstdout,,2024-02-29T20:24:59.651627697Z,sscartquery,northamerica-northeast1,modellearning,sscartquery-00011-jzl,sscartquery,cloud_run_revision,INFO,functions/Logic.java,2024-02-29T20:24:59.399169Z
65e0e81b0005c08307a23e48,functions/Logic.java,service,cpu:=930000000  rt:=967041960,cloudfunctions,00d087f5e0c28364f40a88ea65440fad99d864800ea3cc4f8b70fe4c04ce8ea9bd6aa21cc40c9f2508c1dde8fc79b324f27e029f2d84aed35c039754a5d33a775a009f,projects/modellearning/logs/run.googleapis.com%2Fstdout,,2024-02-29T20:24:59.651627697Z,sscartquery,northamerica-northeast1,modellearning,sscartquery-00011-jzl,sscartquery,cloud_run_revision,INFO,functions/Logic.java,2024-02-29T20:24:59.376963Z
65e0e81b00039aef3113ae61,functions/Logic.java,service,cpu:=1100000000  rt:=1385136726,cloudfunctions,00d087f5e096f10c047c63271bf3ad0a02126a02b2e38fa8048979e18ea67d746ffa403f88d9a80d0fd5b28bb55609f2a74100003294e282c98f0e4563ee611fd74e6e,projects/modellearning/logs/run.googleapis.com%2Fstdout,,2024-02-29T20:24:59.319090158Z,sscartquery,northamerica-northeast1,modellearning,sscartquery-00011-jzl,sscartquery,cloud_run_revision,INFO,functions/Logic.java,2024-02-29T20:24:59.236271Z
65e0e81b00020f454529e941,functions/Logic.java,service,cpu:=510000000  rt:=1007212042,cloudfunctions,00d087f5e0b82d4393d4a7bbb7f14727933f8b96724a91b37d40394984760349848f0c657a1b55ad143d87d15617c08a8ba76acddb65a7eb3b550a40e4aceccdfb8d33,projects/modellearning/logs/run.googleapis.com%2Fstdout,,2024-02-29T20:24:59.319090158Z,sscartquery,northamerica-northeast1,modellearning,sscartquery-00011-jzl,sscartquery,cloud_run_revision,INFO,functions/Logic.java,2024-02-29T20:24:59.134981Z
65e0e81a000e445632ecaf35,functions/Logic.java,service,cpu:=1350000000  rt:=1416115155,cloudfunctions,00d087f5e0fb53247b367efd3d5bd3eb6ec2079ea1f90edc419a49866437bf458cfeca444aeaa3b7daf5636b05c06cb47d5f161f950d27b45213cc036890ef6262ebf3,projects/modellearning/logs/run.googleapis.com%2Fstdout,,2024-02-29T20:24:58.985254555Z,sscartquery,northamerica-northeast1,modellearning,sscartquery-00011-jzl,sscartquery,cloud_run_revision,INFO,functions/Logic.java,2024-02-29T20:24:58.934998Z
65e0e81a000d081126166d1f,functions/Logic.java,service,cpu:=70000000  rt:=69067713,cloudfunctions,00d087f5e06379a276e4a585f3c5060b28341f9ba1aae00b35146eef3c6bfe293ee854779cb36f3cc9ba10b75867900165815dba5f5fb35677f9397372dd0e41039340,projects/modellearning/logs/run.googleapis.com%2Fstdout,,2024-02-29T20:24:58.985254555Z,sscartquery,northamerica-northeast1,modellearning,sscartquery-00011-jzl,sscartquery,cloud_run_revision,INFO,functions/Logic.java,2024-02-29T20:24:58.854033Z
65e0e81a000b3bc8c0e6bcfe,functions/Logic.java,service,cpu:=500000000  rt:=897838711,cloudfunctions,00d087f5e07bdae58c1f4da3364551cac54ac5362bf1a9581e7d4bf9a32f14aae9b89d873ef09e84a16dbd253a49be122c24eb757e668e06c6c2cc19262d914e45e911,projects/modellearning/logs/run.googleapis.com%2Fstdout,,2024-02-29T20:24:58.985254555Z,sscartquery,northamerica-northeast1,modellearning,sscartquery-00011-jzl,sscartquery,cloud_run_revision,INFO,functions/Logic.java,2024-02-29T20:24:58.736200Z
65e0e81a0009b06a8b65e5da,functions/Logic.java,service,cpu:=-3160000000  rt:=797233638,cloudfunctions,00d087f5e07bdae58c1f4da3364551cac54ac5362bf1a9581e7d4bf9a32f14aae9b89d873ef09e84a16dbd253a49be122c24eb757e668e06c6c2cc19262d914e45e911,projects/modellearning/logs/run.googleapis.com%2Fstdout,,2024-02-29T20:24:58.653304160Z,sscartquery,northamerica-northeast1,modellearning,sscartquery-00011-jzl,sscartquery,cloud_run_revision,INFO,functions/Logic.java,2024-02-29T20:24:58.634986Z
65e0e81a0005a04ace8a08e2,functions/Logic.java,service,cpu:=5360000000  rt:=517833323,cloudfunctions,00d087f5e096f10c047c63271bf3ad0a02126a02b2e38fa8048979e18ea67d746ffa403f88d9a80d0fd5b28bb55609f2a74100003294e282c98f0e4563ee611fd74e6e,projects/modellearning/logs/run.googleapis.com%2Fstdout,,2024-02-29T20:24:58.653304160Z,sscartquery,northamerica-northeast1,modellearning,sscartquery-00011-jzl,sscartquery,cloud_run_revision,INFO,functions/Logic.java,2024-02-29T20:24:58.368714Z
65e0e81a00051a4b81dc8d34,functions/Logic.java,service,cpu:=-5450000000  rt:=481592889,cloudfunctions,00d087f5e04921ffa2ae878763f0217abb165fe4fe9a2e8a027ba11aed30e41dbddf4fc8615626ade2ce81a05b33cc0543a90b189fc41ef2749e7ddb07fe1c9b9eae6c,projects/modellearning/logs/run.googleapis.com%2Fstdout,,2024-02-29T20:24:58.653304160Z,sscartquery,northamerica-northeast1,modellearning,sscartquery-00011-jzl,sscartquery,cloud_run_revision,INFO,functions/Logic.java,2024-02-29T20:24:58.334411Z
65e0e81a00047e1720952f10,functions/Logic.java,service,cpu:=6120000000  rt:=6517649797,cloudfunctions,00d087f5e025f1412d457ac9df76d9971bbb653901e64de3964b6771b432461e319b79b0f00c478208807a6c7a3fbf8874fe0596d4f63281afed598300217590a2678e,projects/modellearning/logs/run.googleapis.com%2Fstdout,,2024-02-29T20:24:58.320521761Z,sscartquery,northamerica-northeast1,modellearning,sscartquery-00011-jzl,sscartquery,cloud_run_revision,INFO,functions/Logic.java,2024-02-29T20:24:58.294423Z
65e0e81a000418a0875da783,functions/Logic.java,service,cpu:=920000000  rt:=953260185,cloudfunctions,00d087f5e06379a276e4a585f3c5060b28341f9ba1aae00b35146eef3c6bfe293ee854779cb36f3cc9ba10b75867900165815dba5f5fb35677f9397372dd0e41039340,projects/modellearning/logs/run.googleapis.com%2Fstdout,,2024-02-29T20:24:58.320521761Z,sscartquery,northamerica-northeast1,modellearning,sscartquery-00011-jzl,sscartquery,cloud_run_revision,INFO,functions/Logic.java,2024-02-29T20:24:58.268448Z
65e0e81a00028e857fe3aa19,functions/Logic.java,service,cpu:=1820000000  rt:=1903301196,cloudfunctions,00d087f5e0c28364f40a88ea65440fad99d864800ea3cc4f8b70fe4c04ce8ea9bd6aa21cc40c9f2508c1dde8fc79b324f27e029f2d84aed35c039754a5d33a775a009f,projects/modellearning/logs/run.googleapis.com%2Fstdout,,2024-02-29T20:24:58.320521761Z,sscartquery,northamerica-northeast1,modellearning,sscartquery-00011-jzl,sscartquery,cloud_run_revision,INFO,functions/Logic.java,2024-02-29T20:24:58.167557Z
65e0e819000cfd1a64148aec,functions/Logic.java,service,cpu:=70000000  rt:=159900371,cloudfunctions,00d087f5e0b82d4393d4a7bbb7f14727933f8b96724a91b37d40394984760349848f0c657a1b55ad143d87d15617c08a8ba76acddb65a7eb3b550a40e4aceccdfb8d33,projects/modellearning/logs/run.googleapis.com%2Fstdout,,2024-02-29T20:24:57.987181427Z,sscartquery,northamerica-northeast1,modellearning,sscartquery-00011-jzl,sscartquery,cloud_run_revision,INFO,functions/Logic.java,2024-02-29T20:24:57.851226Z
65e0e819000a9107b85cffe8,functions/Logic.java,service,cpu:=500000000  rt:=509672879,cloudfunctions,00d087f5e07bdae58c1f4da3364551cac54ac5362bf1a9581e7d4bf9a32f14aae9b89d873ef09e84a16dbd253a49be122c24eb757e668e06c6c2cc19262d914e45e911,projects/modellearning/logs/run.googleapis.com%2Fstdout,,2024-02-29T20:24:57.987181427Z,sscartquery,northamerica-northeast1,modellearning,sscartquery-00011-jzl,sscartquery,cloud_run_revision,INFO,functions/Logic.java,2024-02-29T20:24:57.692487Z
65e0e8190006303f9c386063,functions/Logic.java,service,cpu:=1520000000  rt:=1595586169,cloudfunctions,00d087f5e0fb53247b367efd3d5bd3eb6ec2079ea1f90edc419a49866437bf458cfeca444aeaa3b7daf5636b05c06cb47d5f161f950d27b45213cc036890ef6262ebf3,projects/modellearning/logs/run.googleapis.com%2Fstdout,,2024-02-29T20:24:57.653159489Z,sscartquery,northamerica-northeast1,modellearning,sscartquery-00011-jzl,sscartquery,cloud_run_revision,INFO,functions/Logic.java,2024-02-29T20:24:57.405567Z
65e0e8190005bd731d921bac,functions/Logic.java,service,cpu:=20000000  rt:=29997544,cloudfunctions,00d087f5e0b82d4393d4a7bbb7f14727933f8b96724a91b37d40394984760349848f0c657a1b55ad143d87d15617c08a8ba76acddb65a7eb3b550a40e4aceccdfb8d33,projects/modellearning/logs/run.googleapis.com%2Fstdout,,2024-02-29T20:24:57.653159489Z,sscartquery,northamerica-northeast1,modellearning,sscartquery-00011-jzl,sscartquery,cloud_run_revision,INFO,functions/Logic.java,2024-02-29T20:24:57.376179Z
65e0e8190004a204b599ce2c,functions/Logic.java,service,cpu:=840000000  rt:=865204919,cloudfunctions,00d087f5e06379a276e4a585f3c5060b28341f9ba1aae00b35146eef3c6bfe293ee854779cb36f3cc9ba10b75867900165815dba5f5fb35677f9397372dd0e41039340,projects/modellearning/logs/run.googleapis.com%2Fstdout,,2024-02-29T20:24:57.321006606Z,sscartquery,northamerica-northeast1,modellearning,sscartquery-00011-jzl,sscartquery,cloud_run_revision,INFO,functions/Logic.java,2024-02-29T20:24:57.303620Z
65e0e818000bf96c9fe9cf4c,functions/Logic.java,service,cpu:=390000000  rt:=447736308,cloudfunctions,00d087f5e0b82d4393d4a7bbb7f14727933f8b96724a91b37d40394984760349848f0c657a1b55ad143d87d15617c08a8ba76acddb65a7eb3b550a40e4aceccdfb8d33,projects/modellearning/logs/run.googleapis.com%2Fstdout,,2024-02-29T20:24:56.987778323Z,sscartquery,northamerica-northeast1,modellearning,sscartquery-00011-jzl,sscartquery,cloud_run_revision,INFO,functions/Logic.java,2024-02-29T20:24:56.784748Z
65e0e817000e43f8ae126b32,functions/Logic.java,service,cpu:=860000000  rt:=895834178,cloudfunctions,00d087f5e07bdae58c1f4da3364551cac54ac5362bf1a9581e7d4bf9a32f14aae9b89d873ef09e84a16dbd253a49be122c24eb757e668e06c6c2cc19262d914e45e911,projects/modellearning/logs/run.googleapis.com%2Fstdout,,2024-02-29T20:24:55.988745966Z,sscartquery,northamerica-northeast1,modellearning,sscartquery-00011-jzl,sscartquery,cloud_run_revision,INFO,functions/Logic.java,2024-02-29T20:24:55.934904Z
65e0e817000cbb30641bd989,functions/Logic.java,service,cpu:=2070000000  rt:=2840552288,cloudfunctions,00d087f5e04921ffa2ae878763f0217abb165fe4fe9a2e8a027ba11aed30e41dbddf4fc8615626ade2ce81a05b33cc0543a90b189fc41ef2749e7ddb07fe1c9b9eae6c,projects/modellearning/logs/run.googleapis.com%2Fstdout,,2024-02-29T20:24:55.988745966Z,sscartquery,northamerica-northeast1,modellearning,sscartquery-00011-jzl,sscartquery,cloud_run_revision,INFO,functions/Logic.java,2024-02-29T20:24:55.834352Z
65e0e817000a28cb560dab64,functions/Logic.java,service,cpu:=210000000  rt:=220851853,cloudfunctions,00d087f5e0fb53247b367efd3d5bd3eb6ec2079ea1f90edc419a49866437bf458cfeca444aeaa3b7daf5636b05c06cb47d5f161f950d27b45213cc036890ef6262ebf3,projects/modellearning/logs/run.googleapis.com%2Fstdout,,2024-02-29T20:24:55.988745966Z,sscartquery,northamerica-northeast1,modellearning,sscartquery-00011-jzl,sscartquery,cloud_run_revision,INFO,functions/Logic.java,2024-02-29T20:24:55.665803Z
65e0e81700083426604f6e57,functions/Logic.java,service,cpu:=-22790000000  rt:=92683485,cloudfunctions,00d087f5e0fb53247b367efd3d5bd3eb6ec2079ea1f90edc419a49866437bf458cfeca444aeaa3b7daf5636b05c06cb47d5f161f950d27b45213cc036890ef6262ebf3,projects/modellearning/logs/run.googleapis.com%2Fstdout,,2024-02-29T20:24:55.656024454Z,sscartquery,northamerica-northeast1,modellearning,sscartquery-00011-jzl,sscartquery,cloud_run_revision,INFO,functions/Logic.java,2024-02-29T20:24:55.537638Z
65e0e817000799081cabf3a7,functions/Logic.java,service,cpu:=570000000  rt:=585173918,cloudfunctions,00d087f5e096f10c047c63271bf3ad0a02126a02b2e38fa8048979e18ea67d746ffa403f88d9a80d0fd5b28bb55609f2a74100003294e282c98f0e4563ee611fd74e6e,projects/modellearning/logs/run.googleapis.com%2Fstdout,,2024-02-29T20:24:55.656024454Z,sscartquery,northamerica-northeast1,modellearning,sscartquery-00011-jzl,sscartquery,cloud_run_revision,INFO,functions/Logic.java,2024-02-29T20:24:55.497928Z
65e0e81700055dba77794af0,functions/Logic.java,service,cpu:=100000000  rt:=97831800,cloudfunctions,00d087f5e06379a276e4a585f3c5060b28341f9ba1aae00b35146eef3c6bfe293ee854779cb36f3cc9ba10b75867900165815dba5f5fb35677f9397372dd0e41039340,projects/modellearning/logs/run.googleapis.com%2Fstdout,,2024-02-29T20:24:55.656024454Z,sscartquery,northamerica-northeast1,modellearning,sscartquery-00011-jzl,sscartquery,cloud_run_revision,INFO,functions/Logic.java,2024-02-29T20:24:55.351674Z
65e0e81700051a7c171c707d,functions/Logic.java,service,cpu:=14730000000  rt:=128407243,cloudfunctions,00d087f5e0fb53247b367efd3d5bd3eb6ec2079ea1f90edc419a49866437bf458cfeca444aeaa3b7daf5636b05c06cb47d5f161f950d27b45213cc036890ef6262ebf3,projects/modellearning/logs/run.googleapis.com%2Fstdout,,2024-02-29T20:24:55.656024454Z,sscartquery,northamerica-northeast1,modellearning,sscartquery-00011-jzl,sscartquery,cloud_run_revision,INFO,functions/Logic.java,2024-02-29T20:24:55.334460Z
65e0e8170002bfc52c776f89,functions/Logic.java,service,cpu:=870000000  rt:=926486145,cloudfunctions,00d087f5e0b82d4393d4a7bbb7f14727933f8b96724a91b37d40394984760349848f0c657a1b55ad143d87d15617c08a8ba76acddb65a7eb3b550a40e4aceccdfb8d33,projects/modellearning/logs/run.googleapis.com%2Fstdout,,2024-02-29T20:24:55.322660507Z,sscartquery,northamerica-northeast1,modellearning,sscartquery-00011-jzl,sscartquery,cloud_run_revision,INFO,functions/Logic.java,2024-02-29T20:24:55.180165Z
65e0e81700020d17074e9f22,functions/Logic.java,service,cpu:=8620000000  rt:=248012357,cloudfunctions,00d087f5e0fb53247b367efd3d5bd3eb6ec2079ea1f90edc419a49866437bf458cfeca444aeaa3b7daf5636b05c06cb47d5f161f950d27b45213cc036890ef6262ebf3,projects/modellearning/logs/run.googleapis.com%2Fstdout,,2024-02-29T20:24:55.322660507Z,sscartquery,northamerica-northeast1,modellearning,sscartquery-00011-jzl,sscartquery,cloud_run_revision,INFO,functions/Logic.java,2024-02-29T20:24:55.134423Z
65e0e81700009c21cee239b9,functions/Logic.java,service,cpu:=700000000  rt:=736430262,cloudfunctions,00d087f5e0c28364f40a88ea65440fad99d864800ea3cc4f8b70fe4c04ce8ea9bd6aa21cc40c9f2508c1dde8fc79b324f27e029f2d84aed35c039754a5d33a775a009f,projects/modellearning/logs/run.googleapis.com%2Fstdout,,2024-02-29T20:24:55.322660507Z,sscartquery,northamerica-northeast1,modellearning,sscartquery-00011-jzl,sscartquery,cloud_run_revision,INFO,functions/Logic.java,2024-02-29T20:24:55.039969Z
65e0e816000edce258606d7e,functions/Logic.java,service,cpu:=840000000  rt:=912344726,cloudfunctions,00d087f5e0508b90f669d2e778e5edb119d2cf95bbdf1d474990a4029916e734b09cb9a2fbea2793facea51d590b84a7b32d827e55698dd1314956e833b1573e692dea,projects/modellearning/logs/run.googleapis.com%2Fstdout,,2024-02-29T20:24:54.989755814Z,sscartquery,northamerica-northeast1,modellearning,sscartquery-00011-jzl,sscartquery,cloud_run_revision,INFO,functions/Logic.java,2024-02-29T20:24:54.974050Z
65e0e816000e8ee01aa61fe2,functions/Logic.java,service,cpu:=3740000000  rt:=3982388829,cloudfunctions,00d087f5e06379a276e4a585f3c5060b28341f9ba1aae00b35146eef3c6bfe293ee854779cb36f3cc9ba10b75867900165815dba5f5fb35677f9397372dd0e41039340,projects/modellearning/logs/run.googleapis.com%2Fstdout,,2024-02-29T20:24:54.989755814Z,sscartquery,northamerica-northeast1,modellearning,sscartquery-00011-jzl,sscartquery,cloud_run_revision,INFO,functions/Logic.java,2024-02-29T20:24:54.954080Z
65e0e816000be50b1da841ce,functions/Logic.java,service,cpu:=220000000  rt:=262744861,cloudfunctions,00d087f5e07bdae58c1f4da3364551cac54ac5362bf1a9581e7d4bf9a32f14aae9b89d873ef09e84a16dbd253a49be122c24eb757e668e06c6c2cc19262d914e45e911,projects/modellearning/logs/run.googleapis.com%2Fstdout,,2024-02-29T20:24:54.989755814Z,sscartquery,northamerica-northeast1,modellearning,sscartquery-00011-jzl,sscartquery,cloud_run_revision,INFO,functions/Logic.java,2024-02-29T20:24:54.779531Z
65e0e816000a42a4a43d69eb,functions/Logic.java,service,cpu:=-22620000000  rt:=145400717,cloudfunctions,00d087f5e0fb53247b367efd3d5bd3eb6ec2079ea1f90edc419a49866437bf458cfeca444aeaa3b7daf5636b05c06cb47d5f161f950d27b45213cc036890ef6262ebf3,projects/modellearning/logs/run.googleapis.com%2Fstdout,,2024-02-29T20:24:54.989755814Z,sscartquery,northamerica-northeast1,modellearning,sscartquery-00011-jzl,sscartquery,cloud_run_revision,INFO,functions/Logic.java,2024-02-29T20:24:54.672420Z
65e0e815000dbf042b998fb9,functions/Logic.java,service,cpu:=550000000  rt:=590350590,cloudfunctions,00d087f5e096f10c047c63271bf3ad0a02126a02b2e38fa8048979e18ea67d746ffa403f88d9a80d0fd5b28bb55609f2a74100003294e282c98f0e4563ee611fd74e6e,projects/modellearning/logs/run.googleapis.com%2Fstdout,,2024-02-29T20:24:53.990307714Z,sscartquery,northamerica-northeast1,modellearning,sscartquery-00011-jzl,sscartquery,cloud_run_revision,INFO,functions/Logic.java,2024-02-29T20:24:53.900868Z
65e0e815000c727a76c7a426,functions/Logic.java,service,cpu:=680000000  rt:=743646653,cloudfunctions,00d087f5e07bdae58c1f4da3364551cac54ac5362bf1a9581e7d4bf9a32f14aae9b89d873ef09e84a16dbd253a49be122c24eb757e668e06c6c2cc19262d914e45e911,projects/modellearning/logs/run.googleapis.com%2Fstdout,,2024-02-29T20:24:53.990307714Z,sscartquery,northamerica-northeast1,modellearning,sscartquery-00011-jzl,sscartquery,cloud_run_revision,INFO,functions/Logic.java,2024-02-29T20:24:53.815738Z
65e0e815000b552f2217da00,functions/Logic.java,service,cpu:=590000000  rt:=629961622,cloudfunctions,00d087f5e0c28364f40a88ea65440fad99d864800ea3cc4f8b70fe4c04ce8ea9bd6aa21cc40c9f2508c1dde8fc79b324f27e029f2d84aed35c039754a5d33a775a009f,projects/modellearning/logs/run.googleapis.com%2Fstdout,,2024-02-29T20:24:53.990307714Z,sscartquery,northamerica-northeast1,modellearning,sscartquery-00011-jzl,sscartquery,cloud_run_revision,INFO,functions/Logic.java,2024-02-29T20:24:53.742703Z
65e0e815000ae672f0f9d225,functions/Logic.java,service,cpu:=1590000000  rt:=1721615668,cloudfunctions,00d087f5e0b82d4393d4a7bbb7f14727933f8b96724a91b37d40394984760349848f0c657a1b55ad143d87d15617c08a8ba76acddb65a7eb3b550a40e4aceccdfb8d33,projects/modellearning/logs/run.googleapis.com%2Fstdout,,2024-02-29T20:24:53.990307714Z,sscartquery,northamerica-northeast1,modellearning,sscartquery-00011-jzl,sscartquery,cloud_run_revision,INFO,functions/Logic.java,2024-02-29T20:24:53.714354Z
65e0e8150008a07ce19bc49c,functions/Logic.java,service,cpu:=1870000000  rt:=2001773444,cloudfunctions,00d087f5e0fb53247b367efd3d5bd3eb6ec2079ea1f90edc419a49866437bf458cfeca444aeaa3b7daf5636b05c06cb47d5f161f950d27b45213cc036890ef6262ebf3,projects/modellearning/logs/run.googleapis.com%2Fstdout,,2024-02-29T20:24:53.657593170Z,sscartquery,northamerica-northeast1,modellearning,sscartquery-00011-jzl,sscartquery,cloud_run_revision,INFO,functions/Logic.java,2024-02-29T20:24:53.565372Z
65e0e8150006d5372e4667d2,functions/Logic.java,service,cpu:=280000000  rt:=452099257,cloudfunctions,00d087f5e04921ffa2ae878763f0217abb165fe4fe9a2e8a027ba11aed30e41dbddf4fc8615626ade2ce81a05b33cc0543a90b189fc41ef2749e7ddb07fe1c9b9eae6c,projects/modellearning/logs/run.googleapis.com%2Fstdout,,2024-02-29T20:24:53.657593170Z,sscartquery,northamerica-northeast1,modellearning,sscartquery-00011-jzl,sscartquery,cloud_run_revision,INFO,functions/Logic.java,2024-02-29T20:24:53.447799Z
65e0e815000682c7113647da,functions/Logic.java,service,cpu:=70000000  rt:=76275440,cloudfunctions,00d087f5e0508b90f669d2e778e5edb119d2cf95bbdf1d474990a4029916e734b09cb9a2fbea2793facea51d590b84a7b32d827e55698dd1314956e833b1573e692dea,projects/modellearning/logs/run.googleapis.com%2Fstdout,,2024-02-29T20:24:53.657593170Z,sscartquery,northamerica-northeast1,modellearning,sscartquery-00011-jzl,sscartquery,cloud_run_revision,INFO,functions/Logic.java,2024-02-29T20:24:53.426695Z
65e0e8150001e758a9d58184,functions/Logic.java,service,cpu:=400000000  rt:=436503448,cloudfunctions,00d087f5e0508b90f669d2e778e5edb119d2cf95bbdf1d474990a4029916e734b09cb9a2fbea2793facea51d590b84a7b32d827e55698dd1314956e833b1573e692dea,projects/modellearning/logs/run.googleapis.com%2Fstdout,,2024-02-29T20:24:53.324629321Z,sscartquery,northamerica-northeast1,modellearning,sscartquery-00011-jzl,sscartquery,cloud_run_revision,INFO,functions/Logic.java,2024-02-29T20:24:53.124760Z
65e0e81500019eb4dca4671a,functions/Logic.java,service,cpu:=710000000  rt:=772095851,cloudfunctions,00d087f5e096f10c047c63271bf3ad0a02126a02b2e38fa8048979e18ea67d746ffa403f88d9a80d0fd5b28bb55609f2a74100003294e282c98f0e4563ee611fd74e6e,projects/modellearning/logs/run.googleapis.com%2Fstdout,,2024-02-29T20:24:53.324629321Z,sscartquery,northamerica-northeast1,modellearning,sscartquery-00011-jzl,sscartquery,cloud_run_revision,INFO,functions/Logic.java,2024-02-29T20:24:53.106164Z
65e0e815000176c9189db6af,functions/Logic.java,service,cpu:=150000000  rt:=145542155,cloudfunctions,00d087f5e0c28364f40a88ea65440fad99d864800ea3cc4f8b70fe4c04ce8ea9bd6aa21cc40c9f2508c1dde8fc79b324f27e029f2d84aed35c039754a5d33a775a009f,projects/modellearning/logs/run.googleapis.com%2Fstdout,,2024-02-29T20:24:53.324629321Z,sscartquery,northamerica-northeast1,modellearning,sscartquery-00011-jzl,sscartquery,cloud_run_revision,INFO,functions/Logic.java,2024-02-29T20:24:53.095945Z
65e0e8150000c64bfef7fe36,functions/Logic.java,service,cpu:=1800000000  rt:=2719523485,cloudfunctions,00d087f5e07bdae58c1f4da3364551cac54ac5362bf1a9581e7d4bf9a32f14aae9b89d873ef09e84a16dbd253a49be122c24eb757e668e06c6c2cc19262d914e45e911,projects/modellearning/logs/run.googleapis.com%2Fstdout,,2024-02-29T20:24:53.324629321Z,sscartquery,northamerica-northeast1,modellearning,sscartquery-00011-jzl,sscartquery,cloud_run_revision,INFO,functions/Logic.java,2024-02-29T20:24:53.050763Z
65e0e814000cd4e105093bfd,functions/Logic.java,service,cpu:=1000000000  rt:=1085538872,cloudfunctions,00d087f5e0c28364f40a88ea65440fad99d864800ea3cc4f8b70fe4c04ce8ea9bd6aa21cc40c9f2508c1dde8fc79b324f27e029f2d84aed35c039754a5d33a775a009f,projects/modellearning/logs/run.googleapis.com%2Fstdout,,2024-02-29T20:24:52.990388213Z,sscartquery,northamerica-northeast1,modellearning,sscartquery-00011-jzl,sscartquery,cloud_run_revision,INFO,functions/Logic.java,2024-02-29T20:24:52.840929Z
65e0e814000bfb126c34a234,functions/Logic.java,service,cpu:=880000000  rt:=935216417,cloudfunctions,00d087f5e0d2ec86d3e5125cd7f8c8da0159c6c9245f96f8b661fd58a2c43ac7b7746cbd693c48c899aa0e18c79c8f6e29e46ee53925108e8c6a70ca451f1b05c9a9d7,projects/modellearning/logs/run.googleapis.com%2Fstdout,,2024-02-29T20:24:52.990388213Z,sscartquery,northamerica-northeast1,modellearning,sscartquery-00011-jzl,sscartquery,cloud_run_revision,INFO,functions/Logic.java,2024-02-29T20:24:52.785170Z
65e0e81400098dfe04f1751e,functions/Logic.java,service,cpu:=70000000  rt:=69287763,cloudfunctions,00d087f5e0508b90f669d2e778e5edb119d2cf95bbdf1d474990a4029916e734b09cb9a2fbea2793facea51d590b84a7b32d827e55698dd1314956e833b1573e692dea,projects/modellearning/logs/run.googleapis.com%2Fstdout,,2024-02-29T20:24:52.658472090Z,sscartquery,northamerica-northeast1,modellearning,sscartquery-00011-jzl,sscartquery,cloud_run_revision,INFO,functions/Logic.java,2024-02-29T20:24:52.626174Z
65e0e8140007edaaf54d18ef,functions/Logic.java,service,cpu:=1220000000  rt:=1285913078,cloudfunctions,00d087f5e0508b90f669d2e778e5edb119d2cf95bbdf1d474990a4029916e734b09cb9a2fbea2793facea51d590b84a7b32d827e55698dd1314956e833b1573e692dea,projects/modellearning/logs/run.googleapis.com%2Fstdout,,2024-02-29T20:24:52.658472090Z,sscartquery,northamerica-northeast1,modellearning,sscartquery-00011-jzl,sscartquery,cloud_run_revision,INFO,functions/Logic.java,2024-02-29T20:24:52.519594Z
65e0e8140002628dfed698fb,functions/Logic.java,service,cpu:=-17680000000  rt:=1825266694,cloudfunctions,00d087f5e07bdae58c1f4da3364551cac54ac5362bf1a9581e7d4bf9a32f14aae9b89d873ef09e84a16dbd253a49be122c24eb757e668e06c6c2cc19262d914e45e911,projects/modellearning/logs/run.googleapis.com%2Fstdout,,2024-02-29T20:24:52.325777249Z,sscartquery,northamerica-northeast1,modellearning,sscartquery-00011-jzl,sscartquery,cloud_run_revision,INFO,functions/Logic.java,2024-02-29T20:24:52.156301Z
65e0e8140000b52fd58fc91b,functions/Logic.java,service,cpu:=4690000000  rt:=269242154,cloudfunctions,00d087f5e025f1412d457ac9df76d9971bbb653901e64de3964b6771b432461e319b79b0f00c478208807a6c7a3fbf8874fe0596d4f63281afed598300217590a2678e,projects/modellearning/logs/run.googleapis.com%2Fstdout,,2024-02-29T20:24:52.325777249Z,sscartquery,northamerica-northeast1,modellearning,sscartquery-00011-jzl,sscartquery,cloud_run_revision,INFO,functions/Logic.java,2024-02-29T20:24:52.046383Z
65e0e8140000a47330b33b1c,functions/Logic.java,service,cpu:=-140000000  rt:=1658066188,cloudfunctions,00d087f5e096f10c047c63271bf3ad0a02126a02b2e38fa8048979e18ea67d746ffa403f88d9a80d0fd5b28bb55609f2a74100003294e282c98f0e4563ee611fd74e6e,projects/modellearning/logs/run.googleapis.com%2Fstdout,,2024-02-29T20:24:52.325777249Z,sscartquery,northamerica-northeast1,modellearning,sscartquery-00011-jzl,sscartquery,cloud_run_revision,INFO,functions/Logic.java,2024-02-29T20:24:52.042099Z
65e0e813000e429ad2a1c816,functions/Logic.java,service,cpu:=2660000000  rt:=2789277169,cloudfunctions,00d087f5e04921ffa2ae878763f0217abb165fe4fe9a2e8a027ba11aed30e41dbddf4fc8615626ade2ce81a05b33cc0543a90b189fc41ef2749e7ddb07fe1c9b9eae6c,projects/modellearning/logs/run.googleapis.com%2Fstdout,,2024-02-29T20:24:51.991764021Z,sscartquery,northamerica-northeast1,modellearning,sscartquery-00011-jzl,sscartquery,cloud_run_revision,INFO,functions/Logic.java,2024-02-29T20:24:51.934554Z
65e0e813000cf3629267ad0b,functions/Logic.java,service,cpu:=90000000  rt:=90122599,cloudfunctions,00d087f5e0b82d4393d4a7bbb7f14727933f8b96724a91b37d40394984760349848f0c657a1b55ad143d87d15617c08a8ba76acddb65a7eb3b550a40e4aceccdfb8d33,projects/modellearning/logs/run.googleapis.com%2Fstdout,,2024-02-29T20:24:51.991764021Z,sscartquery,northamerica-northeast1,modellearning,sscartquery-00011-jzl,sscartquery,cloud_run_revision,INFO,functions/Logic.java,2024-02-29T20:24:51.848738Z
65e0e8130005b41073bfbbb5,functions/Logic.java,service,cpu:=1230000000  rt:=1282851416,cloudfunctions,00d087f5e0fb53247b367efd3d5bd3eb6ec2079ea1f90edc419a49866437bf458cfeca444aeaa3b7daf5636b05c06cb47d5f161f950d27b45213cc036890ef6262ebf3,projects/modellearning/logs/run.googleapis.com%2Fstdout,,2024-02-29T20:24:51.659017303Z,sscartquery,northamerica-northeast1,modellearning,sscartquery-00011-jzl,sscartquery,cloud_run_revision,INFO,functions/Logic.java,2024-02-29T20:24:51.373776Z
65e0e8130004488cf9057657,functions/Logic.java,service,cpu:=1410000000  rt:=1475698054,cloudfunctions,00d087f5e0b82d4393d4a7bbb7f14727933f8b96724a91b37d40394984760349848f0c657a1b55ad143d87d15617c08a8ba76acddb65a7eb3b550a40e4aceccdfb8d33,projects/modellearning/logs/run.googleapis.com%2Fstdout,,2024-02-29T20:24:51.326051326Z,sscartquery,northamerica-northeast1,modellearning,sscartquery-00011-jzl,sscartquery,cloud_run_revision,INFO,functions/Logic.java,2024-02-29T20:24:51.280716Z
65e0e813000400bd7a8f71ed,functions/Logic.java,service,cpu:=230000000  rt:=230994147,cloudfunctions,00d087f5e0c28364f40a88ea65440fad99d864800ea3cc4f8b70fe4c04ce8ea9bd6aa21cc40c9f2508c1dde8fc79b324f27e029f2d84aed35c039754a5d33a775a009f,projects/modellearning/logs/run.googleapis.com%2Fstdout,,2024-02-29T20:24:51.326051326Z,sscartquery,northamerica-northeast1,modellearning,sscartquery-00011-jzl,sscartquery,cloud_run_revision,INFO,functions/Logic.java,2024-02-29T20:24:51.262333Z
65e0e81300028c26485666a5,functions/Logic.java,service,cpu:=2770000000  rt:=4749267168,cloudfunctions,00d087f5e0508b90f669d2e778e5edb119d2cf95bbdf1d474990a4029916e734b09cb9a2fbea2793facea51d590b84a7b32d827e55698dd1314956e833b1573e692dea,projects/modellearning/logs/run.googleapis.com%2Fstdout,,2024-02-29T20:24:51.326051326Z,sscartquery,northamerica-northeast1,modellearning,sscartquery-00011-jzl,sscartquery,cloud_run_revision,INFO,functions/Logic.java,2024-02-29T20:24:51.166950Z
65e0e812000e4250060857cb,functions/Logic.java,service,cpu:=270000000  rt:=288799736,cloudfunctions,00d087f5e0c28364f40a88ea65440fad99d864800ea3cc4f8b70fe4c04ce8ea9bd6aa21cc40c9f2508c1dde8fc79b324f27e029f2d84aed35c039754a5d33a775a009f,projects/modellearning/logs/run.googleapis.com%2Fstdout,,2024-02-29T20:24:50.992302944Z,sscartquery,northamerica-northeast1,modellearning,sscartquery-00011-jzl,sscartquery,cloud_run_revision,INFO,functions/Logic.java,2024-02-29T20:24:50.934480Z
65e0e812000d5bd9552fb207,functions/Logic.java,service,cpu:=-15740000000  rt:=4457940907,cloudfunctions,00d087f5e0508b90f669d2e778e5edb119d2cf95bbdf1d474990a4029916e734b09cb9a2fbea2793facea51d590b84a7b32d827e55698dd1314956e833b1573e692dea,projects/modellearning/logs/run.googleapis.com%2Fstdout,,2024-02-29T20:24:50.992302944Z,sscartquery,northamerica-northeast1,modellearning,sscartquery-00011-jzl,sscartquery,cloud_run_revision,INFO,functions/Logic.java,2024-02-29T20:24:50.875481Z
65e0e812000cbba465370a04,functions/Logic.java,service,cpu:=1760000000  rt:=1829694364,cloudfunctions,00d087f5e06379a276e4a585f3c5060b28341f9ba1aae00b35146eef3c6bfe293ee854779cb36f3cc9ba10b75867900165815dba5f5fb35677f9397372dd0e41039340,projects/modellearning/logs/run.googleapis.com%2Fstdout,,2024-02-29T20:24:50.992302944Z,sscartquery,northamerica-northeast1,modellearning,sscartquery-00011-jzl,sscartquery,cloud_run_revision,INFO,functions/Logic.java,2024-02-29T20:24:50.834468Z
65e0e8120009f409e0285b36,functions/Logic.java,service,cpu:=140000000  rt:=268175340,cloudfunctions,00d087f5e096f10c047c63271bf3ad0a02126a02b2e38fa8048979e18ea67d746ffa403f88d9a80d0fd5b28bb55609f2a74100003294e282c98f0e4563ee611fd74e6e,projects/modellearning/logs/run.googleapis.com%2Fstdout,,2024-02-29T20:24:50.659344358Z,sscartquery,northamerica-northeast1,modellearning,sscartquery-00011-jzl,sscartquery,cloud_run_revision,INFO,functions/Logic.java,2024-02-29T20:24:50.652297Z
65e0e81200078b74bc591241,functions/Logic.java,service,cpu:=280000000  rt:=289673989,cloudfunctions,00d087f5e025f1412d457ac9df76d9971bbb653901e64de3964b6771b432461e319b79b0f00c478208807a6c7a3fbf8874fe0596d4f63281afed598300217590a2678e,projects/modellearning/logs/run.googleapis.com%2Fstdout,,2024-02-29T20:24:50.659344358Z,sscartquery,northamerica-northeast1,modellearning,sscartquery-00011-jzl,sscartquery,cloud_run_revision,INFO,functions/Logic.java,2024-02-29T20:24:50.494452Z
65e0e8120006a43e63ef70c8,functions/Logic.java,service,cpu:=50000000  rt:=54929336,cloudfunctions,00d087f5e0c28364f40a88ea65440fad99d864800ea3cc4f8b70fe4c04ce8ea9bd6aa21cc40c9f2508c1dde8fc79b324f27e029f2d84aed35c039754a5d33a775a009f,projects/modellearning/logs/run.googleapis.com%2Fstdout,,2024-02-29T20:24:50.659344358Z,sscartquery,northamerica-northeast1,modellearning,sscartquery-00011-jzl,sscartquery,cloud_run_revision,INFO,functions/Logic.java,2024-02-29T20:24:50.435262Z
65e0e8120005a8dc10faa9d8,functions/Logic.java,service,cpu:=890000000  rt:=1135750144,cloudfunctions,00d087f5e0c28364f40a88ea65440fad99d864800ea3cc4f8b70fe4c04ce8ea9bd6aa21cc40c9f2508c1dde8fc79b324f27e029f2d84aed35c039754a5d33a775a009f,projects/modellearning/logs/run.googleapis.com%2Fstdout,,2024-02-29T20:24:50.659344358Z,sscartquery,northamerica-northeast1,modellearning,sscartquery-00011-jzl,sscartquery,cloud_run_revision,INFO,functions/Logic.java,2024-02-29T20:24:50.370908Z
65e0e8120000e32140f7c75b,functions/Logic.java,service,cpu:=290000000  rt:=297171137,cloudfunctions,00d087f5e096f10c047c63271bf3ad0a02126a02b2e38fa8048979e18ea67d746ffa403f88d9a80d0fd5b28bb55609f2a74100003294e282c98f0e4563ee611fd74e6e,projects/modellearning/logs/run.googleapis.com%2Fstdout,,2024-02-29T20:24:50.326571604Z,sscartquery,northamerica-northeast1,modellearning,sscartquery-00011-jzl,sscartquery,cloud_run_revision,INFO,functions/Logic.java,2024-02-29T20:24:50.058145Z
65e0e811000ef9d006322042,functions/Logic.java,service,cpu:=490000000  rt:=499180212,cloudfunctions,00d087f5e025f1412d457ac9df76d9971bbb653901e64de3964b6771b432461e319b79b0f00c478208807a6c7a3fbf8874fe0596d4f63281afed598300217590a2678e,projects/modellearning/logs/run.googleapis.com%2Fstdout,,2024-02-29T20:24:49.993241023Z,sscartquery,northamerica-northeast1,modellearning,sscartquery-00011-jzl,sscartquery,cloud_run_revision,INFO,functions/Logic.java,2024-02-29T20:24:49.981456Z
65e0e811000d9a78b576049a,functions/Logic.java,service,cpu:=220000000  rt:=225152611,cloudfunctions,00d087f5e0fb53247b367efd3d5bd3eb6ec2079ea1f90edc419a49866437bf458cfeca444aeaa3b7daf5636b05c06cb47d5f161f950d27b45213cc036890ef6262ebf3,projects/modellearning/logs/run.googleapis.com%2Fstdout,,2024-02-29T20:24:49.993241023Z,sscartquery,northamerica-northeast1,modellearning,sscartquery-00011-jzl,sscartquery,cloud_run_revision,INFO,functions/Logic.java,2024-02-29T20:24:49.891512Z
65e0e811000cc0add5f40b09,functions/Logic.java,service,cpu:=2900000000  rt:=600487116,cloudfunctions,00d087f5e0c28364f40a88ea65440fad99d864800ea3cc4f8b70fe4c04ce8ea9bd6aa21cc40c9f2508c1dde8fc79b324f27e029f2d84aed35c039754a5d33a775a009f,projects/modellearning/logs/run.googleapis.com%2Fstdout,,2024-02-29T20:24:49.993241023Z,sscartquery,northamerica-northeast1,modellearning,sscartquery-00011-jzl,sscartquery,cloud_run_revision,INFO,functions/Logic.java,2024-02-29T20:24:49.835757Z
65e0e8110009e18846793730,functions/Logic.java,service,cpu:=1150000000  rt:=1179768813,cloudfunctions,00d087f5e0b82d4393d4a7bbb7f14727933f8b96724a91b37d40394984760349848f0c657a1b55ad143d87d15617c08a8ba76acddb65a7eb3b550a40e4aceccdfb8d33,projects/modellearning/logs/run.googleapis.com%2Fstdout,,2024-02-29T20:24:49.661156390Z,sscartquery,northamerica-northeast1,modellearning,sscartquery-00011-jzl,sscartquery,cloud_run_revision,INFO,functions/Logic.java,2024-02-29T20:24:49.647560Z
65e0e811000827921fedb1a9,functions/Logic.java,service,cpu:=1900000000  rt:=1984215578,cloudfunctions,00d087f5e0fb53247b367efd3d5bd3eb6ec2079ea1f90edc419a49866437bf458cfeca444aeaa3b7daf5636b05c06cb47d5f161f950d27b45213cc036890ef6262ebf3,projects/modellearning/logs/run.googleapis.com%2Fstdout,,2024-02-29T20:24:49.661156390Z,sscartquery,northamerica-northeast1,modellearning,sscartquery-00011-jzl,sscartquery,cloud_run_revision,INFO,functions/Logic.java,2024-02-29T20:24:49.534418Z
65e0e81100062b2972f25e74,functions/Logic.java,service,cpu:=2210000000  rt:=2926509975,cloudfunctions,00d087f5e096f10c047c63271bf3ad0a02126a02b2e38fa8048979e18ea67d746ffa403f88d9a80d0fd5b28bb55609f2a74100003294e282c98f0e4563ee611fd74e6e,projects/modellearning/logs/run.googleapis.com%2Fstdout,,2024-02-29T20:24:49.661156390Z,sscartquery,northamerica-northeast1,modellearning,sscartquery-00011-jzl,sscartquery,cloud_run_revision,INFO,functions/Logic.java,2024-02-29T20:24:49.404265Z
65e0e8110003a101cd2b343e,functions/Logic.java,service,cpu:=370000000  rt:=442661538,cloudfunctions,00d087f5e025f1412d457ac9df76d9971bbb653901e64de3964b6771b432461e319b79b0f00c478208807a6c7a3fbf8874fe0596d4f63281afed598300217590a2678e,projects/modellearning/logs/run.googleapis.com%2Fstdout,,2024-02-29T20:24:49.327476511Z,sscartquery,northamerica-northeast1,modellearning,sscartquery-00011-jzl,sscartquery,cloud_run_revision,INFO,functions/Logic.java,2024-02-29T20:24:49.237825Z
65e0e8110001508763e4a20b,functions/Logic.java,service,cpu:=120000000  rt:=162557168,cloudfunctions,00d087f5e04921ffa2ae878763f0217abb165fe4fe9a2e8a027ba11aed30e41dbddf4fc8615626ade2ce81a05b33cc0543a90b189fc41ef2749e7ddb07fe1c9b9eae6c,projects/modellearning/logs/run.googleapis.com%2Fstdout,,2024-02-29T20:24:49.327476511Z,sscartquery,northamerica-northeast1,modellearning,sscartquery-00011-jzl,sscartquery,cloud_run_revision,INFO,functions/Logic.java,2024-02-29T20:24:49.086151Z
65e0e810000a8de4320d9c49,functions/Logic.java,service,cpu:=330000000  rt:=345148103,cloudfunctions,00d087f5e07bdae58c1f4da3364551cac54ac5362bf1a9581e7d4bf9a32f14aae9b89d873ef09e84a16dbd253a49be122c24eb757e668e06c6c2cc19262d914e45e911,projects/modellearning/logs/run.googleapis.com%2Fstdout,,2024-02-29T20:24:48.994991794Z,sscartquery,northamerica-northeast1,modellearning,sscartquery-00011-jzl,sscartquery,cloud_run_revision,INFO,functions/Logic.java,2024-02-29T20:24:48.691684Z
65e0e8100006f600fc42a511,functions/Logic.java,service,cpu:=370000000  rt:=376442787,cloudfunctions,00d087f5e06379a276e4a585f3c5060b28341f9ba1aae00b35146eef3c6bfe293ee854779cb36f3cc9ba10b75867900165815dba5f5fb35677f9397372dd0e41039340,projects/modellearning/logs/run.googleapis.com%2Fstdout,,2024-02-29T20:24:48.661164441Z,sscartquery,northamerica-northeast1,modellearning,sscartquery-00011-jzl,sscartquery,cloud_run_revision,INFO,functions/Logic.java,2024-02-29T20:24:48.456192Z
65e0e8100005a59fc68bb244,functions/Logic.java,service,cpu:=410000000  rt:=417410663,cloudfunctions,00d087f5e04921ffa2ae878763f0217abb165fe4fe9a2e8a027ba11aed30e41dbddf4fc8615626ade2ce81a05b33cc0543a90b189fc41ef2749e7ddb07fe1c9b9eae6c,projects/modellearning/logs/run.googleapis.com%2Fstdout,,2024-02-29T20:24:48.661164441Z,sscartquery,northamerica-northeast1,modellearning,sscartquery-00011-jzl,sscartquery,cloud_run_revision,INFO,functions/Logic.java,2024-02-29T20:24:48.370079Z
65e0e8100001bf0f4a2ec68c,functions/Logic.java,service,cpu:=2600000000  rt:=2712469374,cloudfunctions,00d087f5e025f1412d457ac9df76d9971bbb653901e64de3964b6771b432461e319b79b0f00c478208807a6c7a3fbf8874fe0596d4f63281afed598300217590a2678e,projects/modellearning/logs/run.googleapis.com%2Fstdout,,2024-02-29T20:24:48.328742574Z,sscartquery,northamerica-northeast1,modellearning,sscartquery-00011-jzl,sscartquery,cloud_run_revision,INFO,functions/Logic.java,2024-02-29T20:24:48.114447Z
65e0e8100000e96863edd52d,functions/Logic.java,service,cpu:=-890000000  rt:=1580726518,cloudfunctions,00d087f5e096f10c047c63271bf3ad0a02126a02b2e38fa8048979e18ea67d746ffa403f88d9a80d0fd5b28bb55609f2a74100003294e282c98f0e4563ee611fd74e6e,projects/modellearning/logs/run.googleapis.com%2Fstdout,,2024-02-29T20:24:48.328742574Z,sscartquery,northamerica-northeast1,modellearning,sscartquery-00011-jzl,sscartquery,cloud_run_revision,INFO,functions/Logic.java,2024-02-29T20:24:48.059752Z
65e0e8100000e100ed4141cc,functions/Logic.java,service,cpu:=10280000000  rt:=591824257,cloudfunctions,00d087f5e0c28364f40a88ea65440fad99d864800ea3cc4f8b70fe4c04ce8ea9bd6aa21cc40c9f2508c1dde8fc79b324f27e029f2d84aed35c039754a5d33a775a009f,projects/modellearning/logs/run.googleapis.com%2Fstdout,,2024-02-29T20:24:48.328742574Z,sscartquery,northamerica-northeast1,modellearning,sscartquery-00011-jzl,sscartquery,cloud_run_revision,INFO,functions/Logic.java,2024-02-29T20:24:48.057600Z
65e0e810000086b28015bc3b,functions/Logic.java,service,cpu:=350000000  rt:=568872732,cloudfunctions,00d087f5e0c28364f40a88ea65440fad99d864800ea3cc4f8b70fe4c04ce8ea9bd6aa21cc40c9f2508c1dde8fc79b324f27e029f2d84aed35c039754a5d33a775a009f,projects/modellearning/logs/run.googleapis.com%2Fstdout,,2024-02-29T20:24:48.328742574Z,sscartquery,northamerica-northeast1,modellearning,sscartquery-00011-jzl,sscartquery,cloud_run_revision,INFO,functions/Logic.java,2024-02-29T20:24:48.034482Z
65e0e810000086956ba4d0b7,functions/Logic.java,service,cpu:=1300000000  rt:=1334687293,cloudfunctions,00d087f5e0b82d4393d4a7bbb7f14727933f8b96724a91b37d40394984760349848f0c657a1b55ad143d87d15617c08a8ba76acddb65a7eb3b550a40e4aceccdfb8d33,projects/modellearning/logs/run.googleapis.com%2Fstdout,,2024-02-29T20:24:48.328742574Z,sscartquery,northamerica-northeast1,modellearning,sscartquery-00011-jzl,sscartquery,cloud_run_revision,INFO,functions/Logic.java,2024-02-29T20:24:48.034453Z
65e0e80f000e949d0ba053bb,functions/Logic.java,service,cpu:=-4380000000  rt:=1171581602,cloudfunctions,00d087f5e07bdae58c1f4da3364551cac54ac5362bf1a9581e7d4bf9a32f14aae9b89d873ef09e84a16dbd253a49be122c24eb757e668e06c6c2cc19262d914e45e911,projects/modellearning/logs/run.googleapis.com%2Fstdout,,2024-02-29T20:24:47.995909104Z,sscartquery,northamerica-northeast1,modellearning,sscartquery-00011-jzl,sscartquery,cloud_run_revision,INFO,functions/Logic.java,2024-02-29T20:24:47.955549Z
65e0e80f000b344b0e0f166c,functions/Logic.java,service,cpu:=1400000000  rt:=1462181220,cloudfunctions,00d087f5e06379a276e4a585f3c5060b28341f9ba1aae00b35146eef3c6bfe293ee854779cb36f3cc9ba10b75867900165815dba5f5fb35677f9397372dd0e41039340,projects/modellearning/logs/run.googleapis.com%2Fstdout,,2024-02-29T20:24:47.995909104Z,sscartquery,northamerica-northeast1,modellearning,sscartquery-00011-jzl,sscartquery,cloud_run_revision,INFO,functions/Logic.java,2024-02-29T20:24:47.734283Z
65e0e80f0009b143015aab37,functions/Logic.java,service,cpu:=450000000  rt:=852403735,cloudfunctions,00d087f5e07bdae58c1f4da3364551cac54ac5362bf1a9581e7d4bf9a32f14aae9b89d873ef09e84a16dbd253a49be122c24eb757e668e06c6c2cc19262d914e45e911,projects/modellearning/logs/run.googleapis.com%2Fstdout,,2024-02-29T20:24:47.662894359Z,sscartquery,northamerica-northeast1,modellearning,sscartquery-00011-jzl,sscartquery,cloud_run_revision,INFO,functions/Logic.java,2024-02-29T20:24:47.635203Z
65e0e80f0008c5daf659ec8f,functions/Logic.java,service,cpu:=10430000000  rt:=977904386,cloudfunctions,00d087f5e04921ffa2ae878763f0217abb165fe4fe9a2e8a027ba11aed30e41dbddf4fc8615626ade2ce81a05b33cc0543a90b189fc41ef2749e7ddb07fe1c9b9eae6c,projects/modellearning/logs/run.googleapis.com%2Fstdout,,2024-02-29T20:24:47.662894359Z,sscartquery,northamerica-northeast1,modellearning,sscartquery-00011-jzl,sscartquery,cloud_run_revision,INFO,functions/Logic.java,2024-02-29T20:24:47.574938Z
65e0e80f00078da377302baf,functions/Logic.java,service,cpu:=2310000000  rt:=2403443519,cloudfunctions,00d087f5e0fb53247b367efd3d5bd3eb6ec2079ea1f90edc419a49866437bf458cfeca444aeaa3b7daf5636b05c06cb47d5f161f950d27b45213cc036890ef6262ebf3,projects/modellearning/logs/run.googleapis.com%2Fstdout,,2024-02-29T20:24:47.662894359Z,sscartquery,northamerica-northeast1,modellearning,sscartquery-00011-jzl,sscartquery,cloud_run_revision,INFO,functions/Logic.java,2024-02-29T20:24:47.495011Z
65e0e80f0006ae190d2accc0,functions/Logic.java,service,cpu:=-9810000000  rt:=97195567,cloudfunctions,00d087f5e0c28364f40a88ea65440fad99d864800ea3cc4f8b70fe4c04ce8ea9bd6aa21cc40c9f2508c1dde8fc79b324f27e029f2d84aed35c039754a5d33a775a009f,projects/modellearning/logs/run.googleapis.com%2Fstdout,,2024-02-29T20:24:47.662894359Z,sscartquery,northamerica-northeast1,modellearning,sscartquery-00011-jzl,sscartquery,cloud_run_revision,INFO,functions/Logic.java,2024-02-29T20:24:47.437785Z
65e0e80f00020de2c1519b53,functions/Logic.java,service,cpu:=370000000  rt:=537311367,cloudfunctions,00d087f5e04921ffa2ae878763f0217abb165fe4fe9a2e8a027ba11aed30e41dbddf4fc8615626ade2ce81a05b33cc0543a90b189fc41ef2749e7ddb07fe1c9b9eae6c,projects/modellearning/logs/run.googleapis.com%2Fstdout,,2024-02-29T20:24:47.330129539Z,sscartquery,northamerica-northeast1,modellearning,sscartquery-00011-jzl,sscartquery,cloud_run_revision,INFO,functions/Logic.java,2024-02-29T20:24:47.134626Z
65e0e80f000007d6fe4981b4,functions/Logic.java,service,cpu:=190000000  rt:=401784657,cloudfunctions,00d087f5e0c28364f40a88ea65440fad99d864800ea3cc4f8b70fe4c04ce8ea9bd6aa21cc40c9f2508c1dde8fc79b324f27e029f2d84aed35c039754a5d33a775a009f,projects/modellearning/logs/run.googleapis.com%2Fstdout,,2024-02-29T20:24:47.330129539Z,sscartquery,northamerica-northeast1,modellearning,sscartquery-00011-jzl,sscartquery,cloud_run_revision,INFO,functions/Logic.java,2024-02-29T20:24:47.002006Z
65e0e80e000b8c1203e407c2,functions/Logic.java,service,cpu:=100000000  rt:=156468688,cloudfunctions,00d087f5e0c28364f40a88ea65440fad99d864800ea3cc4f8b70fe4c04ce8ea9bd6aa21cc40c9f2508c1dde8fc79b324f27e029f2d84aed35c039754a5d33a775a009f,projects/modellearning/logs/run.googleapis.com%2Fstdout,,2024-02-29T20:24:46.996029154Z,sscartquery,northamerica-northeast1,modellearning,sscartquery-00011-jzl,sscartquery,cloud_run_revision,INFO,functions/Logic.java,2024-02-29T20:24:46.756754Z
65e0e80e000a3c0af0e3ce90,functions/Logic.java,service,cpu:=-20040000000  rt:=2097866694,cloudfunctions,00d087f5e0b82d4393d4a7bbb7f14727933f8b96724a91b37d40394984760349848f0c657a1b55ad143d87d15617c08a8ba76acddb65a7eb3b550a40e4aceccdfb8d33,projects/modellearning/logs/run.googleapis.com%2Fstdout,,2024-02-29T20:24:46.996029154Z,sscartquery,northamerica-northeast1,modellearning,sscartquery-00011-jzl,sscartquery,cloud_run_revision,INFO,functions/Logic.java,2024-02-29T20:24:46.670730Z
65e0e80e0006a120878570a7,functions/Logic.java,service,cpu:=-940000000  rt:=216493740,cloudfunctions,00d087f5e096f10c047c63271bf3ad0a02126a02b2e38fa8048979e18ea67d746ffa403f88d9a80d0fd5b28bb55609f2a74100003294e282c98f0e4563ee611fd74e6e,projects/modellearning/logs/run.googleapis.com%2Fstdout,,2024-02-29T20:24:46.663153364Z,sscartquery,northamerica-northeast1,modellearning,sscartquery-00011-jzl,sscartquery,cloud_run_revision,INFO,functions/Logic.java,2024-02-29T20:24:46.434464Z
65e0e80e00051b25174f8dbd,functions/Logic.java,service,cpu:=770000000  rt:=1761900838,cloudfunctions,00d087f5e0b82d4393d4a7bbb7f14727933f8b96724a91b37d40394984760349848f0c657a1b55ad143d87d15617c08a8ba76acddb65a7eb3b550a40e4aceccdfb8d33,projects/modellearning/logs/run.googleapis.com%2Fstdout,,2024-02-29T20:24:46.663153364Z,sscartquery,northamerica-northeast1,modellearning,sscartquery-00011-jzl,sscartquery,cloud_run_revision,INFO,functions/Logic.java,2024-02-29T20:24:46.334629Z
65e0e80e000393a8b6ed577c,functions/Logic.java,service,cpu:=310000000  rt:=331366719,cloudfunctions,00d087f5e06379a276e4a585f3c5060b28341f9ba1aae00b35146eef3c6bfe293ee854779cb36f3cc9ba10b75867900165815dba5f5fb35677f9397372dd0e41039340,projects/modellearning/logs/run.googleapis.com%2Fstdout,,2024-02-29T20:24:46.330084755Z,sscartquery,northamerica-northeast1,modellearning,sscartquery-00011-jzl,sscartquery,cloud_run_revision,INFO,functions/Logic.java,2024-02-29T20:24:46.234408Z
65e0e80e0000a9c50d2ca93f,functions/Logic.java,service,cpu:=150000000  rt:=150813385,cloudfunctions,00d087f5e096f10c047c63271bf3ad0a02126a02b2e38fa8048979e18ea67d746ffa403f88d9a80d0fd5b28bb55609f2a74100003294e282c98f0e4563ee611fd74e6e,projects/modellearning/logs/run.googleapis.com%2Fstdout,,2024-02-29T20:24:46.330084755Z,sscartquery,northamerica-northeast1,modellearning,sscartquery-00011-jzl,sscartquery,cloud_run_revision,INFO,functions/Logic.java,2024-02-29T20:24:46.043461Z
65e0e80d000f280afc1dc093,functions/Logic.java,service,cpu:=310000000  rt:=314590595,cloudfunctions,00d087f5e04921ffa2ae878763f0217abb165fe4fe9a2e8a027ba11aed30e41dbddf4fc8615626ade2ce81a05b33cc0543a90b189fc41ef2749e7ddb07fe1c9b9eae6c,projects/modellearning/logs/run.googleapis.com%2Fstdout,,2024-02-29T20:24:45.998111539Z,sscartquery,northamerica-northeast1,modellearning,sscartquery-00011-jzl,sscartquery,cloud_run_revision,INFO,functions/Logic.java,2024-02-29T20:24:45.993290Z
65e0e80d0007c7b59175f9a8,functions/Logic.java,service,cpu:=460000000  rt:=787053797,cloudfunctions,00d087f5e07bdae58c1f4da3364551cac54ac5362bf1a9581e7d4bf9a32f14aae9b89d873ef09e84a16dbd253a49be122c24eb757e668e06c6c2cc19262d914e45e911,projects/modellearning/logs/run.googleapis.com%2Fstdout,,2024-02-29T20:24:45.664027414Z,sscartquery,northamerica-northeast1,modellearning,sscartquery-00011-jzl,sscartquery,cloud_run_revision,INFO,functions/Logic.java,2024-02-29T20:24:45.509877Z
65e0e80d0006aa45573a8fbd,functions/Logic.java,service,cpu:=1130000000  rt:=1169459302,cloudfunctions,00d087f5e0c28364f40a88ea65440fad99d864800ea3cc4f8b70fe4c04ce8ea9bd6aa21cc40c9f2508c1dde8fc79b324f27e029f2d84aed35c039754a5d33a775a009f,projects/modellearning/logs/run.googleapis.com%2Fstdout,,2024-02-29T20:24:45.664027414Z,sscartquery,northamerica-northeast1,modellearning,sscartquery-00011-jzl,sscartquery,cloud_run_revision,INFO,functions/Logic.java,2024-02-29T20:24:45.436805Z
65e0e80d00039f597495db1a,functions/Logic.java,service,cpu:=360000000  rt:=377599346,cloudfunctions,00d087f5e06379a276e4a585f3c5060b28341f9ba1aae00b35146eef3c6bfe293ee854779cb36f3cc9ba10b75867900165815dba5f5fb35677f9397372dd0e41039340,projects/modellearning/logs/run.googleapis.com%2Fstdout,,2024-02-29T20:24:45.331447856Z,sscartquery,northamerica-northeast1,modellearning,sscartquery-00011-jzl,sscartquery,cloud_run_revision,INFO,functions/Logic.java,2024-02-29T20:24:45.237401Z
65e0e80d00021db2388a4726,functions/Logic.java,service,cpu:=16120000000  rt:=415612476,cloudfunctions,00d087f5e07bdae58c1f4da3364551cac54ac5362bf1a9581e7d4bf9a32f14aae9b89d873ef09e84a16dbd253a49be122c24eb757e668e06c6c2cc19262d914e45e911,projects/modellearning/logs/run.googleapis.com%2Fstdout,,2024-02-29T20:24:45.331447856Z,sscartquery,northamerica-northeast1,modellearning,sscartquery-00011-jzl,sscartquery,cloud_run_revision,INFO,functions/Logic.java,2024-02-29T20:24:45.138674Z
65e0e80d00016de1fbb06252,functions/Logic.java,service,cpu:=1040000000  rt:=1100588152,cloudfunctions,00d087f5e096f10c047c63271bf3ad0a02126a02b2e38fa8048979e18ea67d746ffa403f88d9a80d0fd5b28bb55609f2a74100003294e282c98f0e4563ee611fd74e6e,projects/modellearning/logs/run.googleapis.com%2Fstdout,,2024-02-29T20:24:45.331447856Z,sscartquery,northamerica-northeast1,modellearning,sscartquery-00011-jzl,sscartquery,cloud_run_revision,INFO,functions/Logic.java,2024-02-29T20:24:45.093665Z
65e0e80c000ecec78a266397,functions/Logic.java,service,cpu:=200000000  rt:=215688908,cloudfunctions,00d087f5e0fb53247b367efd3d5bd3eb6ec2079ea1f90edc419a49866437bf458cfeca444aeaa3b7daf5636b05c06cb47d5f161f950d27b45213cc036890ef6262ebf3,projects/modellearning/logs/run.googleapis.com%2Fstdout,,2024-02-29T20:24:44.998218679Z,sscartquery,northamerica-northeast1,modellearning,sscartquery-00011-jzl,sscartquery,cloud_run_revision,INFO,functions/Logic.java,2024-02-29T20:24:44.970439Z
65e0e80c000e8bd0430cc7af,functions/Logic.java,service,cpu:=570000000  rt:=591993341,cloudfunctions,00d087f5e04921ffa2ae878763f0217abb165fe4fe9a2e8a027ba11aed30e41dbddf4fc8615626ade2ce81a05b33cc0543a90b189fc41ef2749e7ddb07fe1c9b9eae6c,projects/modellearning/logs/run.googleapis.com%2Fstdout,,2024-02-29T20:24:44.998218679Z,sscartquery,northamerica-northeast1,modellearning,sscartquery-00011-jzl,sscartquery,cloud_run_revision,INFO,functions/Logic.java,2024-02-29T20:24:44.953296Z
65e0e80c000d80ad7c141802,functions/Logic.java,service,cpu:=560000000  rt:=562073564,cloudfunctions,00d087f5e025f1412d457ac9df76d9971bbb653901e64de3964b6771b432461e319b79b0f00c478208807a6c7a3fbf8874fe0596d4f63281afed598300217590a2678e,projects/modellearning/logs/run.googleapis.com%2Fstdout,,2024-02-29T20:24:44.998218679Z,sscartquery,northamerica-northeast1,modellearning,sscartquery-00011-jzl,sscartquery,cloud_run_revision,INFO,functions/Logic.java,2024-02-29T20:24:44.884909Z
65e0e80c000c49d11cfd06c9,functions/Logic.java,service,cpu:=390000000  rt:=397575905,cloudfunctions,00d087f5e0508b90f669d2e778e5edb119d2cf95bbdf1d474990a4029916e734b09cb9a2fbea2793facea51d590b84a7b32d827e55698dd1314956e833b1573e692dea,projects/modellearning/logs/run.googleapis.com%2Fstdout,,2024-02-29T20:24:44.998218679Z,sscartquery,northamerica-northeast1,modellearning,sscartquery-00011-jzl,sscartquery,cloud_run_revision,INFO,functions/Logic.java,2024-02-29T20:24:44.805329Z
65e0e80c000b34ed4625f4f2,functions/Logic.java,service,cpu:=2290000000  rt:=2375622303,cloudfunctions,00d087f5e06379a276e4a585f3c5060b28341f9ba1aae00b35146eef3c6bfe293ee854779cb36f3cc9ba10b75867900165815dba5f5fb35677f9397372dd0e41039340,projects/modellearning/logs/run.googleapis.com%2Fstdout,,2024-02-29T20:24:44.998218679Z,sscartquery,northamerica-northeast1,modellearning,sscartquery-00011-jzl,sscartquery,cloud_run_revision,INFO,functions/Logic.java,2024-02-29T20:24:44.734445Z
65e0e80c000b34ec45b0b8a8,functions/Logic.java,service,cpu:=200000000  rt:=207567616,cloudfunctions,00d087f5e0fb53247b367efd3d5bd3eb6ec2079ea1f90edc419a49866437bf458cfeca444aeaa3b7daf5636b05c06cb47d5f161f950d27b45213cc036890ef6262ebf3,projects/modellearning/logs/run.googleapis.com%2Fstdout,,2024-02-29T20:24:44.998218679Z,sscartquery,northamerica-northeast1,modellearning,sscartquery-00011-jzl,sscartquery,cloud_run_revision,INFO,functions/Logic.java,2024-02-29T20:24:44.734444Z
65e0e80c0008a8553c8eb9f7,functions/Logic.java,service,cpu:=620000000  rt:=623775778,cloudfunctions,00d087f5e07bdae58c1f4da3364551cac54ac5362bf1a9581e7d4bf9a32f14aae9b89d873ef09e84a16dbd253a49be122c24eb757e668e06c6c2cc19262d914e45e911,projects/modellearning/logs/run.googleapis.com%2Fstdout,,2024-02-29T20:24:44.665072727Z,sscartquery,northamerica-northeast1,modellearning,sscartquery-00011-jzl,sscartquery,cloud_run_revision,INFO,functions/Logic.java,2024-02-29T20:24:44.567381Z
65e0e80c00077d65ebfa70b1,functions/Logic.java,service,cpu:=1080000000  rt:=1133750893,cloudfunctions,00d087f5e0fb53247b367efd3d5bd3eb6ec2079ea1f90edc419a49866437bf458cfeca444aeaa3b7daf5636b05c06cb47d5f161f950d27b45213cc036890ef6262ebf3,projects/modellearning/logs/run.googleapis.com%2Fstdout,,2024-02-29T20:24:44.665072727Z,sscartquery,northamerica-northeast1,modellearning,sscartquery-00011-jzl,sscartquery,cloud_run_revision,INFO,functions/Logic.java,2024-02-29T20:24:44.490853Z
65e0e80c0005baec1c8b36c4,functions/Logic.java,service,cpu:=1800000000  rt:=1868341595,cloudfunctions,00d087f5e0508b90f669d2e778e5edb119d2cf95bbdf1d474990a4029916e734b09cb9a2fbea2793facea51d590b84a7b32d827e55698dd1314956e833b1573e692dea,projects/modellearning/logs/run.googleapis.com%2Fstdout,,2024-02-29T20:24:44.665072727Z,sscartquery,northamerica-northeast1,modellearning,sscartquery-00011-jzl,sscartquery,cloud_run_revision,INFO,functions/Logic.java,2024-02-29T20:24:44.375532Z
65e0e80c00051a337ee737a2,functions/Logic.java,service,cpu:=1180000000  rt:=1210590891,cloudfunctions,00d087f5e04921ffa2ae878763f0217abb165fe4fe9a2e8a027ba11aed30e41dbddf4fc8615626ade2ce81a05b33cc0543a90b189fc41ef2749e7ddb07fe1c9b9eae6c,projects/modellearning/logs/run.googleapis.com%2Fstdout,,2024-02-29T20:24:44.665072727Z,sscartquery,northamerica-northeast1,modellearning,sscartquery-00011-jzl,sscartquery,cloud_run_revision,INFO,functions/Logic.java,2024-02-29T20:24:44.334387Z
65e0e80c0003d98fd3cb5c85,functions/Logic.java,service,cpu:=1430000000  rt:=1498927141,cloudfunctions,00d087f5e025f1412d457ac9df76d9971bbb653901e64de3964b6771b432461e319b79b0f00c478208807a6c7a3fbf8874fe0596d4f63281afed598300217590a2678e,projects/modellearning/logs/run.googleapis.com%2Fstdout,,2024-02-29T20:24:44.333001652Z,sscartquery,northamerica-northeast1,modellearning,sscartquery-00011-jzl,sscartquery,cloud_run_revision,INFO,functions/Logic.java,2024-02-29T20:24:44.252303Z
65e0e80c0002929bd458a5e0,functions/Logic.java,service,cpu:=680000000  rt:=718853940,cloudfunctions,00d087f5e0c28364f40a88ea65440fad99d864800ea3cc4f8b70fe4c04ce8ea9bd6aa21cc40c9f2508c1dde8fc79b324f27e029f2d84aed35c039754a5d33a775a009f,projects/modellearning/logs/run.googleapis.com%2Fstdout,,2024-02-29T20:24:44.333001652Z,sscartquery,northamerica-northeast1,modellearning,sscartquery-00011-jzl,sscartquery,cloud_run_revision,INFO,functions/Logic.java,2024-02-29T20:24:44.168603Z
65e0e80c00021c3b9231c44f,functions/Logic.java,service,cpu:=50000000  rt:=55453769,cloudfunctions,00d087f5e0b82d4393d4a7bbb7f14727933f8b96724a91b37d40394984760349848f0c657a1b55ad143d87d15617c08a8ba76acddb65a7eb3b550a40e4aceccdfb8d33,projects/modellearning/logs/run.googleapis.com%2Fstdout,,2024-02-29T20:24:44.333001652Z,sscartquery,northamerica-northeast1,modellearning,sscartquery-00011-jzl,sscartquery,cloud_run_revision,INFO,functions/Logic.java,2024-02-29T20:24:44.138299Z
65e0e80c00013532d3985ede,functions/Logic.java,service,cpu:=980000000  rt:=1005924923,cloudfunctions,00d087f5e0b82d4393d4a7bbb7f14727933f8b96724a91b37d40394984760349848f0c657a1b55ad143d87d15617c08a8ba76acddb65a7eb3b550a40e4aceccdfb8d33,projects/modellearning/logs/run.googleapis.com%2Fstdout,,2024-02-29T20:24:44.333001652Z,sscartquery,northamerica-northeast1,modellearning,sscartquery-00011-jzl,sscartquery,cloud_run_revision,INFO,functions/Logic.java,2024-02-29T20:24:44.079154Z
65e0e80b000cbbf9a1fd50f5,functions/Logic.java,service,cpu:=750000000  rt:=771124470,cloudfunctions,00d087f5e096f10c047c63271bf3ad0a02126a02b2e38fa8048979e18ea67d746ffa403f88d9a80d0fd5b28bb55609f2a74100003294e282c98f0e4563ee611fd74e6e,projects/modellearning/logs/run.googleapis.com%2Fstdout,,2024-02-29T20:24:43.998972291Z,sscartquery,northamerica-northeast1,modellearning,sscartquery-00011-jzl,sscartquery,cloud_run_revision,INFO,functions/Logic.java,2024-02-29T20:24:43.834553Z
65e0e80b000644c76eb10c4a,functions/Logic.java,service,cpu:=1800000000  rt:=1937123965,cloudfunctions,00d087f5e07bdae58c1f4da3364551cac54ac5362bf1a9581e7d4bf9a32f14aae9b89d873ef09e84a16dbd253a49be122c24eb757e668e06c6c2cc19262d914e45e911,projects/modellearning/logs/run.googleapis.com%2Fstdout,,2024-02-29T20:24:43.666907729Z,sscartquery,northamerica-northeast1,modellearning,sscartquery-00011-jzl,sscartquery,cloud_run_revision,INFO,functions/Logic.java,2024-02-29T20:24:43.410823Z
65e0e80b000326a313a7a829,functions/Logic.java,service,cpu:=910000000  rt:=954838202,cloudfunctions,00d087f5e0c28364f40a88ea65440fad99d864800ea3cc4f8b70fe4c04ce8ea9bd6aa21cc40c9f2508c1dde8fc79b324f27e029f2d84aed35c039754a5d33a775a009f,projects/modellearning/logs/run.googleapis.com%2Fstdout,,2024-02-29T20:24:43.334000369Z,sscartquery,northamerica-northeast1,modellearning,sscartquery-00011-jzl,sscartquery,cloud_run_revision,INFO,functions/Logic.java,2024-02-29T20:24:43.206499Z
65e0e80b0002442b508883f9,functions/Logic.java,service,cpu:=1390000000  rt:=1425879540,cloudfunctions,00d087f5e0fb53247b367efd3d5bd3eb6ec2079ea1f90edc419a49866437bf458cfeca444aeaa3b7daf5636b05c06cb47d5f161f950d27b45213cc036890ef6262ebf3,projects/modellearning/logs/run.googleapis.com%2Fstdout,,2024-02-29T20:24:43.334000369Z,sscartquery,northamerica-northeast1,modellearning,sscartquery-00011-jzl,sscartquery,cloud_run_revision,INFO,functions/Logic.java,2024-02-29T20:24:43.148523Z
65e0e80a000c60c4ffdd1c0e,functions/Logic.java,service,cpu:=410000000  rt:=417012172,cloudfunctions,00d087f5e04921ffa2ae878763f0217abb165fe4fe9a2e8a027ba11aed30e41dbddf4fc8615626ade2ce81a05b33cc0543a90b189fc41ef2749e7ddb07fe1c9b9eae6c,projects/modellearning/logs/run.googleapis.com%2Fstdout,,2024-02-29T20:24:42.999958563Z,sscartquery,northamerica-northeast1,modellearning,sscartquery-00011-jzl,sscartquery,cloud_run_revision,INFO,functions/Logic.java,2024-02-29T20:24:42.811204Z
65e0e80a0008ddea1bbec4f9,functions/Logic.java,service,cpu:=490000000  rt:=499597793,cloudfunctions,00d087f5e0b82d4393d4a7bbb7f14727933f8b96724a91b37d40394984760349848f0c657a1b55ad143d87d15617c08a8ba76acddb65a7eb3b550a40e4aceccdfb8d33,projects/modellearning/logs/run.googleapis.com%2Fstdout,,2024-02-29T20:24:42.666991228Z,sscartquery,northamerica-northeast1,modellearning,sscartquery-00011-jzl,sscartquery,cloud_run_revision,INFO,functions/Logic.java,2024-02-29T20:24:42.581098Z
65e0e80a00051ae520335937,functions/Logic.java,service,cpu:=1590000000  rt:=2673206227,cloudfunctions,00d087f5e096f10c047c63271bf3ad0a02126a02b2e38fa8048979e18ea67d746ffa403f88d9a80d0fd5b28bb55609f2a74100003294e282c98f0e4563ee611fd74e6e,projects/modellearning/logs/run.googleapis.com%2Fstdout,,2024-02-29T20:24:42.666991228Z,sscartquery,northamerica-northeast1,modellearning,sscartquery-00011-jzl,sscartquery,cloud_run_revision,INFO,functions/Logic.java,2024-02-29T20:24:42.334565Z
65e0e80a00051a6dcb6310de,functions/Logic.java,service,cpu:=160000000  rt:=166322539,cloudfunctions,00d087f5e025f1412d457ac9df76d9971bbb653901e64de3964b6771b432461e319b79b0f00c478208807a6c7a3fbf8874fe0596d4f63281afed598300217590a2678e,projects/modellearning/logs/run.googleapis.com%2Fstdout,,2024-02-29T20:24:42.666991228Z,sscartquery,northamerica-northeast1,modellearning,sscartquery-00011-jzl,sscartquery,cloud_run_revision,INFO,functions/Logic.java,2024-02-29T20:24:42.334445Z
65e0e80a00046834ac422a19,functions/Logic.java,service,cpu:=880000000  rt:=916827976,cloudfunctions,00d087f5e0508b90f669d2e778e5edb119d2cf95bbdf1d474990a4029916e734b09cb9a2fbea2793facea51d590b84a7b32d827e55698dd1314956e833b1573e692dea,projects/modellearning/logs/run.googleapis.com%2Fstdout,,2024-02-29T20:24:42.333834716Z,sscartquery,northamerica-northeast1,modellearning,sscartquery-00011-jzl,sscartquery,cloud_run_revision,INFO,functions/Logic.java,2024-02-29T20:24:42.288820Z
65e0e80a00039392c57312cb,functions/Logic.java,service,cpu:=80000000  rt:=84744519,cloudfunctions,00d087f5e04921ffa2ae878763f0217abb165fe4fe9a2e8a027ba11aed30e41dbddf4fc8615626ade2ce81a05b33cc0543a90b189fc41ef2749e7ddb07fe1c9b9eae6c,projects/modellearning/logs/run.googleapis.com%2Fstdout,,2024-02-29T20:24:42.333834716Z,sscartquery,northamerica-northeast1,modellearning,sscartquery-00011-jzl,sscartquery,cloud_run_revision,INFO,functions/Logic.java,2024-02-29T20:24:42.234386Z
65e0e809000d8c0f08db0305,functions/Logic.java,service,cpu:=820000000  rt:=837296148,cloudfunctions,00d087f5e06379a276e4a585f3c5060b28341f9ba1aae00b35146eef3c6bfe293ee854779cb36f3cc9ba10b75867900165815dba5f5fb35677f9397372dd0e41039340,projects/modellearning/logs/run.googleapis.com%2Fstdout,,2024-02-29T20:24:42.001989809Z,sscartquery,northamerica-northeast1,modellearning,sscartquery-00011-jzl,sscartquery,cloud_run_revision,INFO,functions/Logic.java,2024-02-29T20:24:41.887823Z
65e0e809000c511aa72c9614,functions/Logic.java,service,cpu:=390000000  rt:=392321540,cloudfunctions,00d087f5e0c28364f40a88ea65440fad99d864800ea3cc4f8b70fe4c04ce8ea9bd6aa21cc40c9f2508c1dde8fc79b324f27e029f2d84aed35c039754a5d33a775a009f,projects/modellearning/logs/run.googleapis.com%2Fstdout,,2024-02-29T20:24:42.001989809Z,sscartquery,northamerica-northeast1,modellearning,sscartquery-00011-jzl,sscartquery,cloud_run_revision,INFO,functions/Logic.java,2024-02-29T20:24:41.807194Z
65e0e809000bc9958793731f,functions/Logic.java,service,cpu:=760000000  rt:=800587678,cloudfunctions,00d087f5e025f1412d457ac9df76d9971bbb653901e64de3964b6771b432461e319b79b0f00c478208807a6c7a3fbf8874fe0596d4f63281afed598300217590a2678e,projects/modellearning/logs/run.googleapis.com%2Fstdout,,2024-02-29T20:24:42.001989809Z,sscartquery,northamerica-northeast1,modellearning,sscartquery-00011-jzl,sscartquery,cloud_run_revision,INFO,functions/Logic.java,2024-02-29T20:24:41.772501Z
65e0e809000bbfb944f27f9e,functions/Logic.java,service,cpu:=540000000  rt:=548336289,cloudfunctions,00d087f5e04921ffa2ae878763f0217abb165fe4fe9a2e8a027ba11aed30e41dbddf4fc8615626ade2ce81a05b33cc0543a90b189fc41ef2749e7ddb07fe1c9b9eae6c,projects/modellearning/logs/run.googleapis.com%2Fstdout,,2024-02-29T20:24:42.001989809Z,sscartquery,northamerica-northeast1,modellearning,sscartquery-00011-jzl,sscartquery,cloud_run_revision,INFO,functions/Logic.java,2024-02-29T20:24:41.769977Z
65e0e809000ab11ddd9f009b,functions/Logic.java,service,cpu:=12450000000  rt:=229979557,cloudfunctions,00d087f5e0b82d4393d4a7bbb7f14727933f8b96724a91b37d40394984760349848f0c657a1b55ad143d87d15617c08a8ba76acddb65a7eb3b550a40e4aceccdfb8d33,projects/modellearning/logs/run.googleapis.com%2Fstdout,,2024-02-29T20:24:42.001989809Z,sscartquery,northamerica-northeast1,modellearning,sscartquery-00011-jzl,sscartquery,cloud_run_revision,INFO,functions/Logic.java,2024-02-29T20:24:41.700701Z
65e0e8090009b07f002a3693,functions/Logic.java,service,cpu:=13750000000  rt:=160910023,cloudfunctions,00d087f5e07bdae58c1f4da3364551cac54ac5362bf1a9581e7d4bf9a32f14aae9b89d873ef09e84a16dbd253a49be122c24eb757e668e06c6c2cc19262d914e45e911,projects/modellearning/logs/run.googleapis.com%2Fstdout,,2024-02-29T20:24:41.668838346Z,sscartquery,northamerica-northeast1,modellearning,sscartquery-00011-jzl,sscartquery,cloud_run_revision,INFO,functions/Logic.java,2024-02-29T20:24:41.635007Z
65e0e8090009adf542cbc8c4,functions/Logic.java,service,cpu:=1190000000  rt:=1221240665,cloudfunctions,00d087f5e0fb53247b367efd3d5bd3eb6ec2079ea1f90edc419a49866437bf458cfeca444aeaa3b7daf5636b05c06cb47d5f161f950d27b45213cc036890ef6262ebf3,projects/modellearning/logs/run.googleapis.com%2Fstdout,,2024-02-29T20:24:41.668838346Z,sscartquery,northamerica-northeast1,modellearning,sscartquery-00011-jzl,sscartquery,cloud_run_revision,INFO,functions/Logic.java,2024-02-29T20:24:41.634357Z
65e0e8090009ac7c881e991a,functions/Logic.java,service,cpu:=50000000  rt:=103652974,cloudfunctions,00d087f5e0b82d4393d4a7bbb7f14727933f8b96724a91b37d40394984760349848f0c657a1b55ad143d87d15617c08a8ba76acddb65a7eb3b550a40e4aceccdfb8d33,projects/modellearning/logs/run.googleapis.com%2Fstdout,,2024-02-29T20:24:41.668838346Z,sscartquery,northamerica-northeast1,modellearning,sscartquery-00011-jzl,sscartquery,cloud_run_revision,INFO,functions/Logic.java,2024-02-29T20:24:41.633980Z
65e0e80900059095cbf92e63,functions/Logic.java,service,cpu:=160000000  rt:=160549967,cloudfunctions,00d087f5e0c28364f40a88ea65440fad99d864800ea3cc4f8b70fe4c04ce8ea9bd6aa21cc40c9f2508c1dde8fc79b324f27e029f2d84aed35c039754a5d33a775a009f,projects/modellearning/logs/run.googleapis.com%2Fstdout,,2024-02-29T20:24:41.668838346Z,sscartquery,northamerica-northeast1,modellearning,sscartquery-00011-jzl,sscartquery,cloud_run_revision,INFO,functions/Logic.java,2024-02-29T20:24:41.364693Z
65e0e80900051ab47b4ecc1b,functions/Logic.java,service,cpu:=840000000  rt:=1673689888,cloudfunctions,00d087f5e096f10c047c63271bf3ad0a02126a02b2e38fa8048979e18ea67d746ffa403f88d9a80d0fd5b28bb55609f2a74100003294e282c98f0e4563ee611fd74e6e,projects/modellearning/logs/run.googleapis.com%2Fstdout,,2024-02-29T20:24:41.668838346Z,sscartquery,northamerica-northeast1,modellearning,sscartquery-00011-jzl,sscartquery,cloud_run_revision,INFO,functions/Logic.java,2024-02-29T20:24:41.334516Z
65e0e80900030c6598e12739,functions/Logic.java,service,cpu:=530000000  rt:=567377532,cloudfunctions,00d087f5e0508b90f669d2e778e5edb119d2cf95bbdf1d474990a4029916e734b09cb9a2fbea2793facea51d590b84a7b32d827e55698dd1314956e833b1573e692dea,projects/modellearning/logs/run.googleapis.com%2Fstdout,,2024-02-29T20:24:41.335116958Z,sscartquery,northamerica-northeast1,modellearning,sscartquery-00011-jzl,sscartquery,cloud_run_revision,INFO,functions/Logic.java,2024-02-29T20:24:41.199781Z
65e0e808000daab4febeea08,functions/Logic.java,service,cpu:=50000000  rt:=44182102,cloudfunctions,00d087f5e0b82d4393d4a7bbb7f14727933f8b96724a91b37d40394984760349848f0c657a1b55ad143d87d15617c08a8ba76acddb65a7eb3b550a40e4aceccdfb8d33,projects/modellearning/logs/run.googleapis.com%2Fstdout,,2024-02-29T20:24:41.001775763Z,sscartquery,northamerica-northeast1,modellearning,sscartquery-00011-jzl,sscartquery,cloud_run_revision,INFO,functions/Logic.java,2024-02-29T20:24:40.895668Z
65e0e808000cff6037fc55c1,functions/Logic.java,service,cpu:=11460000000  rt:=13764542012,cloudfunctions,00d087f5e04921ffa2ae878763f0217abb165fe4fe9a2e8a027ba11aed30e41dbddf4fc8615626ade2ce81a05b33cc0543a90b189fc41ef2749e7ddb07fe1c9b9eae6c,projects/modellearning/logs/run.googleapis.com%2Fstdout,,2024-02-29T20:24:41.001775763Z,sscartquery,northamerica-northeast1,modellearning,sscartquery-00011-jzl,sscartquery,cloud_run_revision,INFO,functions/Logic.java,2024-02-29T20:24:40.851808Z
65e0e808000c42c3bd34e7fd,functions/Logic.java,service,cpu:=900000000  rt:=925395927,cloudfunctions,00d087f5e0c28364f40a88ea65440fad99d864800ea3cc4f8b70fe4c04ce8ea9bd6aa21cc40c9f2508c1dde8fc79b324f27e029f2d84aed35c039754a5d33a775a009f,projects/modellearning/logs/run.googleapis.com%2Fstdout,,2024-02-29T20:24:41.001775763Z,sscartquery,northamerica-northeast1,modellearning,sscartquery-00011-jzl,sscartquery,cloud_run_revision,INFO,functions/Logic.java,2024-02-29T20:24:40.803523Z
65e0e80800054e9bc6cc0f8b,functions/Logic.java,service,cpu:=950000000  rt:=976476276,cloudfunctions,00d087f5e06379a276e4a585f3c5060b28341f9ba1aae00b35146eef3c6bfe293ee854779cb36f3cc9ba10b75867900165815dba5f5fb35677f9397372dd0e41039340,projects/modellearning/logs/run.googleapis.com%2Fstdout,,2024-02-29T20:24:40.669622912Z,sscartquery,northamerica-northeast1,modellearning,sscartquery-00011-jzl,sscartquery,cloud_run_revision,INFO,functions/Logic.java,2024-02-29T20:24:40.347803Z
65e0e80800051abca5ff5897,functions/Logic.java,service,cpu:=1370000000  rt:=1400853354,cloudfunctions,00d087f5e025f1412d457ac9df76d9971bbb653901e64de3964b6771b432461e319b79b0f00c478208807a6c7a3fbf8874fe0596d4f63281afed598300217590a2678e,projects/modellearning/logs/run.googleapis.com%2Fstdout,,2024-02-29T20:24:40.335778579Z,sscartquery,northamerica-northeast1,modellearning,sscartquery-00011-jzl,sscartquery,cloud_run_revision,INFO,functions/Logic.java,2024-02-29T20:24:40.334524Z
65e0e80800039a7182eb1a39,functions/Logic.java,service,cpu:=170000000  rt:=177241875,cloudfunctions,00d087f5e07bdae58c1f4da3364551cac54ac5362bf1a9581e7d4bf9a32f14aae9b89d873ef09e84a16dbd253a49be122c24eb757e668e06c6c2cc19262d914e45e911,projects/modellearning/logs/run.googleapis.com%2Fstdout,,2024-02-29T20:24:40.335778579Z,sscartquery,northamerica-northeast1,modellearning,sscartquery-00011-jzl,sscartquery,cloud_run_revision,INFO,functions/Logic.java,2024-02-29T20:24:40.236145Z
65e0e808000393af0154c8cd,functions/Logic.java,service,cpu:=450000000  rt:=459205844,cloudfunctions,00d087f5e0fb53247b367efd3d5bd3eb6ec2079ea1f90edc419a49866437bf458cfeca444aeaa3b7daf5636b05c06cb47d5f161f950d27b45213cc036890ef6262ebf3,projects/modellearning/logs/run.googleapis.com%2Fstdout,,2024-02-29T20:24:40.335778579Z,sscartquery,northamerica-northeast1,modellearning,sscartquery-00011-jzl,sscartquery,cloud_run_revision,INFO,functions/Logic.java,2024-02-29T20:24:40.234415Z
65e0e807000f26e04f4c0f75,functions/Logic.java,service,cpu:=4110000000  rt:=4248127402,cloudfunctions,00d087f5e0b82d4393d4a7bbb7f14727933f8b96724a91b37d40394984760349848f0c657a1b55ad143d87d15617c08a8ba76acddb65a7eb3b550a40e4aceccdfb8d33,projects/modellearning/logs/run.googleapis.com%2Fstdout,,2024-02-29T20:24:40.004089388Z,sscartquery,northamerica-northeast1,modellearning,sscartquery-00011-jzl,sscartquery,cloud_run_revision,INFO,functions/Logic.java,2024-02-29T20:24:39.992992Z
65e0e807000d39bdb2226e21,functions/Logic.java,service,cpu:=470000000  rt:=477622581,cloudfunctions,00d087f5e0508b90f669d2e778e5edb119d2cf95bbdf1d474990a4029916e734b09cb9a2fbea2793facea51d590b84a7b32d827e55698dd1314956e833b1573e692dea,projects/modellearning/logs/run.googleapis.com%2Fstdout,,2024-02-29T20:24:40.004089388Z,sscartquery,northamerica-northeast1,modellearning,sscartquery-00011-jzl,sscartquery,cloud_run_revision,INFO,functions/Logic.java,2024-02-29T20:24:39.866749Z
65e0e807000b4f97324fe7e7,functions/Logic.java,service,cpu:=350000000  rt:=367471311,cloudfunctions,00d087f5e07bdae58c1f4da3364551cac54ac5362bf1a9581e7d4bf9a32f14aae9b89d873ef09e84a16dbd253a49be122c24eb757e668e06c6c2cc19262d914e45e911,projects/modellearning/logs/run.googleapis.com%2Fstdout,,2024-02-29T20:24:40.004089388Z,sscartquery,northamerica-northeast1,modellearning,sscartquery-00011-jzl,sscartquery,cloud_run_revision,INFO,functions/Logic.java,2024-02-29T20:24:39.741271Z
65e0e807000ac195197f3929,functions/Logic.java,service,cpu:=1330000000  rt:=1388405512,cloudfunctions,00d087f5e0c28364f40a88ea65440fad99d864800ea3cc4f8b70fe4c04ce8ea9bd6aa21cc40c9f2508c1dde8fc79b324f27e029f2d84aed35c039754a5d33a775a009f,projects/modellearning/logs/run.googleapis.com%2Fstdout,,2024-02-29T20:24:40.004089388Z,sscartquery,northamerica-northeast1,modellearning,sscartquery-00011-jzl,sscartquery,cloud_run_revision,INFO,functions/Logic.java,2024-02-29T20:24:39.704917Z
65e0e8070009ee13d3ca767f,functions/Logic.java,service,cpu:=470000000  rt:=589180644,cloudfunctions,00d087f5e0fb53247b367efd3d5bd3eb6ec2079ea1f90edc419a49866437bf458cfeca444aeaa3b7daf5636b05c06cb47d5f161f950d27b45213cc036890ef6262ebf3,projects/modellearning/logs/run.googleapis.com%2Fstdout,,2024-02-29T20:24:39.670866036Z,sscartquery,northamerica-northeast1,modellearning,sscartquery-00011-jzl,sscartquery,cloud_run_revision,INFO,functions/Logic.java,2024-02-29T20:24:39.650771Z
65e0e8070006a1343d3a1f19,functions/Logic.java,service,cpu:=-48720000000  rt:=372916204,cloudfunctions,00d087f5e0fb53247b367efd3d5bd3eb6ec2079ea1f90edc419a49866437bf458cfeca444aeaa3b7daf5636b05c06cb47d5f161f950d27b45213cc036890ef6262ebf3,projects/modellearning/logs/run.googleapis.com%2Fstdout,,2024-02-29T20:24:39.670866036Z,sscartquery,northamerica-northeast1,modellearning,sscartquery-00011-jzl,sscartquery,cloud_run_revision,INFO,functions/Logic.java,2024-02-29T20:24:39.434484Z
65e0e80700051abde6d6fb08,functions/Logic.java,service,cpu:=630000000  rt:=649813937,cloudfunctions,00d087f5e0508b90f669d2e778e5edb119d2cf95bbdf1d474990a4029916e734b09cb9a2fbea2793facea51d590b84a7b32d827e55698dd1314956e833b1573e692dea,projects/modellearning/logs/run.googleapis.com%2Fstdout,,2024-02-29T20:24:39.337727552Z,sscartquery,northamerica-northeast1,modellearning,sscartquery-00011-jzl,sscartquery,cloud_run_revision,INFO,functions/Logic.java,2024-02-29T20:24:39.334525Z
65e0e806000d4fbc175bd54b,functions/Logic.java,service,cpu:=580000000  rt:=615754356,cloudfunctions,00d087f5e07bdae58c1f4da3364551cac54ac5362bf1a9581e7d4bf9a32f14aae9b89d873ef09e84a16dbd253a49be122c24eb757e668e06c6c2cc19262d914e45e911,projects/modellearning/logs/run.googleapis.com%2Fstdout,,2024-02-29T20:24:39.005073058Z,sscartquery,northamerica-northeast1,modellearning,sscartquery-00011-jzl,sscartquery,cloud_run_revision,INFO,functions/Logic.java,2024-02-29T20:24:38.872380Z
65e0e806000c18eccbcaf389,functions/Logic.java,service,cpu:=560000000  rt:=567472043,cloudfunctions,00d087f5e0fb53247b367efd3d5bd3eb6ec2079ea1f90edc419a49866437bf458cfeca444aeaa3b7daf5636b05c06cb47d5f161f950d27b45213cc036890ef6262ebf3,projects/modellearning/logs/run.googleapis.com%2Fstdout,,2024-02-29T20:24:39.005073058Z,sscartquery,northamerica-northeast1,modellearning,sscartquery-00011-jzl,sscartquery,cloud_run_revision,INFO,functions/Logic.java,2024-02-29T20:24:38.792812Z
65e0e8060003b7f936e9df39,functions/Logic.java,service,cpu:=820000000  rt:=853398336,cloudfunctions,00d087f5e06379a276e4a585f3c5060b28341f9ba1aae00b35146eef3c6bfe293ee854779cb36f3cc9ba10b75867900165815dba5f5fb35677f9397372dd0e41039340,projects/modellearning/logs/run.googleapis.com%2Fstdout,,2024-02-29T20:24:38.337706973Z,sscartquery,northamerica-northeast1,modellearning,sscartquery-00011-jzl,sscartquery,cloud_run_revision,INFO,functions/Logic.java,2024-02-29T20:24:38.243705Z
65e0e8060003a23bf9483022,functions/Logic.java,service,cpu:=470000000  rt:=484793551,cloudfunctions,00d087f5e025f1412d457ac9df76d9971bbb653901e64de3964b6771b432461e319b79b0f00c478208807a6c7a3fbf8874fe0596d4f63281afed598300217590a2678e,projects/modellearning/logs/run.googleapis.com%2Fstdout,,2024-02-29T20:24:38.337706973Z,sscartquery,northamerica-northeast1,modellearning,sscartquery-00011-jzl,sscartquery,cloud_run_revision,INFO,functions/Logic.java,2024-02-29T20:24:38.238139Z
65e0e80600001604bcd0c759,functions/Logic.java,service,cpu:=160000000  rt:=181194920,cloudfunctions,00d087f5e0508b90f669d2e778e5edb119d2cf95bbdf1d474990a4029916e734b09cb9a2fbea2793facea51d590b84a7b32d827e55698dd1314956e833b1573e692dea,projects/modellearning/logs/run.googleapis.com%2Fstdout,,2024-02-29T20:24:38.337706973Z,sscartquery,northamerica-northeast1,modellearning,sscartquery-00011-jzl,sscartquery,cloud_run_revision,INFO,functions/Logic.java,2024-02-29T20:24:38.005636Z
65e0e8060000135312b7c82c,functions/Logic.java,service,cpu:=810000000  rt:=857302948,cloudfunctions,00d087f5e096f10c047c63271bf3ad0a02126a02b2e38fa8048979e18ea67d746ffa403f88d9a80d0fd5b28bb55609f2a74100003294e282c98f0e4563ee611fd74e6e,projects/modellearning/logs/run.googleapis.com%2Fstdout,,2024-02-29T20:24:38.337706973Z,sscartquery,northamerica-northeast1,modellearning,sscartquery-00011-jzl,sscartquery,cloud_run_revision,INFO,functions/Logic.java,2024-02-29T20:24:38.004947Z
65e0e805000f30fd10ba6aa7,functions/Logic.java,service,cpu:=220000000  rt:=244027286,cloudfunctions,00d087f5e0c28364f40a88ea65440fad99d864800ea3cc4f8b70fe4c04ce8ea9bd6aa21cc40c9f2508c1dde8fc79b324f27e029f2d84aed35c039754a5d33a775a009f,projects/modellearning/logs/run.googleapis.com%2Fstdout,,2024-02-29T20:24:38.004677594Z,sscartquery,northamerica-northeast1,modellearning,sscartquery-00011-jzl,sscartquery,cloud_run_revision,INFO,functions/Logic.java,2024-02-29T20:24:37.995581Z
65e0e805000cbbacdfc286c6,functions/Logic.java,service,cpu:=90000000  rt:=91241934,cloudfunctions,00d087f5e0fb53247b367efd3d5bd3eb6ec2079ea1f90edc419a49866437bf458cfeca444aeaa3b7daf5636b05c06cb47d5f161f950d27b45213cc036890ef6262ebf3,projects/modellearning/logs/run.googleapis.com%2Fstdout,,2024-02-29T20:24:38.004677594Z,sscartquery,northamerica-northeast1,modellearning,sscartquery-00011-jzl,sscartquery,cloud_run_revision,INFO,functions/Logic.java,2024-02-29T20:24:37.834476Z
65e0e805000b34d57396e2ab,functions/Logic.java,service,cpu:=1080000000  rt:=1156059261,cloudfunctions,00d087f5e0fb53247b367efd3d5bd3eb6ec2079ea1f90edc419a49866437bf458cfeca444aeaa3b7daf5636b05c06cb47d5f161f950d27b45213cc036890ef6262ebf3,projects/modellearning/logs/run.googleapis.com%2Fstdout,,2024-02-29T20:24:38.004677594Z,sscartquery,northamerica-northeast1,modellearning,sscartquery-00011-jzl,sscartquery,cloud_run_revision,INFO,functions/Logic.java,2024-02-29T20:24:37.734421Z
65e0e80500071aa0c6f08fad,functions/Logic.java,service,cpu:=2030000000  rt:=2076253795,cloudfunctions,00d087f5e07bdae58c1f4da3364551cac54ac5362bf1a9581e7d4bf9a32f14aae9b89d873ef09e84a16dbd253a49be122c24eb757e668e06c6c2cc19262d914e45e911,projects/modellearning/logs/run.googleapis.com%2Fstdout,,2024-02-29T20:24:37.671541615Z,sscartquery,northamerica-northeast1,modellearning,sscartquery-00011-jzl,sscartquery,cloud_run_revision,INFO,functions/Logic.java,2024-02-29T20:24:37.465568Z
65e0e80500051fcf0189a8f6,functions/Logic.java,service,cpu:=1030000000  rt:=1058432791,cloudfunctions,00d087f5e0508b90f669d2e778e5edb119d2cf95bbdf1d474990a4029916e734b09cb9a2fbea2793facea51d590b84a7b32d827e55698dd1314956e833b1573e692dea,projects/modellearning/logs/run.googleapis.com%2Fstdout,,2024-02-29T20:24:37.338938348Z,sscartquery,northamerica-northeast1,modellearning,sscartquery-00011-jzl,sscartquery,cloud_run_revision,INFO,functions/Logic.java,2024-02-29T20:24:37.335823Z
65e0e805000214c751111ccb,functions/Logic.java,service,cpu:=480000000  rt:=490251109,cloudfunctions,00d087f5e025f1412d457ac9df76d9971bbb653901e64de3964b6771b432461e319b79b0f00c478208807a6c7a3fbf8874fe0596d4f63281afed598300217590a2678e,projects/modellearning/logs/run.googleapis.com%2Fstdout,,2024-02-29T20:24:37.338938348Z,sscartquery,northamerica-northeast1,modellearning,sscartquery-00011-jzl,sscartquery,cloud_run_revision,INFO,functions/Logic.java,2024-02-29T20:24:37.136391Z
65e0e805000180299dce31dd,functions/Logic.java,service,cpu:=340000000  rt:=367948537,cloudfunctions,00d087f5e0c28364f40a88ea65440fad99d864800ea3cc4f8b70fe4c04ce8ea9bd6aa21cc40c9f2508c1dde8fc79b324f27e029f2d84aed35c039754a5d33a775a009f,projects/modellearning/logs/run.googleapis.com%2Fstdout,,2024-02-29T20:24:37.338938348Z,sscartquery,northamerica-northeast1,modellearning,sscartquery-00011-jzl,sscartquery,cloud_run_revision,INFO,functions/Logic.java,2024-02-29T20:24:37.098345Z
65e0e804000c37fa763a3266,functions/Logic.java,service,cpu:=770000000  rt:=778766018,cloudfunctions,00d087f5e06379a276e4a585f3c5060b28341f9ba1aae00b35146eef3c6bfe293ee854779cb36f3cc9ba10b75867900165815dba5f5fb35677f9397372dd0e41039340,projects/modellearning/logs/run.googleapis.com%2Fstdout,,2024-02-29T20:24:37.006501520Z,sscartquery,northamerica-northeast1,modellearning,sscartquery-00011-jzl,sscartquery,cloud_run_revision,INFO,functions/Logic.java,2024-02-29T20:24:36.800762Z
65e0e804000b35553fbc1b1e,functions/Logic.java,service,cpu:=470000000  rt:=481457769,cloudfunctions,00d087f5e096f10c047c63271bf3ad0a02126a02b2e38fa8048979e18ea67d746ffa403f88d9a80d0fd5b28bb55609f2a74100003294e282c98f0e4563ee611fd74e6e,projects/modellearning/logs/run.googleapis.com%2Fstdout,,2024-02-29T20:24:37.006501520Z,sscartquery,northamerica-northeast1,modellearning,sscartquery-00011-jzl,sscartquery,cloud_run_revision,INFO,functions/Logic.java,2024-02-29T20:24:36.734549Z
65e0e8040007a002fb9aadfe,functions/Logic.java,service,cpu:=590000000  rt:=599851343,cloudfunctions,00d087f5e0c28364f40a88ea65440fad99d864800ea3cc4f8b70fe4c04ce8ea9bd6aa21cc40c9f2508c1dde8fc79b324f27e029f2d84aed35c039754a5d33a775a009f,projects/modellearning/logs/run.googleapis.com%2Fstdout,,2024-02-29T20:24:36.673098885Z,sscartquery,northamerica-northeast1,modellearning,sscartquery-00011-jzl,sscartquery,cloud_run_revision,INFO,functions/Logic.java,2024-02-29T20:24:36.499714Z
65e0e8040005439b64bb3716,functions/Logic.java,service,cpu:=1670000000  rt:=2283866922,cloudfunctions,00d087f5e0fb53247b367efd3d5bd3eb6ec2079ea1f90edc419a49866437bf458cfeca444aeaa3b7daf5636b05c06cb47d5f161f950d27b45213cc036890ef6262ebf3,projects/modellearning/logs/run.googleapis.com%2Fstdout,,2024-02-29T20:24:36.673098885Z,sscartquery,northamerica-northeast1,modellearning,sscartquery-00011-jzl,sscartquery,cloud_run_revision,INFO,functions/Logic.java,2024-02-29T20:24:36.344987Z
65e0e8040003236623e46ff7,functions/Logic.java,service,cpu:=2250000000  rt:=2330343175,cloudfunctions,00d087f5e025f1412d457ac9df76d9971bbb653901e64de3964b6771b432461e319b79b0f00c478208807a6c7a3fbf8874fe0596d4f63281afed598300217590a2678e,projects/modellearning/logs/run.googleapis.com%2Fstdout,,2024-02-29T20:24:36.340025498Z,sscartquery,northamerica-northeast1,modellearning,sscartquery-00011-jzl,sscartquery,cloud_run_revision,INFO,functions/Logic.java,2024-02-29T20:24:36.205670Z
65e0e8040000864036029376,functions/Logic.java,service,cpu:=600000000  rt:=619258294,cloudfunctions,00d087f5e0508b90f669d2e778e5edb119d2cf95bbdf1d474990a4029916e734b09cb9a2fbea2793facea51d590b84a7b32d827e55698dd1314956e833b1573e692dea,projects/modellearning/logs/run.googleapis.com%2Fstdout,,2024-02-29T20:24:36.340025498Z,sscartquery,northamerica-northeast1,modellearning,sscartquery-00011-jzl,sscartquery,cloud_run_revision,INFO,functions/Logic.java,2024-02-29T20:24:36.034368Z
65e0e803000f27f715a4962d,functions/Logic.java,service,cpu:=60000000  rt:=51804534,cloudfunctions,00d087f5e096f10c047c63271bf3ad0a02126a02b2e38fa8048979e18ea67d746ffa403f88d9a80d0fd5b28bb55609f2a74100003294e282c98f0e4563ee611fd74e6e,projects/modellearning/logs/run.googleapis.com%2Fstdout,,2024-02-29T20:24:36.007841919Z,sscartquery,northamerica-northeast1,modellearning,sscartquery-00011-jzl,sscartquery,cloud_run_revision,INFO,functions/Logic.java,2024-02-29T20:24:35.993271Z
65e0e803000e420a8fdf8089,functions/Logic.java,service,cpu:=270000000  rt:=282822352,cloudfunctions,00d087f5e06379a276e4a585f3c5060b28341f9ba1aae00b35146eef3c6bfe293ee854779cb36f3cc9ba10b75867900165815dba5f5fb35677f9397372dd0e41039340,projects/modellearning/logs/run.googleapis.com%2Fstdout,,2024-02-29T20:24:36.007841919Z,sscartquery,northamerica-northeast1,modellearning,sscartquery-00011-jzl,sscartquery,cloud_run_revision,INFO,functions/Logic.java,2024-02-29T20:24:35.934410Z
65e0e803000d200af3539e44,functions/Logic.java,service,cpu:=1060000000  rt:=1094013021,cloudfunctions,00d087f5e096f10c047c63271bf3ad0a02126a02b2e38fa8048979e18ea67d746ffa403f88d9a80d0fd5b28bb55609f2a74100003294e282c98f0e4563ee611fd74e6e,projects/modellearning/logs/run.googleapis.com%2Fstdout,,2024-02-29T20:24:36.007841919Z,sscartquery,northamerica-northeast1,modellearning,sscartquery-00011-jzl,sscartquery,cloud_run_revision,INFO,functions/Logic.java,2024-02-29T20:24:35.860170Z
65e0e803000b69300bf102c5,functions/Logic.java,service,cpu:=1560000000  rt:=1586357699,cloudfunctions,00d087f5e0c28364f40a88ea65440fad99d864800ea3cc4f8b70fe4c04ce8ea9bd6aa21cc40c9f2508c1dde8fc79b324f27e029f2d84aed35c039754a5d33a775a009f,projects/modellearning/logs/run.googleapis.com%2Fstdout,,2024-02-29T20:24:36.007841919Z,sscartquery,northamerica-northeast1,modellearning,sscartquery-00011-jzl,sscartquery,cloud_run_revision,INFO,functions/Logic.java,2024-02-29T20:24:35.747824Z
65e0e803000a93a82aad9c73,functions/Logic.java,service,cpu:=280000000  rt:=285104328,cloudfunctions,00d087f5e0b82d4393d4a7bbb7f14727933f8b96724a91b37d40394984760349848f0c657a1b55ad143d87d15617c08a8ba76acddb65a7eb3b550a40e4aceccdfb8d33,projects/modellearning/logs/run.googleapis.com%2Fstdout,,2024-02-29T20:24:36.007841919Z,sscartquery,northamerica-northeast1,modellearning,sscartquery-00011-jzl,sscartquery,cloud_run_revision,INFO,functions/Logic.java,2024-02-29T20:24:35.693160Z
65e0e8030005a96d0cfeecb0,functions/Logic.java,service,cpu:=3430000000  rt:=3554684787,cloudfunctions,00d087f5e06379a276e4a585f3c5060b28341f9ba1aae00b35146eef3c6bfe293ee854779cb36f3cc9ba10b75867900165815dba5f5fb35677f9397372dd0e41039340,projects/modellearning/logs/run.googleapis.com%2Fstdout,,2024-02-29T20:24:35.674972485Z,sscartquery,northamerica-northeast1,modellearning,sscartquery-00011-jzl,sscartquery,cloud_run_revision,INFO,functions/Logic.java,2024-02-29T20:24:35.371053Z
65e0e80300039786e05cb211,functions/Logic.java,service,cpu:=32100000000  rt:=1174748425,cloudfunctions,00d087f5e0fb53247b367efd3d5bd3eb6ec2079ea1f90edc419a49866437bf458cfeca444aeaa3b7daf5636b05c06cb47d5f161f950d27b45213cc036890ef6262ebf3,projects/modellearning/logs/run.googleapis.com%2Fstdout,,2024-02-29T20:24:35.341517233Z,sscartquery,northamerica-northeast1,modellearning,sscartquery-00011-jzl,sscartquery,cloud_run_revision,INFO,functions/Logic.java,2024-02-29T20:24:35.235398Z
65e0e80300013a34caa72bb6,functions/Logic.java,service,cpu:=350000000  rt:=359085958,cloudfunctions,00d087f5e0508b90f669d2e778e5edb119d2cf95bbdf1d474990a4029916e734b09cb9a2fbea2793facea51d590b84a7b32d827e55698dd1314956e833b1573e692dea,projects/modellearning/logs/run.googleapis.com%2Fstdout,,2024-02-29T20:24:35.341517233Z,sscartquery,northamerica-northeast1,modellearning,sscartquery-00011-jzl,sscartquery,cloud_run_revision,INFO,functions/Logic.java,2024-02-29T20:24:35.080436Z
65e0e803000001091434cf29,functions/Logic.java,service,cpu:=2010000000  rt:=2509206395,cloudfunctions,00d087f5e07bdae58c1f4da3364551cac54ac5362bf1a9581e7d4bf9a32f14aae9b89d873ef09e84a16dbd253a49be122c24eb757e668e06c6c2cc19262d914e45e911,projects/modellearning/logs/run.googleapis.com%2Fstdout,,2024-02-29T20:24:35.007654511Z,sscartquery,northamerica-northeast1,modellearning,sscartquery-00011-jzl,sscartquery,cloud_run_revision,INFO,functions/Logic.java,2024-02-29T20:24:35.000265Z
65e0e802000aaf7cb83940f7,functions/Logic.java,service,cpu:=490000000  rt:=512420869,cloudfunctions,00d087f5e0b82d4393d4a7bbb7f14727933f8b96724a91b37d40394984760349848f0c657a1b55ad143d87d15617c08a8ba76acddb65a7eb3b550a40e4aceccdfb8d33,projects/modellearning/logs/run.googleapis.com%2Fstdout,,2024-02-29T20:24:35.007654511Z,sscartquery,northamerica-northeast1,modellearning,sscartquery-00011-jzl,sscartquery,cloud_run_revision,INFO,functions/Logic.java,2024-02-29T20:24:34.700284Z
65e0e80200071f3131585eae,functions/Logic.java,service,cpu:=4490000000  rt:=1973610633,cloudfunctions,00d087f5e096f10c047c63271bf3ad0a02126a02b2e38fa8048979e18ea67d746ffa403f88d9a80d0fd5b28bb55609f2a74100003294e282c98f0e4563ee611fd74e6e,projects/modellearning/logs/run.googleapis.com%2Fstdout,,2024-02-29T20:24:34.675093664Z,sscartquery,northamerica-northeast1,modellearning,sscartquery-00011-jzl,sscartquery,cloud_run_revision,INFO,functions/Logic.java,2024-02-29T20:24:34.466737Z
65e0e8020005ea12e9fafaba,functions/Logic.java,service,cpu:=200000000  rt:=199595076,cloudfunctions,00d087f5e0508b90f669d2e778e5edb119d2cf95bbdf1d474990a4029916e734b09cb9a2fbea2793facea51d590b84a7b32d827e55698dd1314956e833b1573e692dea,projects/modellearning/logs/run.googleapis.com%2Fstdout,,2024-02-29T20:24:34.675093664Z,sscartquery,northamerica-northeast1,modellearning,sscartquery-00011-jzl,sscartquery,cloud_run_revision,INFO,functions/Logic.java,2024-02-29T20:24:34.387602Z
65e0e801000dbd4f8d0f85b9,functions/Logic.java,service,cpu:=600000000  rt:=624407001,cloudfunctions,00d087f5e0508b90f669d2e778e5edb119d2cf95bbdf1d474990a4029916e734b09cb9a2fbea2793facea51d590b84a7b32d827e55698dd1314956e833b1573e692dea,projects/modellearning/logs/run.googleapis.com%2Fstdout,,2024-02-29T20:24:34.008830136Z,sscartquery,northamerica-northeast1,modellearning,sscartquery-00011-jzl,sscartquery,cloud_run_revision,INFO,functions/Logic.java,2024-02-29T20:24:33.900431Z
65e0e801000cf741c06f0977,functions/Logic.java,service,cpu:=14800000000  rt:=1086672306,cloudfunctions,00d087f5e0b82d4393d4a7bbb7f14727933f8b96724a91b37d40394984760349848f0c657a1b55ad143d87d15617c08a8ba76acddb65a7eb3b550a40e4aceccdfb8d33,projects/modellearning/logs/run.googleapis.com%2Fstdout,,2024-02-29T20:24:34.008830136Z,sscartquery,northamerica-northeast1,modellearning,sscartquery-00011-jzl,sscartquery,cloud_run_revision,INFO,functions/Logic.java,2024-02-29T20:24:33.849729Z
65e0e801000b9c345a8dd6e3,functions/Logic.java,service,cpu:=660000000  rt:=1269036940,cloudfunctions,00d087f5e096f10c047c63271bf3ad0a02126a02b2e38fa8048979e18ea67d746ffa403f88d9a80d0fd5b28bb55609f2a74100003294e282c98f0e4563ee611fd74e6e,projects/modellearning/logs/run.googleapis.com%2Fstdout,,2024-02-29T20:24:34.008830136Z,sscartquery,northamerica-northeast1,modellearning,sscartquery-00011-jzl,sscartquery,cloud_run_revision,INFO,functions/Logic.java,2024-02-29T20:24:33.760884Z
65e0e801000b350c00e6755a,functions/Logic.java,service,cpu:=-6810000000  rt:=1243290347,cloudfunctions,00d087f5e07bdae58c1f4da3364551cac54ac5362bf1a9581e7d4bf9a32f14aae9b89d873ef09e84a16dbd253a49be122c24eb757e668e06c6c2cc19262d914e45e911,projects/modellearning/logs/run.googleapis.com%2Fstdout,,2024-02-29T20:24:34.008830136Z,sscartquery,northamerica-northeast1,modellearning,sscartquery-00011-jzl,sscartquery,cloud_run_revision,INFO,functions/Logic.java,2024-02-29T20:24:33.734476Z
65e0e801000b34da29271064,functions/Logic.java,service,cpu:=270000000  rt:=280759379,cloudfunctions,00d087f5e0fb53247b367efd3d5bd3eb6ec2079ea1f90edc419a49866437bf458cfeca444aeaa3b7daf5636b05c06cb47d5f161f950d27b45213cc036890ef6262ebf3,projects/modellearning/logs/run.googleapis.com%2Fstdout,,2024-02-29T20:24:34.008830136Z,sscartquery,northamerica-northeast1,modellearning,sscartquery-00011-jzl,sscartquery,cloud_run_revision,INFO,functions/Logic.java,2024-02-29T20:24:33.734426Z
65e0e801000a48c1a7e7a7ef,functions/Logic.java,service,cpu:=50000000  rt:=49355121,cloudfunctions,00d087f5e0c28364f40a88ea65440fad99d864800ea3cc4f8b70fe4c04ce8ea9bd6aa21cc40c9f2508c1dde8fc79b324f27e029f2d84aed35c039754a5d33a775a009f,projects/modellearning/logs/run.googleapis.com%2Fstdout,,2024-02-29T20:24:33.676554914Z,sscartquery,northamerica-northeast1,modellearning,sscartquery-00011-jzl,sscartquery,cloud_run_revision,INFO,functions/Logic.java,2024-02-29T20:24:33.673985Z
65e0e8010005424d47ab7727,functions/Logic.java,service,cpu:=660000000  rt:=685767158,cloudfunctions,00d087f5e025f1412d457ac9df76d9971bbb653901e64de3964b6771b432461e319b79b0f00c478208807a6c7a3fbf8874fe0596d4f63281afed598300217590a2678e,projects/modellearning/logs/run.googleapis.com%2Fstdout,,2024-02-29T20:24:33.676554914Z,sscartquery,northamerica-northeast1,modellearning,sscartquery-00011-jzl,sscartquery,cloud_run_revision,INFO,functions/Logic.java,2024-02-29T20:24:33.344653Z
65e0e8010004b83d473f395e,functions/Logic.java,service,cpu:=70000000  rt:=69744755,cloudfunctions,00d087f5e0fb53247b367efd3d5bd3eb6ec2079ea1f90edc419a49866437bf458cfeca444aeaa3b7daf5636b05c06cb47d5f161f950d27b45213cc036890ef6262ebf3,projects/modellearning/logs/run.googleapis.com%2Fstdout,,2024-02-29T20:24:33.342805426Z,sscartquery,northamerica-northeast1,modellearning,sscartquery-00011-jzl,sscartquery,cloud_run_revision,INFO,functions/Logic.java,2024-02-29T20:24:33.309309Z
65e0e8010000cc5a898dcba0,functions/Logic.java,service,cpu:=590000000  rt:=599965497,cloudfunctions,00d087f5e0c28364f40a88ea65440fad99d864800ea3cc4f8b70fe4c04ce8ea9bd6aa21cc40c9f2508c1dde8fc79b324f27e029f2d84aed35c039754a5d33a775a009f,projects/modellearning/logs/run.googleapis.com%2Fstdout,,2024-02-29T20:24:33.342805426Z,sscartquery,northamerica-northeast1,modellearning,sscartquery-00011-jzl,sscartquery,cloud_run_revision,INFO,functions/Logic.java,2024-02-29T20:24:33.052314Z
65e0e80100009c1a4021a510,functions/Logic.java,service,cpu:=610000000  rt:=631967768,cloudfunctions,00d087f5e0508b90f669d2e778e5edb119d2cf95bbdf1d474990a4029916e734b09cb9a2fbea2793facea51d590b84a7b32d827e55698dd1314956e833b1573e692dea,projects/modellearning/logs/run.googleapis.com%2Fstdout,,2024-02-29T20:24:33.342805426Z,sscartquery,northamerica-northeast1,modellearning,sscartquery-00011-jzl,sscartquery,cloud_run_revision,INFO,functions/Logic.java,2024-02-29T20:24:33.039962Z
65e0e800000e914b9a756e12,functions/Logic.java,service,cpu:=1260000000  rt:=1775199098,cloudfunctions,00d087f5e0fb53247b367efd3d5bd3eb6ec2079ea1f90edc419a49866437bf458cfeca444aeaa3b7daf5636b05c06cb47d5f161f950d27b45213cc036890ef6262ebf3,projects/modellearning/logs/run.googleapis.com%2Fstdout,,2024-02-29T20:24:33.010403689Z,sscartquery,northamerica-northeast1,modellearning,sscartquery-00011-jzl,sscartquery,cloud_run_revision,INFO,functions/Logic.java,2024-02-29T20:24:32.954699Z
65e0e800000cbca51932015f,functions/Logic.java,service,cpu:=20000000  rt:=71500955,cloudfunctions,00d087f5e0b82d4393d4a7bbb7f14727933f8b96724a91b37d40394984760349848f0c657a1b55ad143d87d15617c08a8ba76acddb65a7eb3b550a40e4aceccdfb8d33,projects/modellearning/logs/run.googleapis.com%2Fstdout,,2024-02-29T20:24:33.010403689Z,sscartquery,northamerica-northeast1,modellearning,sscartquery-00011-jzl,sscartquery,cloud_run_revision,INFO,functions/Logic.java,2024-02-29T20:24:32.834725Z
65e0e8000007aa22ecf243b1,functions/Logic.java,service,cpu:=150000000  rt:=152832157,cloudfunctions,00d087f5e025f1412d457ac9df76d9971bbb653901e64de3964b6771b432461e319b79b0f00c478208807a6c7a3fbf8874fe0596d4f63281afed598300217590a2678e,projects/modellearning/logs/run.googleapis.com%2Fstdout,,2024-02-29T20:24:32.677590704Z,sscartquery,northamerica-northeast1,modellearning,sscartquery-00011-jzl,sscartquery,cloud_run_revision,INFO,functions/Logic.java,2024-02-29T20:24:32.502306Z
65e0e8000006ab815640a0e7,functions/Logic.java,service,cpu:=28260000000  rt:=1255659594,cloudfunctions,00d087f5e0fb53247b367efd3d5bd3eb6ec2079ea1f90edc419a49866437bf458cfeca444aeaa3b7daf5636b05c06cb47d5f161f950d27b45213cc036890ef6262ebf3,projects/modellearning/logs/run.googleapis.com%2Fstdout,,2024-02-29T20:24:32.677590704Z,sscartquery,northamerica-northeast1,modellearning,sscartquery-00011-jzl,sscartquery,cloud_run_revision,INFO,functions/Logic.java,2024-02-29T20:24:32.437121Z
65e0e80000053ae57fa78a2b,functions/Logic.java,service,cpu:=430000000  rt:=429335647,cloudfunctions,00d087f5e0c28364f40a88ea65440fad99d864800ea3cc4f8b70fe4c04ce8ea9bd6aa21cc40c9f2508c1dde8fc79b324f27e029f2d84aed35c039754a5d33a775a009f,projects/modellearning/logs/run.googleapis.com%2Fstdout,,2024-02-29T20:24:32.677590704Z,sscartquery,northamerica-northeast1,modellearning,sscartquery-00011-jzl,sscartquery,cloud_run_revision,INFO,functions/Logic.java,2024-02-29T20:24:32.342757Z
65e0e800000418bb64dbe9f7,functions/Logic.java,service,cpu:=420000000  rt:=441998516,cloudfunctions,00d087f5e0508b90f669d2e778e5edb119d2cf95bbdf1d474990a4029916e734b09cb9a2fbea2793facea51d590b84a7b32d827e55698dd1314956e833b1573e692dea,projects/modellearning/logs/run.googleapis.com%2Fstdout,,2024-02-29T20:24:32.343722348Z,sscartquery,northamerica-northeast1,modellearning,sscartquery-00011-jzl,sscartquery,cloud_run_revision,INFO,functions/Logic.java,2024-02-29T20:24:32.268475Z
65e0e80000001a7d1c3ae71f,functions/Logic.java,service,cpu:=1870000000  rt:=1929821331,cloudfunctions,00d087f5e025f1412d457ac9df76d9971bbb653901e64de3964b6771b432461e319b79b0f00c478208807a6c7a3fbf8874fe0596d4f63281afed598300217590a2678e,projects/modellearning/logs/run.googleapis.com%2Fstdout,,2024-02-29T20:24:32.011449587Z,sscartquery,northamerica-northeast1,modellearning,sscartquery-00011-jzl,sscartquery,cloud_run_revision,INFO,functions/Logic.java,2024-02-29T20:24:32.006781Z
65e0e7ff00082852f7187fb6,functions/Logic.java,service,cpu:=590000000  rt:=601839849,cloudfunctions,00d087f5e07bdae58c1f4da3364551cac54ac5362bf1a9581e7d4bf9a32f14aae9b89d873ef09e84a16dbd253a49be122c24eb757e668e06c6c2cc19262d914e45e911,projects/modellearning/logs/run.googleapis.com%2Fstdout,,2024-02-29T20:24:31.677548064Z,sscartquery,northamerica-northeast1,modellearning,sscartquery-00011-jzl,sscartquery,cloud_run_revision,INFO,functions/Logic.java,2024-02-29T20:24:31.534610Z
65e0e7fe000e9f827c0a50ae,functions/Logic.java,service,cpu:=1380000000  rt:=1881050458,cloudfunctions,00d087f5e0b82d4393d4a7bbb7f14727933f8b96724a91b37d40394984760349848f0c657a1b55ad143d87d15617c08a8ba76acddb65a7eb3b550a40e4aceccdfb8d33,projects/modellearning/logs/run.googleapis.com%2Fstdout,,2024-02-29T20:24:31.012603054Z,sscartquery,northamerica-northeast1,modellearning,sscartquery-00011-jzl,sscartquery,cloud_run_revision,INFO,functions/Logic.java,2024-02-29T20:24:30.958338Z
65e0e7fe000e4b5601641874,functions/Logic.java,service,cpu:=-1590000000  rt:=3850607334,cloudfunctions,00d087f5e04921ffa2ae878763f0217abb165fe4fe9a2e8a027ba11aed30e41dbddf4fc8615626ade2ce81a05b33cc0543a90b189fc41ef2749e7ddb07fe1c9b9eae6c,projects/modellearning/logs/run.googleapis.com%2Fstdout,,2024-02-29T20:24:31.012603054Z,sscartquery,northamerica-northeast1,modellearning,sscartquery-00011-jzl,sscartquery,cloud_run_revision,INFO,functions/Logic.java,2024-02-29T20:24:30.936790Z
65e0e7fe000d0aa6378ff6a5,functions/Logic.java,service,cpu:=1740000000  rt:=2544476566,cloudfunctions,00d087f5e096f10c047c63271bf3ad0a02126a02b2e38fa8048979e18ea67d746ffa403f88d9a80d0fd5b28bb55609f2a74100003294e282c98f0e4563ee611fd74e6e,projects/modellearning/logs/run.googleapis.com%2Fstdout,,2024-02-29T20:24:31.012603054Z,sscartquery,northamerica-northeast1,modellearning,sscartquery-00011-jzl,sscartquery,cloud_run_revision,INFO,functions/Logic.java,2024-02-29T20:24:30.854694Z
65e0e7fe000bb5d284992fc7,functions/Logic.java,service,cpu:=3960000000  rt:=862765983,cloudfunctions,00d087f5e0c28364f40a88ea65440fad99d864800ea3cc4f8b70fe4c04ce8ea9bd6aa21cc40c9f2508c1dde8fc79b324f27e029f2d84aed35c039754a5d33a775a009f,projects/modellearning/logs/run.googleapis.com%2Fstdout,,2024-02-29T20:24:31.012603054Z,sscartquery,northamerica-northeast1,modellearning,sscartquery-00011-jzl,sscartquery,cloud_run_revision,INFO,functions/Logic.java,2024-02-29T20:24:30.767442Z
65e0e7fe0006c24d3f616fef,functions/Logic.java,service,cpu:=910000000  rt:=929835355,cloudfunctions,00d087f5e0fb53247b367efd3d5bd3eb6ec2079ea1f90edc419a49866437bf458cfeca444aeaa3b7daf5636b05c06cb47d5f161f950d27b45213cc036890ef6262ebf3,projects/modellearning/logs/run.googleapis.com%2Fstdout,,2024-02-29T20:24:30.679696543Z,sscartquery,northamerica-northeast1,modellearning,sscartquery-00011-jzl,sscartquery,cloud_run_revision,INFO,functions/Logic.java,2024-02-29T20:24:30.442957Z
65e0e7fe0006a0657f34a46d,functions/Logic.java,service,cpu:=750000000  rt:=776443996,cloudfunctions,00d087f5e0d2ec86d3e5125cd7f8c8da0159c6c9245f96f8b661fd58a2c43ac7b7746cbd693c48c899aa0e18c79c8f6e29e46ee53925108e8c6a70ca451f1b05c9a9d7,projects/modellearning/logs/run.googleapis.com%2Fstdout,,2024-02-29T20:24:30.679696543Z,sscartquery,northamerica-northeast1,modellearning,sscartquery-00011-jzl,sscartquery,cloud_run_revision,INFO,functions/Logic.java,2024-02-29T20:24:30.434277Z
65e0e7fe000327e3c9dd0de5,functions/Logic.java,service,cpu:=440000000  rt:=457946051,cloudfunctions,00d087f5e0508b90f669d2e778e5edb119d2cf95bbdf1d474990a4029916e734b09cb9a2fbea2793facea51d590b84a7b32d827e55698dd1314956e833b1573e692dea,projects/modellearning/logs/run.googleapis.com%2Fstdout,,2024-02-29T20:24:30.345713554Z,sscartquery,northamerica-northeast1,modellearning,sscartquery-00011-jzl,sscartquery,cloud_run_revision,INFO,functions/Logic.java,2024-02-29T20:24:30.206819Z
65e0e7fe000282be694dd742,functions/Logic.java,service,cpu:=3130000000  rt:=1853876260,cloudfunctions,00d087f5e096f10c047c63271bf3ad0a02126a02b2e38fa8048979e18ea67d746ffa403f88d9a80d0fd5b28bb55609f2a74100003294e282c98f0e4563ee611fd74e6e,projects/modellearning/logs/run.googleapis.com%2Fstdout,,2024-02-29T20:24:30.345713554Z,sscartquery,northamerica-northeast1,modellearning,sscartquery-00011-jzl,sscartquery,cloud_run_revision,INFO,functions/Logic.java,2024-02-29T20:24:30.164542Z
65e0e7fe000245dd82517b31,functions/Logic.java,service,cpu:=180000000  rt:=243810834,cloudfunctions,00d087f5e0c28364f40a88ea65440fad99d864800ea3cc4f8b70fe4c04ce8ea9bd6aa21cc40c9f2508c1dde8fc79b324f27e029f2d84aed35c039754a5d33a775a009f,projects/modellearning/logs/run.googleapis.com%2Fstdout,,2024-02-29T20:24:30.345713554Z,sscartquery,northamerica-northeast1,modellearning,sscartquery-00011-jzl,sscartquery,cloud_run_revision,INFO,functions/Logic.java,2024-02-29T20:24:30.148957Z
65e0e7fe0001a40fad023fc3,functions/Logic.java,service,cpu:=1170000000  rt:=1205889385,cloudfunctions,00d087f5e06379a276e4a585f3c5060b28341f9ba1aae00b35146eef3c6bfe293ee854779cb36f3cc9ba10b75867900165815dba5f5fb35677f9397372dd0e41039340,projects/modellearning/logs/run.googleapis.com%2Fstdout,,2024-02-29T20:24:30.345713554Z,sscartquery,northamerica-northeast1,modellearning,sscartquery-00011-jzl,sscartquery,cloud_run_revision,INFO,functions/Logic.java,2024-02-29T20:24:30.107535Z
65e0e7fe000163f59b2adaa5,functions/Logic.java,service,cpu:=1950000000  rt:=2065901559,cloudfunctions,00d087f5e07bdae58c1f4da3364551cac54ac5362bf1a9581e7d4bf9a32f14aae9b89d873ef09e84a16dbd253a49be122c24eb757e668e06c6c2cc19262d914e45e911,projects/modellearning/logs/run.googleapis.com%2Fstdout,,2024-02-29T20:24:30.345713554Z,sscartquery,northamerica-northeast1,modellearning,sscartquery-00011-jzl,sscartquery,cloud_run_revision,INFO,functions/Logic.java,2024-02-29T20:24:30.091125Z
65e0e7fd000ec83a6e1c9727,functions/Logic.java,service,cpu:=-11920000000  rt:=890790683,cloudfunctions,00d087f5e0b82d4393d4a7bbb7f14727933f8b96724a91b37d40394984760349848f0c657a1b55ad143d87d15617c08a8ba76acddb65a7eb3b550a40e4aceccdfb8d33,projects/modellearning/logs/run.googleapis.com%2Fstdout,,2024-02-29T20:24:30.012328668Z,sscartquery,northamerica-northeast1,modellearning,sscartquery-00011-jzl,sscartquery,cloud_run_revision,INFO,functions/Logic.java,2024-02-29T20:24:29.968762Z
65e0e7fd000d92178fa5e794,functions/Logic.java,service,cpu:=240000000  rt:=248246121,cloudfunctions,00d087f5e025f1412d457ac9df76d9971bbb653901e64de3964b6771b432461e319b79b0f00c478208807a6c7a3fbf8874fe0596d4f63281afed598300217590a2678e,projects/modellearning/logs/run.googleapis.com%2Fstdout,,2024-02-29T20:24:30.012328668Z,sscartquery,northamerica-northeast1,modellearning,sscartquery-00011-jzl,sscartquery,cloud_run_revision,INFO,functions/Logic.java,2024-02-29T20:24:29.889367Z
65e0e7fd000b70bc1c339120,functions/Logic.java,service,cpu:=360000000  rt:=615122517,cloudfunctions,00d087f5e0c28364f40a88ea65440fad99d864800ea3cc4f8b70fe4c04ce8ea9bd6aa21cc40c9f2508c1dde8fc79b324f27e029f2d84aed35c039754a5d33a775a009f,projects/modellearning/logs/run.googleapis.com%2Fstdout,,2024-02-29T20:24:30.012328668Z,sscartquery,northamerica-northeast1,modellearning,sscartquery-00011-jzl,sscartquery,cloud_run_revision,INFO,functions/Logic.java,2024-02-29T20:24:29.749756Z
65e0e7fd0009bd765f301988,functions/Logic.java,service,cpu:=80000000  rt:=75595440,cloudfunctions,00d087f5e0508b90f669d2e778e5edb119d2cf95bbdf1d474990a4029916e734b09cb9a2fbea2793facea51d590b84a7b32d827e55698dd1314956e833b1573e692dea,projects/modellearning/logs/run.googleapis.com%2Fstdout,,2024-02-29T20:24:29.680447096Z,sscartquery,northamerica-northeast1,modellearning,sscartquery-00011-jzl,sscartquery,cloud_run_revision,INFO,functions/Logic.java,2024-02-29T20:24:29.638326Z
65e0e7fd0009ae01e3bc0f17,functions/Logic.java,service,cpu:=1880000000  rt:=1994150775,cloudfunctions,00d087f5e025f1412d457ac9df76d9971bbb653901e64de3964b6771b432461e319b79b0f00c478208807a6c7a3fbf8874fe0596d4f63281afed598300217590a2678e,projects/modellearning/logs/run.googleapis.com%2Fstdout,,2024-02-29T20:24:29.680447096Z,sscartquery,northamerica-northeast1,modellearning,sscartquery-00011-jzl,sscartquery,cloud_run_revision,INFO,functions/Logic.java,2024-02-29T20:24:29.634369Z
65e0e7fd00082e92e0d5429d,functions/Logic.java,service,cpu:=250000000  rt:=259338136,cloudfunctions,00d087f5e0508b90f669d2e778e5edb119d2cf95bbdf1d474990a4029916e734b09cb9a2fbea2793facea51d590b84a7b32d827e55698dd1314956e833b1573e692dea,projects/modellearning/logs/run.googleapis.com%2Fstdout,,2024-02-29T20:24:29.680447096Z,sscartquery,northamerica-northeast1,modellearning,sscartquery-00011-jzl,sscartquery,cloud_run_revision,INFO,functions/Logic.java,2024-02-29T20:24:29.536210Z
65e0e7fd0005a2b078e84d1c,functions/Logic.java,service,cpu:=580000000  rt:=584404879,cloudfunctions,00d087f5e0fb53247b367efd3d5bd3eb6ec2079ea1f90edc419a49866437bf458cfeca444aeaa3b7daf5636b05c06cb47d5f161f950d27b45213cc036890ef6262ebf3,projects/modellearning/logs/run.googleapis.com%2Fstdout,,2024-02-29T20:24:29.680447096Z,sscartquery,northamerica-northeast1,modellearning,sscartquery-00011-jzl,sscartquery,cloud_run_revision,INFO,functions/Logic.java,2024-02-29T20:24:29.369328Z
65e0e7fd00030a54bff3bcde,functions/Logic.java,service,cpu:=2100000000  rt:=2149310846,cloudfunctions,00d087f5e0508b90f669d2e778e5edb119d2cf95bbdf1d474990a4029916e734b09cb9a2fbea2793facea51d590b84a7b32d827e55698dd1314956e833b1573e692dea,projects/modellearning/logs/run.googleapis.com%2Fstdout,,2024-02-29T20:24:29.346312632Z,sscartquery,northamerica-northeast1,modellearning,sscartquery-00011-jzl,sscartquery,cloud_run_revision,INFO,functions/Logic.java,2024-02-29T20:24:29.199252Z
65e0e7fd000086a2177d8cf5,functions/Logic.java,service,cpu:=160000000  rt:=199716071,cloudfunctions,00d087f5e0b82d4393d4a7bbb7f14727933f8b96724a91b37d40394984760349848f0c657a1b55ad143d87d15617c08a8ba76acddb65a7eb3b550a40e4aceccdfb8d33,projects/modellearning/logs/run.googleapis.com%2Fstdout,,2024-02-29T20:24:29.346312632Z,sscartquery,northamerica-northeast1,modellearning,sscartquery-00011-jzl,sscartquery,cloud_run_revision,INFO,functions/Logic.java,2024-02-29T20:24:29.034466Z
65e0e7fc000cbba17b841dae,functions/Logic.java,service,cpu:=660000000  rt:=685475653,cloudfunctions,00d087f5e06379a276e4a585f3c5060b28341f9ba1aae00b35146eef3c6bfe293ee854779cb36f3cc9ba10b75867900165815dba5f5fb35677f9397372dd0e41039340,projects/modellearning/logs/run.googleapis.com%2Fstdout,,2024-02-29T20:24:29.014188550Z,sscartquery,northamerica-northeast1,modellearning,sscartquery-00011-jzl,sscartquery,cloud_run_revision,INFO,functions/Logic.java,2024-02-29T20:24:28.834465Z
65e0e7fc000bd48458341299,functions/Logic.java,service,cpu:=960000000  rt:=1024296478,cloudfunctions,00d087f5e0fb53247b367efd3d5bd3eb6ec2079ea1f90edc419a49866437bf458cfeca444aeaa3b7daf5636b05c06cb47d5f161f950d27b45213cc036890ef6262ebf3,projects/modellearning/logs/run.googleapis.com%2Fstdout,,2024-02-29T20:24:29.014188550Z,sscartquery,northamerica-northeast1,modellearning,sscartquery-00011-jzl,sscartquery,cloud_run_revision,INFO,functions/Logic.java,2024-02-29T20:24:28.775300Z
65e0e7fc000b355f68e5f6d1,functions/Logic.java,service,cpu:=12870000000  rt:=525687088,cloudfunctions,00d087f5e0b82d4393d4a7bbb7f14727933f8b96724a91b37d40394984760349848f0c657a1b55ad143d87d15617c08a8ba76acddb65a7eb3b550a40e4aceccdfb8d33,projects/modellearning/logs/run.googleapis.com%2Fstdout,,2024-02-29T20:24:29.014188550Z,sscartquery,northamerica-northeast1,modellearning,sscartquery-00011-jzl,sscartquery,cloud_run_revision,INFO,functions/Logic.java,2024-02-29T20:24:28.734559Z
65e0e7fc00051b10c6b5ced9,functions/Logic.java,service,cpu:=280000000  rt:=308224189,cloudfunctions,00d087f5e0c28364f40a88ea65440fad99d864800ea3cc4f8b70fe4c04ce8ea9bd6aa21cc40c9f2508c1dde8fc79b324f27e029f2d84aed35c039754a5d33a775a009f,projects/modellearning/logs/run.googleapis.com%2Fstdout,,2024-02-29T20:24:28.348111076Z,sscartquery,northamerica-northeast1,modellearning,sscartquery-00011-jzl,sscartquery,cloud_run_revision,INFO,functions/Logic.java,2024-02-29T20:24:28.334608Z
65e0e7fc00023726174e6af6,functions/Logic.java,service,cpu:=-25050000000  rt:=35623629,cloudfunctions,00d087f5e0b82d4393d4a7bbb7f14727933f8b96724a91b37d40394984760349848f0c657a1b55ad143d87d15617c08a8ba76acddb65a7eb3b550a40e4aceccdfb8d33,projects/modellearning/logs/run.googleapis.com%2Fstdout,,2024-02-29T20:24:28.348111076Z,sscartquery,northamerica-northeast1,modellearning,sscartquery-00011-jzl,sscartquery,cloud_run_revision,INFO,functions/Logic.java,2024-02-29T20:24:28.145190Z
65e0e7fc00020d2bb7e5413c,functions/Logic.java,service,cpu:=1260000000  rt:=1287716453,cloudfunctions,00d087f5e06379a276e4a585f3c5060b28341f9ba1aae00b35146eef3c6bfe293ee854779cb36f3cc9ba10b75867900165815dba5f5fb35677f9397372dd0e41039340,projects/modellearning/logs/run.googleapis.com%2Fstdout,,2024-02-29T20:24:28.348111076Z,sscartquery,northamerica-northeast1,modellearning,sscartquery-00011-jzl,sscartquery,cloud_run_revision,INFO,functions/Logic.java,2024-02-29T20:24:28.134443Z
65e0e7fb000c54430950471c,functions/Logic.java,service,cpu:=550000000  rt:=820909877,cloudfunctions,00d087f5e0b82d4393d4a7bbb7f14727933f8b96724a91b37d40394984760349848f0c657a1b55ad143d87d15617c08a8ba76acddb65a7eb3b550a40e4aceccdfb8d33,projects/modellearning/logs/run.googleapis.com%2Fstdout,,2024-02-29T20:24:28.015786528Z,sscartquery,northamerica-northeast1,modellearning,sscartquery-00011-jzl,sscartquery,cloud_run_revision,INFO,functions/Logic.java,2024-02-29T20:24:27.808003Z
65e0e7fb000c2add8e23f822,functions/Logic.java,service,cpu:=2930000000  rt:=3606434562,cloudfunctions,00d087f5e07bdae58c1f4da3364551cac54ac5362bf1a9581e7d4bf9a32f14aae9b89d873ef09e84a16dbd253a49be122c24eb757e668e06c6c2cc19262d914e45e911,projects/modellearning/logs/run.googleapis.com%2Fstdout,,2024-02-29T20:24:28.015786528Z,sscartquery,northamerica-northeast1,modellearning,sscartquery-00011-jzl,sscartquery,cloud_run_revision,INFO,functions/Logic.java,2024-02-29T20:24:27.797405Z
65e0e7fb000a0e6c75c8d7ef,functions/Logic.java,service,cpu:=400000000  rt:=401588133,cloudfunctions,00d087f5e0fb53247b367efd3d5bd3eb6ec2079ea1f90edc419a49866437bf458cfeca444aeaa3b7daf5636b05c06cb47d5f161f950d27b45213cc036890ef6262ebf3,projects/modellearning/logs/run.googleapis.com%2Fstdout,,2024-02-29T20:24:27.681359244Z,sscartquery,northamerica-northeast1,modellearning,sscartquery-00011-jzl,sscartquery,cloud_run_revision,INFO,functions/Logic.java,2024-02-29T20:24:27.659052Z
65e0e7fb00084f85a55078a6,functions/Logic.java,service,cpu:=600000000  rt:=639706676,cloudfunctions,00d087f5e0c28364f40a88ea65440fad99d864800ea3cc4f8b70fe4c04ce8ea9bd6aa21cc40c9f2508c1dde8fc79b324f27e029f2d84aed35c039754a5d33a775a009f,projects/modellearning/logs/run.googleapis.com%2Fstdout,,2024-02-29T20:24:27.681359244Z,sscartquery,northamerica-northeast1,modellearning,sscartquery-00011-jzl,sscartquery,cloud_run_revision,INFO,functions/Logic.java,2024-02-29T20:24:27.544645Z
65e0e7fb000827e3a99d593d,functions/Logic.java,service,cpu:=8970000000  rt:=547363097,cloudfunctions,00d087f5e0b82d4393d4a7bbb7f14727933f8b96724a91b37d40394984760349848f0c657a1b55ad143d87d15617c08a8ba76acddb65a7eb3b550a40e4aceccdfb8d33,projects/modellearning/logs/run.googleapis.com%2Fstdout,,2024-02-29T20:24:27.681359244Z,sscartquery,northamerica-northeast1,modellearning,sscartquery-00011-jzl,sscartquery,cloud_run_revision,INFO,functions/Logic.java,2024-02-29T20:24:27.534499Z
65e0e7fb0003b38a336fade1,functions/Logic.java,service,cpu:=2030000000  rt:=2076346853,cloudfunctions,00d087f5e096f10c047c63271bf3ad0a02126a02b2e38fa8048979e18ea67d746ffa403f88d9a80d0fd5b28bb55609f2a74100003294e282c98f0e4563ee611fd74e6e,projects/modellearning/logs/run.googleapis.com%2Fstdout,,2024-02-29T20:24:27.348729163Z,sscartquery,northamerica-northeast1,modellearning,sscartquery-00011-jzl,sscartquery,cloud_run_revision,INFO,functions/Logic.java,2024-02-29T20:24:27.242570Z
65e0e7fb000296732ac1333b,functions/Logic.java,service,cpu:=910000000  rt:=942692262,cloudfunctions,00d087f5e0fb53247b367efd3d5bd3eb6ec2079ea1f90edc419a49866437bf458cfeca444aeaa3b7daf5636b05c06cb47d5f161f950d27b45213cc036890ef6262ebf3,projects/modellearning/logs/run.googleapis.com%2Fstdout,,2024-02-29T20:24:27.348729163Z,sscartquery,northamerica-northeast1,modellearning,sscartquery-00011-jzl,sscartquery,cloud_run_revision,INFO,functions/Logic.java,2024-02-29T20:24:27.169587Z
65e0e7fb0001a632ea0ac7d8,functions/Logic.java,service,cpu:=140000000  rt:=149583635,cloudfunctions,00d087f5e025f1412d457ac9df76d9971bbb653901e64de3964b6771b432461e319b79b0f00c478208807a6c7a3fbf8874fe0596d4f63281afed598300217590a2678e,projects/modellearning/logs/run.googleapis.com%2Fstdout,,2024-02-29T20:24:27.348729163Z,sscartquery,northamerica-northeast1,modellearning,sscartquery-00011-jzl,sscartquery,cloud_run_revision,INFO,functions/Logic.java,2024-02-29T20:24:27.108082Z
65e0e7fb000089b919a9f3a7,functions/Logic.java,service,cpu:=70000000  rt:=74922260,cloudfunctions,00d087f5e0508b90f669d2e778e5edb119d2cf95bbdf1d474990a4029916e734b09cb9a2fbea2793facea51d590b84a7b32d827e55698dd1314956e833b1573e692dea,projects/modellearning/logs/run.googleapis.com%2Fstdout,,2024-02-29T20:24:27.348729163Z,sscartquery,northamerica-northeast1,modellearning,sscartquery-00011-jzl,sscartquery,cloud_run_revision,INFO,functions/Logic.java,2024-02-29T20:24:27.035257Z
65e0e7fa000e6fbc79243616,functions/Logic.java,service,cpu:=3060000000  rt:=3193174715,cloudfunctions,00d087f5e0508b90f669d2e778e5edb119d2cf95bbdf1d474990a4029916e734b09cb9a2fbea2793facea51d590b84a7b32d827e55698dd1314956e833b1573e692dea,projects/modellearning/logs/run.googleapis.com%2Fstdout,,2024-02-29T20:24:27.015471142Z,sscartquery,northamerica-northeast1,modellearning,sscartquery-00011-jzl,sscartquery,cloud_run_revision,INFO,functions/Logic.java,2024-02-29T20:24:26.946108Z
65e0e7fa000dd771dda41715,functions/Logic.java,service,cpu:=1150000000  rt:=1182059920,cloudfunctions,00d087f5e025f1412d457ac9df76d9971bbb653901e64de3964b6771b432461e319b79b0f00c478208807a6c7a3fbf8874fe0596d4f63281afed598300217590a2678e,projects/modellearning/logs/run.googleapis.com%2Fstdout,,2024-02-29T20:24:27.015471142Z,sscartquery,northamerica-northeast1,modellearning,sscartquery-00011-jzl,sscartquery,cloud_run_revision,INFO,functions/Logic.java,2024-02-29T20:24:26.907121Z
65e0e7fa000d889c0a1061e2,functions/Logic.java,service,cpu:=360000000  rt:=359009805,cloudfunctions,00d087f5e0c28364f40a88ea65440fad99d864800ea3cc4f8b70fe4c04ce8ea9bd6aa21cc40c9f2508c1dde8fc79b324f27e029f2d84aed35c039754a5d33a775a009f,projects/modellearning/logs/run.googleapis.com%2Fstdout,,2024-02-29T20:24:27.015471142Z,sscartquery,northamerica-northeast1,modellearning,sscartquery-00011-jzl,sscartquery,cloud_run_revision,INFO,functions/Logic.java,2024-02-29T20:24:26.886940Z
65e0e7fa000c0dec1d1c198e,functions/Logic.java,service,cpu:=300000000  rt:=297804582,cloudfunctions,00d087f5e06379a276e4a585f3c5060b28341f9ba1aae00b35146eef3c6bfe293ee854779cb36f3cc9ba10b75867900165815dba5f5fb35677f9397372dd0e41039340,projects/modellearning/logs/run.googleapis.com%2Fstdout,,2024-02-29T20:24:27.015471142Z,sscartquery,northamerica-northeast1,modellearning,sscartquery-00011-jzl,sscartquery,cloud_run_revision,INFO,functions/Logic.java,2024-02-29T20:24:26.789996Z
65e0e7fa0005e7a5e1e6ea50,functions/Logic.java,service,cpu:=2280000000  rt:=2335043404,cloudfunctions,00d087f5e0c28364f40a88ea65440fad99d864800ea3cc4f8b70fe4c04ce8ea9bd6aa21cc40c9f2508c1dde8fc79b324f27e029f2d84aed35c039754a5d33a775a009f,projects/modellearning/logs/run.googleapis.com%2Fstdout,,2024-02-29T20:24:26.683083160Z,sscartquery,northamerica-northeast1,modellearning,sscartquery-00011-jzl,sscartquery,cloud_run_revision,INFO,functions/Logic.java,2024-02-29T20:24:26.386981Z
65e0e7fa0000fc98e5b9fd00,functions/Logic.java,service,cpu:=1890000000  rt:=2962993531,cloudfunctions,00d087f5e0fb53247b367efd3d5bd3eb6ec2079ea1f90edc419a49866437bf458cfeca444aeaa3b7daf5636b05c06cb47d5f161f950d27b45213cc036890ef6262ebf3,projects/modellearning/logs/run.googleapis.com%2Fstdout,,2024-02-29T20:24:26.349750396Z,sscartquery,northamerica-northeast1,modellearning,sscartquery-00011-jzl,sscartquery,cloud_run_revision,INFO,functions/Logic.java,2024-02-29T20:24:26.064664Z
65e0e7f9000d0cab88eef826,functions/Logic.java,service,cpu:=30000000  rt:=29671620,cloudfunctions,00d087f5e06379a276e4a585f3c5060b28341f9ba1aae00b35146eef3c6bfe293ee854779cb36f3cc9ba10b75867900165815dba5f5fb35677f9397372dd0e41039340,projects/modellearning/logs/run.googleapis.com%2Fstdout,,2024-02-29T20:24:26.017219350Z,sscartquery,northamerica-northeast1,modellearning,sscartquery-00011-jzl,sscartquery,cloud_run_revision,INFO,functions/Logic.java,2024-02-29T20:24:25.855211Z
65e0e7f9000b3488ffae476f,functions/Logic.java,service,cpu:=22260000000  rt:=2632728333,cloudfunctions,00d087f5e0fb53247b367efd3d5bd3eb6ec2079ea1f90edc419a49866437bf458cfeca444aeaa3b7daf5636b05c06cb47d5f161f950d27b45213cc036890ef6262ebf3,projects/modellearning/logs/run.googleapis.com%2Fstdout,,2024-02-29T20:24:26.017219350Z,sscartquery,northamerica-northeast1,modellearning,sscartquery-00011-jzl,sscartquery,cloud_run_revision,INFO,functions/Logic.java,2024-02-29T20:24:25.734344Z
65e0e7f90008b5cedbe9efcd,functions/Logic.java,service,cpu:=340000000  rt:=351589845,cloudfunctions,00d087f5e0b82d4393d4a7bbb7f14727933f8b96724a91b37d40394984760349848f0c657a1b55ad143d87d15617c08a8ba76acddb65a7eb3b550a40e4aceccdfb8d33,projects/modellearning/logs/run.googleapis.com%2Fstdout,,2024-02-29T20:24:25.683059667Z,sscartquery,northamerica-northeast1,modellearning,sscartquery-00011-jzl,sscartquery,cloud_run_revision,INFO,functions/Logic.java,2024-02-29T20:24:25.570830Z
65e0e7f90005a66d83ac2842,functions/Logic.java,service,cpu:=570000000  rt:=584517969,cloudfunctions,00d087f5e04921ffa2ae878763f0217abb165fe4fe9a2e8a027ba11aed30e41dbddf4fc8615626ade2ce81a05b33cc0543a90b189fc41ef2749e7ddb07fe1c9b9eae6c,projects/modellearning/logs/run.googleapis.com%2Fstdout,,2024-02-29T20:24:25.683059667Z,sscartquery,northamerica-northeast1,modellearning,sscartquery-00011-jzl,sscartquery,cloud_run_revision,INFO,functions/Logic.java,2024-02-29T20:24:25.370285Z
65e0e7f9000529ac6628fada,functions/Logic.java,service,cpu:=1330000000  rt:=1375232452,cloudfunctions,00d087f5e06379a276e4a585f3c5060b28341f9ba1aae00b35146eef3c6bfe293ee854779cb36f3cc9ba10b75867900165815dba5f5fb35677f9397372dd0e41039340,projects/modellearning/logs/run.googleapis.com%2Fstdout,,2024-02-29T20:24:25.351031062Z,sscartquery,northamerica-northeast1,modellearning,sscartquery-00011-jzl,sscartquery,cloud_run_revision,INFO,functions/Logic.java,2024-02-29T20:24:25.338348Z
65e0e7f900051b2fd19b13a0,functions/Logic.java,service,cpu:=13160000000  rt:=1143820740,cloudfunctions,00d087f5e07bdae58c1f4da3364551cac54ac5362bf1a9581e7d4bf9a32f14aae9b89d873ef09e84a16dbd253a49be122c24eb757e668e06c6c2cc19262d914e45e911,projects/modellearning/logs/run.googleapis.com%2Fstdout,,2024-02-29T20:24:25.351031062Z,sscartquery,northamerica-northeast1,modellearning,sscartquery-00011-jzl,sscartquery,cloud_run_revision,INFO,functions/Logic.java,2024-02-29T20:24:25.334639Z
65e0e7f900051a8e14a3835f,functions/Logic.java,service,cpu:=170000000  rt:=174998112,cloudfunctions,00d087f5e025f1412d457ac9df76d9971bbb653901e64de3964b6771b432461e319b79b0f00c478208807a6c7a3fbf8874fe0596d4f63281afed598300217590a2678e,projects/modellearning/logs/run.googleapis.com%2Fstdout,,2024-02-29T20:24:25.351031062Z,sscartquery,northamerica-northeast1,modellearning,sscartquery-00011-jzl,sscartquery,cloud_run_revision,INFO,functions/Logic.java,2024-02-29T20:24:25.334478Z
65e0e7f900031378bab4f39c,functions/Logic.java,service,cpu:=40000000  rt:=49261826,cloudfunctions,00d087f5e0b82d4393d4a7bbb7f14727933f8b96724a91b37d40394984760349848f0c657a1b55ad143d87d15617c08a8ba76acddb65a7eb3b550a40e4aceccdfb8d33,projects/modellearning/logs/run.googleapis.com%2Fstdout,,2024-02-29T20:24:25.351031062Z,sscartquery,northamerica-northeast1,modellearning,sscartquery-00011-jzl,sscartquery,cloud_run_revision,INFO,functions/Logic.java,2024-02-29T20:24:25.201592Z
65e0e7f80009d9f92b369d88,functions/Logic.java,service,cpu:=160000000  rt:=164658982,cloudfunctions,00d087f5e096f10c047c63271bf3ad0a02126a02b2e38fa8048979e18ea67d746ffa403f88d9a80d0fd5b28bb55609f2a74100003294e282c98f0e4563ee611fd74e6e,projects/modellearning/logs/run.googleapis.com%2Fstdout,,2024-02-29T20:24:24.685041671Z,sscartquery,northamerica-northeast1,modellearning,sscartquery-00011-jzl,sscartquery,cloud_run_revision,INFO,functions/Logic.java,2024-02-29T20:24:24.645625Z
65e0e7f80009625c01130ab0,functions/Logic.java,service,cpu:=160000000  rt:=161622432,cloudfunctions,00d087f5e025f1412d457ac9df76d9971bbb653901e64de3964b6771b432461e319b79b0f00c478208807a6c7a3fbf8874fe0596d4f63281afed598300217590a2678e,projects/modellearning/logs/run.googleapis.com%2Fstdout,,2024-02-29T20:24:24.685041671Z,sscartquery,northamerica-northeast1,modellearning,sscartquery-00011-jzl,sscartquery,cloud_run_revision,INFO,functions/Logic.java,2024-02-29T20:24:24.615004Z
65e0e7f8000724474bc4f56a,functions/Logic.java,service,cpu:=-10980000000  rt:=376492723,cloudfunctions,00d087f5e0b82d4393d4a7bbb7f14727933f8b96724a91b37d40394984760349848f0c657a1b55ad143d87d15617c08a8ba76acddb65a7eb3b550a40e4aceccdfb8d33,projects/modellearning/logs/run.googleapis.com%2Fstdout,,2024-02-29T20:24:24.685041671Z,sscartquery,northamerica-northeast1,modellearning,sscartquery-00011-jzl,sscartquery,cloud_run_revision,INFO,functions/Logic.java,2024-02-29T20:24:24.468039Z
65e0e7f8000564daaee48f95,functions/Logic.java,service,cpu:=980000000  rt:=1027130363,cloudfunctions,00d087f5e04921ffa2ae878763f0217abb165fe4fe9a2e8a027ba11aed30e41dbddf4fc8615626ade2ce81a05b33cc0543a90b189fc41ef2749e7ddb07fe1c9b9eae6c,projects/modellearning/logs/run.googleapis.com%2Fstdout,,2024-02-29T20:24:24.685041671Z,sscartquery,northamerica-northeast1,modellearning,sscartquery-00011-jzl,sscartquery,cloud_run_revision,INFO,functions/Logic.java,2024-02-29T20:24:24.353498Z
65e0e7f800051a7089c1c234,functions/Logic.java,service,cpu:=840000000  rt:=882362192,cloudfunctions,00d087f5e096f10c047c63271bf3ad0a02126a02b2e38fa8048979e18ea67d746ffa403f88d9a80d0fd5b28bb55609f2a74100003294e282c98f0e4563ee611fd74e6e,projects/modellearning/logs/run.googleapis.com%2Fstdout,,2024-02-29T20:24:24.352153625Z,sscartquery,northamerica-northeast1,modellearning,sscartquery-00011-jzl,sscartquery,cloud_run_revision,INFO,functions/Logic.java,2024-02-29T20:24:24.334448Z
65e0e7f800039ed3088037fa,functions/Logic.java,service,cpu:=70000000  rt:=67158774,cloudfunctions,00d087f5e025f1412d457ac9df76d9971bbb653901e64de3964b6771b432461e319b79b0f00c478208807a6c7a3fbf8874fe0596d4f63281afed598300217590a2678e,projects/modellearning/logs/run.googleapis.com%2Fstdout,,2024-02-29T20:24:24.352153625Z,sscartquery,northamerica-northeast1,modellearning,sscartquery-00011-jzl,sscartquery,cloud_run_revision,INFO,functions/Logic.java,2024-02-29T20:24:24.237267Z
65e0e7f80003939e8bfba161,functions/Logic.java,service,cpu:=70000000  rt:=142905983,cloudfunctions,00d087f5e0b82d4393d4a7bbb7f14727933f8b96724a91b37d40394984760349848f0c657a1b55ad143d87d15617c08a8ba76acddb65a7eb3b550a40e4aceccdfb8d33,projects/modellearning/logs/run.googleapis.com%2Fstdout,,2024-02-29T20:24:24.352153625Z,sscartquery,northamerica-northeast1,modellearning,sscartquery-00011-jzl,sscartquery,cloud_run_revision,INFO,functions/Logic.java,2024-02-29T20:24:24.234398Z
65e0e7f800020c93be11ac7d,functions/Logic.java,service,cpu:=310000000  rt:=340335855,cloudfunctions,00d087f5e025f1412d457ac9df76d9971bbb653901e64de3964b6771b432461e319b79b0f00c478208807a6c7a3fbf8874fe0596d4f63281afed598300217590a2678e,projects/modellearning/logs/run.googleapis.com%2Fstdout,,2024-02-29T20:24:24.352153625Z,sscartquery,northamerica-northeast1,modellearning,sscartquery-00011-jzl,sscartquery,cloud_run_revision,INFO,functions/Logic.java,2024-02-29T20:24:24.134291Z
65e0e7f7000d9ddfe8b883c3,functions/Logic.java,service,cpu:=80000000  rt:=80432786,cloudfunctions,00d087f5e0c28364f40a88ea65440fad99d864800ea3cc4f8b70fe4c04ce8ea9bd6aa21cc40c9f2508c1dde8fc79b324f27e029f2d84aed35c039754a5d33a775a009f,projects/modellearning/logs/run.googleapis.com%2Fstdout,,2024-02-29T20:24:24.018834204Z,sscartquery,northamerica-northeast1,modellearning,sscartquery-00011-jzl,sscartquery,cloud_run_revision,INFO,functions/Logic.java,2024-02-29T20:24:23.892383Z
65e0e7f7000c259460a7ffef,functions/Logic.java,service,cpu:=50000000  rt:=50229424,cloudfunctions,00d087f5e06379a276e4a585f3c5060b28341f9ba1aae00b35146eef3c6bfe293ee854779cb36f3cc9ba10b75867900165815dba5f5fb35677f9397372dd0e41039340,projects/modellearning/logs/run.googleapis.com%2Fstdout,,2024-02-29T20:24:24.018834204Z,sscartquery,northamerica-northeast1,modellearning,sscartquery-00011-jzl,sscartquery,cloud_run_revision,INFO,functions/Logic.java,2024-02-29T20:24:23.796052Z
65e0e7f7000b353b13f000bb,functions/Logic.java,service,cpu:=3380000000  rt:=3475855603,cloudfunctions,00d087f5e0c28364f40a88ea65440fad99d864800ea3cc4f8b70fe4c04ce8ea9bd6aa21cc40c9f2508c1dde8fc79b324f27e029f2d84aed35c039754a5d33a775a009f,projects/modellearning/logs/run.googleapis.com%2Fstdout,,2024-02-29T20:24:24.018834204Z,sscartquery,northamerica-northeast1,modellearning,sscartquery-00011-jzl,sscartquery,cloud_run_revision,INFO,functions/Logic.java,2024-02-29T20:24:23.734523Z
65e0e7f70008cfd905994897,functions/Logic.java,service,cpu:=50000000  rt:=49812671,cloudfunctions,00d087f5e025f1412d457ac9df76d9971bbb653901e64de3964b6771b432461e319b79b0f00c478208807a6c7a3fbf8874fe0596d4f63281afed598300217590a2678e,projects/modellearning/logs/run.googleapis.com%2Fstdout,,2024-02-29T20:24:23.686219814Z,sscartquery,northamerica-northeast1,modellearning,sscartquery-00011-jzl,sscartquery,cloud_run_revision,INFO,functions/Logic.java,2024-02-29T20:24:23.577497Z
65e0e7f70003f6bdc37dcb36,functions/Logic.java,service,cpu:=2020000000  rt:=2086096790,cloudfunctions,00d087f5e0508b90f669d2e778e5edb119d2cf95bbdf1d474990a4029916e734b09cb9a2fbea2793facea51d590b84a7b32d827e55698dd1314956e833b1573e692dea,projects/modellearning/logs/run.googleapis.com%2Fstdout,,2024-02-29T20:24:23.352044650Z,sscartquery,northamerica-northeast1,modellearning,sscartquery-00011-jzl,sscartquery,cloud_run_revision,INFO,functions/Logic.java,2024-02-29T20:24:23.259773Z
65e0e7f70001153025225b54,functions/Logic.java,service,cpu:=240000000  rt:=247118072,cloudfunctions,00d087f5e06379a276e4a585f3c5060b28341f9ba1aae00b35146eef3c6bfe293ee854779cb36f3cc9ba10b75867900165815dba5f5fb35677f9397372dd0e41039340,projects/modellearning/logs/run.googleapis.com%2Fstdout,,2024-02-29T20:24:23.352044650Z,sscartquery,northamerica-northeast1,modellearning,sscartquery-00011-jzl,sscartquery,cloud_run_revision,INFO,functions/Logic.java,2024-02-29T20:24:23.070960Z
65e0e7f60008e7d304b8fb32,functions/Logic.java,service,cpu:=850000000  rt:=876714441,cloudfunctions,00d087f5e0b82d4393d4a7bbb7f14727933f8b96724a91b37d40394984760349848f0c657a1b55ad143d87d15617c08a8ba76acddb65a7eb3b550a40e4aceccdfb8d33,projects/modellearning/logs/run.googleapis.com%2Fstdout,,2024-02-29T20:24:22.686101180Z,sscartquery,northamerica-northeast1,modellearning,sscartquery-00011-jzl,sscartquery,cloud_run_revision,INFO,functions/Logic.java,2024-02-29T20:24:22.583635Z
65e0e7f60008a2019e8f672e,functions/Logic.java,service,cpu:=5580000000  rt:=3681686568,cloudfunctions,00d087f5e07bdae58c1f4da3364551cac54ac5362bf1a9581e7d4bf9a32f14aae9b89d873ef09e84a16dbd253a49be122c24eb757e668e06c6c2cc19262d914e45e911,projects/modellearning/logs/run.googleapis.com%2Fstdout,,2024-02-29T20:24:22.686101180Z,sscartquery,northamerica-northeast1,modellearning,sscartquery-00011-jzl,sscartquery,cloud_run_revision,INFO,functions/Logic.java,2024-02-29T20:24:22.565761Z
65e0e7f6000184620b03e65f,functions/Logic.java,service,cpu:=280000000  rt:=285372935,cloudfunctions,00d087f5e025f1412d457ac9df76d9971bbb653901e64de3964b6771b432461e319b79b0f00c478208807a6c7a3fbf8874fe0596d4f63281afed598300217590a2678e,projects/modellearning/logs/run.googleapis.com%2Fstdout,,2024-02-29T20:24:22.353108781Z,sscartquery,northamerica-northeast1,modellearning,sscartquery-00011-jzl,sscartquery,cloud_run_revision,INFO,functions/Logic.java,2024-02-29T20:24:22.099426Z
65e0e7f5000e41b0cd8372b0,functions/Logic.java,service,cpu:=1250000000  rt:=1282065461,cloudfunctions,00d087f5e0fb53247b367efd3d5bd3eb6ec2079ea1f90edc419a49866437bf458cfeca444aeaa3b7daf5636b05c06cb47d5f161f950d27b45213cc036890ef6262ebf3,projects/modellearning/logs/run.googleapis.com%2Fstdout,,2024-02-29T20:24:22.020060929Z,sscartquery,northamerica-northeast1,modellearning,sscartquery-00011-jzl,sscartquery,cloud_run_revision,INFO,functions/Logic.java,2024-02-29T20:24:21.934320Z
65e0e7f5000923dfb13ee1dd,functions/Logic.java,service,cpu:=310000000  rt:=339914178,cloudfunctions,00d087f5e096f10c047c63271bf3ad0a02126a02b2e38fa8048979e18ea67d746ffa403f88d9a80d0fd5b28bb55609f2a74100003294e282c98f0e4563ee611fd74e6e,projects/modellearning/logs/run.googleapis.com%2Fstdout,,2024-02-29T20:24:21.687841725Z,sscartquery,northamerica-northeast1,modellearning,sscartquery-00011-jzl,sscartquery,cloud_run_revision,INFO,functions/Logic.java,2024-02-29T20:24:21.599007Z
65e0e7f4000e429c1ed37779,functions/Logic.java,service,cpu:=1130000000  rt:=2050647410,cloudfunctions,00d087f5e07bdae58c1f4da3364551cac54ac5362bf1a9581e7d4bf9a32f14aae9b89d873ef09e84a16dbd253a49be122c24eb757e668e06c6c2cc19262d914e45e911,projects/modellearning/logs/run.googleapis.com%2Fstdout,,2024-02-29T20:24:21.021705107Z,sscartquery,northamerica-northeast1,modellearning,sscartquery-00011-jzl,sscartquery,cloud_run_revision,INFO,functions/Logic.java,2024-02-29T20:24:20.934556Z
65e0e7f4000bd286816f66c5,functions/Logic.java,service,cpu:=1950000000  rt:=1988981778,cloudfunctions,00d087f5e04921ffa2ae878763f0217abb165fe4fe9a2e8a027ba11aed30e41dbddf4fc8615626ade2ce81a05b33cc0543a90b189fc41ef2749e7ddb07fe1c9b9eae6c,projects/modellearning/logs/run.googleapis.com%2Fstdout,,2024-02-29T20:24:21.021705107Z,sscartquery,northamerica-northeast1,modellearning,sscartquery-00011-jzl,sscartquery,cloud_run_revision,INFO,functions/Logic.java,2024-02-29T20:24:20.774790Z
65e0e7f4000b3566c4cb1a1e,functions/Logic.java,service,cpu:=1120000000  rt:=1181360958,cloudfunctions,00d087f5e06379a276e4a585f3c5060b28341f9ba1aae00b35146eef3c6bfe293ee854779cb36f3cc9ba10b75867900165815dba5f5fb35677f9397372dd0e41039340,projects/modellearning/logs/run.googleapis.com%2Fstdout,,2024-02-29T20:24:21.021705107Z,sscartquery,northamerica-northeast1,modellearning,sscartquery-00011-jzl,sscartquery,cloud_run_revision,INFO,functions/Logic.java,2024-02-29T20:24:20.734566Z
65e0e7f400088fed2063bf03,functions/Logic.java,service,cpu:=390000000  rt:=388851585,cloudfunctions,00d087f5e0fb53247b367efd3d5bd3eb6ec2079ea1f90edc419a49866437bf458cfeca444aeaa3b7daf5636b05c06cb47d5f161f950d27b45213cc036890ef6262ebf3,projects/modellearning/logs/run.googleapis.com%2Fstdout,,2024-02-29T20:24:20.688741205Z,sscartquery,northamerica-northeast1,modellearning,sscartquery-00011-jzl,sscartquery,cloud_run_revision,INFO,functions/Logic.java,2024-02-29T20:24:20.561133Z
65e0e7f400047c706581be39,functions/Logic.java,service,cpu:=1870000000  rt:=1984098339,cloudfunctions,00d087f5e025f1412d457ac9df76d9971bbb653901e64de3964b6771b432461e319b79b0f00c478208807a6c7a3fbf8874fe0596d4f63281afed598300217590a2678e,projects/modellearning/logs/run.googleapis.com%2Fstdout,,2024-02-29T20:24:20.355109423Z,sscartquery,northamerica-northeast1,modellearning,sscartquery-00011-jzl,sscartquery,cloud_run_revision,INFO,functions/Logic.java,2024-02-29T20:24:20.294Z
65e0e7f400020d446d4ebd1a,functions/Logic.java,service,cpu:=540000000  rt:=567063021,cloudfunctions,00d087f5e0b82d4393d4a7bbb7f14727933f8b96724a91b37d40394984760349848f0c657a1b55ad143d87d15617c08a8ba76acddb65a7eb3b550a40e4aceccdfb8d33,projects/modellearning/logs/run.googleapis.com%2Fstdout,,2024-02-29T20:24:20.355109423Z,sscartquery,northamerica-northeast1,modellearning,sscartquery-00011-jzl,sscartquery,cloud_run_revision,INFO,functions/Logic.java,2024-02-29T20:24:20.134468Z
65e0e7f4000086b865e55c65,functions/Logic.java,service,cpu:=160000000  rt:=183272609,cloudfunctions,00d087f5e0fb53247b367efd3d5bd3eb6ec2079ea1f90edc419a49866437bf458cfeca444aeaa3b7daf5636b05c06cb47d5f161f950d27b45213cc036890ef6262ebf3,projects/modellearning/logs/run.googleapis.com%2Fstdout,,2024-02-29T20:24:20.355109423Z,sscartquery,northamerica-northeast1,modellearning,sscartquery-00011-jzl,sscartquery,cloud_run_revision,INFO,functions/Logic.java,2024-02-29T20:24:20.034488Z
65e0e7f3000f1665e58b0184,functions/Logic.java,service,cpu:=330000000  rt:=334763850,cloudfunctions,00d087f5e096f10c047c63271bf3ad0a02126a02b2e38fa8048979e18ea67d746ffa403f88d9a80d0fd5b28bb55609f2a74100003294e282c98f0e4563ee611fd74e6e,projects/modellearning/logs/run.googleapis.com%2Fstdout,,2024-02-29T20:24:20.022479618Z,sscartquery,northamerica-northeast1,modellearning,sscartquery-00011-jzl,sscartquery,cloud_run_revision,INFO,functions/Logic.java,2024-02-29T20:24:19.988773Z
65e0e7f3000cbb4301846be2,functions/Logic.java,service,cpu:=320000000  rt:=332544417,cloudfunctions,00d087f5e0fb53247b367efd3d5bd3eb6ec2079ea1f90edc419a49866437bf458cfeca444aeaa3b7daf5636b05c06cb47d5f161f950d27b45213cc036890ef6262ebf3,projects/modellearning/logs/run.googleapis.com%2Fstdout,,2024-02-29T20:24:20.022479618Z,sscartquery,northamerica-northeast1,modellearning,sscartquery-00011-jzl,sscartquery,cloud_run_revision,INFO,functions/Logic.java,2024-02-29T20:24:19.834371Z
65e0e7f30008281b80286743,functions/Logic.java,service,cpu:=1840000000  rt:=1911043790,cloudfunctions,00d087f5e0508b90f669d2e778e5edb119d2cf95bbdf1d474990a4029916e734b09cb9a2fbea2793facea51d590b84a7b32d827e55698dd1314956e833b1573e692dea,projects/modellearning/logs/run.googleapis.com%2Fstdout,,2024-02-29T20:24:19.690544756Z,sscartquery,northamerica-northeast1,modellearning,sscartquery-00011-jzl,sscartquery,cloud_run_revision,INFO,functions/Logic.java,2024-02-29T20:24:19.534555Z
65e0e7f3000706c630b0fdf8,functions/Logic.java,service,cpu:=980000000  rt:=1006259418,cloudfunctions,00d087f5e0c28364f40a88ea65440fad99d864800ea3cc4f8b70fe4c04ce8ea9bd6aa21cc40c9f2508c1dde8fc79b324f27e029f2d84aed35c039754a5d33a775a009f,projects/modellearning/logs/run.googleapis.com%2Fstdout,,2024-02-29T20:24:19.690544756Z,sscartquery,northamerica-northeast1,modellearning,sscartquery-00011-jzl,sscartquery,cloud_run_revision,INFO,functions/Logic.java,2024-02-29T20:24:19.460486Z
65e0e7f300057c90548f83e1,functions/Logic.java,service,cpu:=330000000  rt:=327791455,cloudfunctions,00d087f5e0fb53247b367efd3d5bd3eb6ec2079ea1f90edc419a49866437bf458cfeca444aeaa3b7daf5636b05c06cb47d5f161f950d27b45213cc036890ef6262ebf3,projects/modellearning/logs/run.googleapis.com%2Fstdout,,2024-02-29T20:24:19.690544756Z,sscartquery,northamerica-northeast1,modellearning,sscartquery-00011-jzl,sscartquery,cloud_run_revision,INFO,functions/Logic.java,2024-02-29T20:24:19.359568Z
65e0e7f300040b6b1fd6d25e,functions/Logic.java,service,cpu:=850000000  rt:=902544165,cloudfunctions,00d087f5e096f10c047c63271bf3ad0a02126a02b2e38fa8048979e18ea67d746ffa403f88d9a80d0fd5b28bb55609f2a74100003294e282c98f0e4563ee611fd74e6e,projects/modellearning/logs/run.googleapis.com%2Fstdout,,2024-02-29T20:24:19.355930718Z,sscartquery,northamerica-northeast1,modellearning,sscartquery-00011-jzl,sscartquery,cloud_run_revision,INFO,functions/Logic.java,2024-02-29T20:24:19.265067Z
65e0e7f30003dc686ca3b01c,functions/Logic.java,service,cpu:=100000000  rt:=94124184,cloudfunctions,00d087f5e0b82d4393d4a7bbb7f14727933f8b96724a91b37d40394984760349848f0c657a1b55ad143d87d15617c08a8ba76acddb65a7eb3b550a40e4aceccdfb8d33,projects/modellearning/logs/run.googleapis.com%2Fstdout,,2024-02-29T20:24:19.355930718Z,sscartquery,northamerica-northeast1,modellearning,sscartquery-00011-jzl,sscartquery,cloud_run_revision,INFO,functions/Logic.java,2024-02-29T20:24:19.253032Z
65e0e7f30002f24c6b29df2b,functions/Logic.java,service,cpu:=1540000000  rt:=1584711911,cloudfunctions,00d087f5e06379a276e4a585f3c5060b28341f9ba1aae00b35146eef3c6bfe293ee854779cb36f3cc9ba10b75867900165815dba5f5fb35677f9397372dd0e41039340,projects/modellearning/logs/run.googleapis.com%2Fstdout,,2024-02-29T20:24:19.355930718Z,sscartquery,northamerica-northeast1,modellearning,sscartquery-00011-jzl,sscartquery,cloud_run_revision,INFO,functions/Logic.java,2024-02-29T20:24:19.193100Z
65e0e7f2000e72d1b0657698,functions/Logic.java,service,cpu:=390000000  rt:=392304283,cloudfunctions,00d087f5e0b82d4393d4a7bbb7f14727933f8b96724a91b37d40394984760349848f0c657a1b55ad143d87d15617c08a8ba76acddb65a7eb3b550a40e4aceccdfb8d33,projects/modellearning/logs/run.googleapis.com%2Fstdout,,2024-02-29T20:24:19.023871502Z,sscartquery,northamerica-northeast1,modellearning,sscartquery-00011-jzl,sscartquery,cloud_run_revision,INFO,functions/Logic.java,2024-02-29T20:24:18.946897Z
65e0e7f2000d985711fa0173,functions/Logic.java,service,cpu:=630000000  rt:=631801725,cloudfunctions,00d087f5e0fb53247b367efd3d5bd3eb6ec2079ea1f90edc419a49866437bf458cfeca444aeaa3b7daf5636b05c06cb47d5f161f950d27b45213cc036890ef6262ebf3,projects/modellearning/logs/run.googleapis.com%2Fstdout,,2024-02-29T20:24:19.023871502Z,sscartquery,northamerica-northeast1,modellearning,sscartquery-00011-jzl,sscartquery,cloud_run_revision,INFO,functions/Logic.java,2024-02-29T20:24:18.890967Z
65e0e7f2000aa6af9acca60e,functions/Logic.java,service,cpu:=250000000  rt:=261669144,cloudfunctions,00d087f5e04921ffa2ae878763f0217abb165fe4fe9a2e8a027ba11aed30e41dbddf4fc8615626ade2ce81a05b33cc0543a90b189fc41ef2749e7ddb07fe1c9b9eae6c,projects/modellearning/logs/run.googleapis.com%2Fstdout,,2024-02-29T20:24:19.023871502Z,sscartquery,northamerica-northeast1,modellearning,sscartquery-00011-jzl,sscartquery,cloud_run_revision,INFO,functions/Logic.java,2024-02-29T20:24:18.698031Z
65e0e7f200079cf0b66d71b7,functions/Logic.java,service,cpu:=1020000000  rt:=1034363898,cloudfunctions,00d087f5e0b82d4393d4a7bbb7f14727933f8b96724a91b37d40394984760349848f0c657a1b55ad143d87d15617c08a8ba76acddb65a7eb3b550a40e4aceccdfb8d33,projects/modellearning/logs/run.googleapis.com%2Fstdout,,2024-02-29T20:24:18.690536125Z,sscartquery,northamerica-northeast1,modellearning,sscartquery-00011-jzl,sscartquery,cloud_run_revision,INFO,functions/Logic.java,2024-02-29T20:24:18.498928Z
65e0e7f2000346138d39a803,functions/Logic.java,service,cpu:=4920000000  rt:=5055532489,cloudfunctions,00d087f5e0fb53247b367efd3d5bd3eb6ec2079ea1f90edc419a49866437bf458cfeca444aeaa3b7daf5636b05c06cb47d5f161f950d27b45213cc036890ef6262ebf3,projects/modellearning/logs/run.googleapis.com%2Fstdout,,2024-02-29T20:24:18.357654415Z,sscartquery,northamerica-northeast1,modellearning,sscartquery-00011-jzl,sscartquery,cloud_run_revision,INFO,functions/Logic.java,2024-02-29T20:24:18.214547Z
65e0e7f1000e642f3d019255,functions/Logic.java,service,cpu:=11100000000  rt:=5106977978,cloudfunctions,00d087f5e0c28364f40a88ea65440fad99d864800ea3cc4f8b70fe4c04ce8ea9bd6aa21cc40c9f2508c1dde8fc79b324f27e029f2d84aed35c039754a5d33a775a009f,projects/modellearning/logs/run.googleapis.com%2Fstdout,,2024-02-29T20:24:18.023735187Z,sscartquery,northamerica-northeast1,modellearning,sscartquery-00011-jzl,sscartquery,cloud_run_revision,INFO,functions/Logic.java,2024-02-29T20:24:17.943151Z
65e0e7f1000da9604e63bb0b,functions/Logic.java,service,cpu:=1320000000  rt:=1366462662,cloudfunctions,00d087f5e04921ffa2ae878763f0217abb165fe4fe9a2e8a027ba11aed30e41dbddf4fc8615626ade2ce81a05b33cc0543a90b189fc41ef2749e7ddb07fe1c9b9eae6c,projects/modellearning/logs/run.googleapis.com%2Fstdout,,2024-02-29T20:24:18.023735187Z,sscartquery,northamerica-northeast1,modellearning,sscartquery-00011-jzl,sscartquery,cloud_run_revision,INFO,functions/Logic.java,2024-02-29T20:24:17.895328Z
65e0e7f1000b3a89467aac10,functions/Logic.java,service,cpu:=14390000000  rt:=3073780377,cloudfunctions,00d087f5e096f10c047c63271bf3ad0a02126a02b2e38fa8048979e18ea67d746ffa403f88d9a80d0fd5b28bb55609f2a74100003294e282c98f0e4563ee611fd74e6e,projects/modellearning/logs/run.googleapis.com%2Fstdout,,2024-02-29T20:24:18.023735187Z,sscartquery,northamerica-northeast1,modellearning,sscartquery-00011-jzl,sscartquery,cloud_run_revision,INFO,functions/Logic.java,2024-02-29T20:24:17.735881Z
65e0e7f1000915af0bf9511c,functions/Logic.java,service,cpu:=1070000000  rt:=1090133985,cloudfunctions,00d087f5e025f1412d457ac9df76d9971bbb653901e64de3964b6771b432461e319b79b0f00c478208807a6c7a3fbf8874fe0596d4f63281afed598300217590a2678e,projects/modellearning/logs/run.googleapis.com%2Fstdout,,2024-02-29T20:24:17.690824062Z,sscartquery,northamerica-northeast1,modellearning,sscartquery-00011-jzl,sscartquery,cloud_run_revision,INFO,functions/Logic.java,2024-02-29T20:24:17.595375Z
65e0e7f100084bb727126472,functions/Logic.java,service,cpu:=390000000  rt:=396125668,cloudfunctions,00d087f5e07bdae58c1f4da3364551cac54ac5362bf1a9581e7d4bf9a32f14aae9b89d873ef09e84a16dbd253a49be122c24eb757e668e06c6c2cc19262d914e45e911,projects/modellearning/logs/run.googleapis.com%2Fstdout,,2024-02-29T20:24:17.690824062Z,sscartquery,northamerica-northeast1,modellearning,sscartquery-00011-jzl,sscartquery,cloud_run_revision,INFO,functions/Logic.java,2024-02-29T20:24:17.543671Z
65e0e7f10006f0a0c067b03a,functions/Logic.java,service,cpu:=240000000  rt:=261529740,cloudfunctions,00d087f5e0508b90f669d2e778e5edb119d2cf95bbdf1d474990a4029916e734b09cb9a2fbea2793facea51d590b84a7b32d827e55698dd1314956e833b1573e692dea,projects/modellearning/logs/run.googleapis.com%2Fstdout,,2024-02-29T20:24:17.690824062Z,sscartquery,northamerica-northeast1,modellearning,sscartquery-00011-jzl,sscartquery,cloud_run_revision,INFO,functions/Logic.java,2024-02-29T20:24:17.454816Z
65e0e7f10003345d5ff5c438,functions/Logic.java,service,cpu:=240000000  rt:=238593239,cloudfunctions,00d087f5e06379a276e4a585f3c5060b28341f9ba1aae00b35146eef3c6bfe293ee854779cb36f3cc9ba10b75867900165815dba5f5fb35677f9397372dd0e41039340,projects/modellearning/logs/run.googleapis.com%2Fstdout,,2024-02-29T20:24:17.358605696Z,sscartquery,northamerica-northeast1,modellearning,sscartquery-00011-jzl,sscartquery,cloud_run_revision,INFO,functions/Logic.java,2024-02-29T20:24:17.210013Z
65e0e7f100023eb79963d038,functions/Logic.java,service,cpu:=280000000  rt:=310936419,cloudfunctions,00d087f5e0b82d4393d4a7bbb7f14727933f8b96724a91b37d40394984760349848f0c657a1b55ad143d87d15617c08a8ba76acddb65a7eb3b550a40e4aceccdfb8d33,projects/modellearning/logs/run.googleapis.com%2Fstdout,,2024-02-29T20:24:17.358605696Z,sscartquery,northamerica-northeast1,modellearning,sscartquery-00011-jzl,sscartquery,cloud_run_revision,INFO,functions/Logic.java,2024-02-29T20:24:17.147127Z
65e0e7f10000b46341d84082,functions/Logic.java,service,cpu:=330000000  rt:=359236159,cloudfunctions,00d087f5e0508b90f669d2e778e5edb119d2cf95bbdf1d474990a4029916e734b09cb9a2fbea2793facea51d590b84a7b32d827e55698dd1314956e833b1573e692dea,projects/modellearning/logs/run.googleapis.com%2Fstdout,,2024-02-29T20:24:17.358605696Z,sscartquery,northamerica-northeast1,modellearning,sscartquery-00011-jzl,sscartquery,cloud_run_revision,INFO,functions/Logic.java,2024-02-29T20:24:17.046179Z
65e0e7f0000f028d678db620,functions/Logic.java,service,cpu:=670000000  rt:=1255514179,cloudfunctions,00d087f5e07bdae58c1f4da3364551cac54ac5362bf1a9581e7d4bf9a32f14aae9b89d873ef09e84a16dbd253a49be122c24eb757e668e06c6c2cc19262d914e45e911,projects/modellearning/logs/run.googleapis.com%2Fstdout,,2024-02-29T20:24:17.024568043Z,sscartquery,northamerica-northeast1,modellearning,sscartquery-00011-jzl,sscartquery,cloud_run_revision,INFO,functions/Logic.java,2024-02-29T20:24:16.983693Z
65e0e7f0000d9b09819dae37,functions/Logic.java,service,cpu:=670000000  rt:=713143330,cloudfunctions,00d087f5e06379a276e4a585f3c5060b28341f9ba1aae00b35146eef3c6bfe293ee854779cb36f3cc9ba10b75867900165815dba5f5fb35677f9397372dd0e41039340,projects/modellearning/logs/run.googleapis.com%2Fstdout,,2024-02-29T20:24:17.024568043Z,sscartquery,northamerica-northeast1,modellearning,sscartquery-00011-jzl,sscartquery,cloud_run_revision,INFO,functions/Logic.java,2024-02-29T20:24:16.891657Z
65e0e7f00009af2801a32eac,functions/Logic.java,service,cpu:=-2390000000  rt:=906564935,cloudfunctions,00d087f5e07bdae58c1f4da3364551cac54ac5362bf1a9581e7d4bf9a32f14aae9b89d873ef09e84a16dbd253a49be122c24eb757e668e06c6c2cc19262d914e45e911,projects/modellearning/logs/run.googleapis.com%2Fstdout,,2024-02-29T20:24:16.692600363Z,sscartquery,northamerica-northeast1,modellearning,sscartquery-00011-jzl,sscartquery,cloud_run_revision,INFO,functions/Logic.java,2024-02-29T20:24:16.634664Z
65e0e7f0000223bfbc0213bf,functions/Logic.java,service,cpu:=1140000000  rt:=1165226759,cloudfunctions,00d087f5e0b82d4393d4a7bbb7f14727933f8b96724a91b37d40394984760349848f0c657a1b55ad143d87d15617c08a8ba76acddb65a7eb3b550a40e4aceccdfb8d33,projects/modellearning/logs/run.googleapis.com%2Fstdout,,2024-02-29T20:24:16.359453604Z,sscartquery,northamerica-northeast1,modellearning,sscartquery-00011-jzl,sscartquery,cloud_run_revision,INFO,functions/Logic.java,2024-02-29T20:24:16.140223Z
65e0e7ef000ed94099cc93ff,functions/Logic.java,service,cpu:=24280000000  rt:=1329117362,cloudfunctions,00d087f5e0508b90f669d2e778e5edb119d2cf95bbdf1d474990a4029916e734b09cb9a2fbea2793facea51d590b84a7b32d827e55698dd1314956e833b1573e692dea,projects/modellearning/logs/run.googleapis.com%2Fstdout,,2024-02-29T20:24:16.026706164Z,sscartquery,northamerica-northeast1,modellearning,sscartquery-00011-jzl,sscartquery,cloud_run_revision,INFO,functions/Logic.java,2024-02-29T20:24:15.973120Z
65e0e7ef000e06475a96d722,functions/Logic.java,service,cpu:=40000000  rt:=38631387,cloudfunctions,00d087f5e04921ffa2ae878763f0217abb165fe4fe9a2e8a027ba11aed30e41dbddf4fc8615626ade2ce81a05b33cc0543a90b189fc41ef2749e7ddb07fe1c9b9eae6c,projects/modellearning/logs/run.googleapis.com%2Fstdout,,2024-02-29T20:24:16.026706164Z,sscartquery,northamerica-northeast1,modellearning,sscartquery-00011-jzl,sscartquery,cloud_run_revision,INFO,functions/Logic.java,2024-02-29T20:24:15.919111Z
65e0e7ef000db75850108701,functions/Logic.java,service,cpu:=1450000000  rt:=1513090874,cloudfunctions,00d087f5e025f1412d457ac9df76d9971bbb653901e64de3964b6771b432461e319b79b0f00c478208807a6c7a3fbf8874fe0596d4f63281afed598300217590a2678e,projects/modellearning/logs/run.googleapis.com%2Fstdout,,2024-02-29T20:24:16.026706164Z,sscartquery,northamerica-northeast1,modellearning,sscartquery-00011-jzl,sscartquery,cloud_run_revision,INFO,functions/Logic.java,2024-02-29T20:24:15.898904Z
65e0e7ef000d5a161775b2e7,functions/Logic.java,service,cpu:=270000000  rt:=316518977,cloudfunctions,00d087f5e06379a276e4a585f3c5060b28341f9ba1aae00b35146eef3c6bfe293ee854779cb36f3cc9ba10b75867900165815dba5f5fb35677f9397372dd0e41039340,projects/modellearning/logs/run.googleapis.com%2Fstdout,,2024-02-29T20:24:16.026706164Z,sscartquery,northamerica-northeast1,modellearning,sscartquery-00011-jzl,sscartquery,cloud_run_revision,INFO,functions/Logic.java,2024-02-29T20:24:15.875030Z
65e0e7ef000bd5ff3acab11a,functions/Logic.java,service,cpu:=1160000000  rt:=1290351393,cloudfunctions,00d087f5e04921ffa2ae878763f0217abb165fe4fe9a2e8a027ba11aed30e41dbddf4fc8615626ade2ce81a05b33cc0543a90b189fc41ef2749e7ddb07fe1c9b9eae6c,projects/modellearning/logs/run.googleapis.com%2Fstdout,,2024-02-29T20:24:16.026706164Z,sscartquery,northamerica-northeast1,modellearning,sscartquery-00011-jzl,sscartquery,cloud_run_revision,INFO,functions/Logic.java,2024-02-29T20:24:15.775679Z
65e0e7ef00082766169181e1,functions/Logic.java,service,cpu:=430000000  rt:=870551911,cloudfunctions,00d087f5e096f10c047c63271bf3ad0a02126a02b2e38fa8048979e18ea67d746ffa403f88d9a80d0fd5b28bb55609f2a74100003294e282c98f0e4563ee611fd74e6e,projects/modellearning/logs/run.googleapis.com%2Fstdout,,2024-02-29T20:24:15.692603446Z,sscartquery,northamerica-northeast1,modellearning,sscartquery-00011-jzl,sscartquery,cloud_run_revision,INFO,functions/Logic.java,2024-02-29T20:24:15.534374Z
65e0e7ef000459e00547946a,functions/Logic.java,service,cpu:=1210000000  rt:=1235159848,cloudfunctions,00d087f5e06379a276e4a585f3c5060b28341f9ba1aae00b35146eef3c6bfe293ee854779cb36f3cc9ba10b75867900165815dba5f5fb35677f9397372dd0e41039340,projects/modellearning/logs/run.googleapis.com%2Fstdout,,2024-02-29T20:24:15.360628881Z,sscartquery,northamerica-northeast1,modellearning,sscartquery-00011-jzl,sscartquery,cloud_run_revision,INFO,functions/Logic.java,2024-02-29T20:24:15.285152Z
65e0e7ef00020d3b078d59ac,functions/Logic.java,service,cpu:=240000000  rt:=490869719,cloudfunctions,00d087f5e0508b90f669d2e778e5edb119d2cf95bbdf1d474990a4029916e734b09cb9a2fbea2793facea51d590b84a7b32d827e55698dd1314956e833b1573e692dea,projects/modellearning/logs/run.googleapis.com%2Fstdout,,2024-02-29T20:24:15.360628881Z,sscartquery,northamerica-northeast1,modellearning,sscartquery-00011-jzl,sscartquery,cloud_run_revision,INFO,functions/Logic.java,2024-02-29T20:24:15.134459Z
65e0e7ef000093e5bb5442e7,functions/Logic.java,service,cpu:=530000000  rt:=568568928,cloudfunctions,00d087f5e07bdae58c1f4da3364551cac54ac5362bf1a9581e7d4bf9a32f14aae9b89d873ef09e84a16dbd253a49be122c24eb757e668e06c6c2cc19262d914e45e911,projects/modellearning/logs/run.googleapis.com%2Fstdout,,2024-02-29T20:24:15.360628881Z,sscartquery,northamerica-northeast1,modellearning,sscartquery-00011-jzl,sscartquery,cloud_run_revision,INFO,functions/Logic.java,2024-02-29T20:24:15.037861Z
65e0e7ef00008679085c2d23,functions/Logic.java,service,cpu:=-9430000000  rt:=549071629,cloudfunctions,00d087f5e04921ffa2ae878763f0217abb165fe4fe9a2e8a027ba11aed30e41dbddf4fc8615626ade2ce81a05b33cc0543a90b189fc41ef2749e7ddb07fe1c9b9eae6c,projects/modellearning/logs/run.googleapis.com%2Fstdout,,2024-02-29T20:24:15.360628881Z,sscartquery,northamerica-northeast1,modellearning,sscartquery-00011-jzl,sscartquery,cloud_run_revision,INFO,functions/Logic.java,2024-02-29T20:24:15.034425Z
65e0e7ee000ab2fd1de6aa22,functions/Logic.java,service,cpu:=560000000  rt:=589922670,cloudfunctions,00d087f5e0b82d4393d4a7bbb7f14727933f8b96724a91b37d40394984760349848f0c657a1b55ad143d87d15617c08a8ba76acddb65a7eb3b550a40e4aceccdfb8d33,projects/modellearning/logs/run.googleapis.com%2Fstdout,,2024-02-29T20:24:15.028160067Z,sscartquery,northamerica-northeast1,modellearning,sscartquery-00011-jzl,sscartquery,cloud_run_revision,INFO,functions/Logic.java,2024-02-29T20:24:14.701181Z
65e0e7ee0008fbfd04b0ca1d,functions/Logic.java,service,cpu:=-3760000000  rt:=14615220,cloudfunctions,00d087f5e0508b90f669d2e778e5edb119d2cf95bbdf1d474990a4029916e734b09cb9a2fbea2793facea51d590b84a7b32d827e55698dd1314956e833b1573e692dea,projects/modellearning/logs/run.googleapis.com%2Fstdout,,2024-02-29T20:24:14.693999365Z,sscartquery,northamerica-northeast1,modellearning,sscartquery-00011-jzl,sscartquery,cloud_run_revision,INFO,functions/Logic.java,2024-02-29T20:24:14.588797Z
65e0e7ee00073eb52c72ecee,functions/Logic.java,service,cpu:=1330000000  rt:=1370989679,cloudfunctions,00d087f5e0931dfa9c28b1435b1edaff730b07b179f08d0ce6f7e181791dfaff7e1b3fe5d079114283831c72f18d89fc219db1445f90443b55b45100e3925c5e0fa32e,projects/modellearning/logs/run.googleapis.com%2Fstdout,,2024-02-29T20:24:14.693999365Z,sscartquery,northamerica-northeast1,modellearning,sscartquery-00011-jzl,sscartquery,cloud_run_revision,INFO,functions/Logic.java,2024-02-29T20:24:14.474805Z
65e0e7ee00028fd394db5824,functions/Logic.java,service,cpu:=1640000000  rt:=2405125856,cloudfunctions,00d087f5e07bdae58c1f4da3364551cac54ac5362bf1a9581e7d4bf9a32f14aae9b89d873ef09e84a16dbd253a49be122c24eb757e668e06c6c2cc19262d914e45e911,projects/modellearning/logs/run.googleapis.com%2Fstdout,,2024-02-29T20:24:14.360616995Z,sscartquery,northamerica-northeast1,modellearning,sscartquery-00011-jzl,sscartquery,cloud_run_revision,INFO,functions/Logic.java,2024-02-29T20:24:14.167891Z
65e0e7ee000214a76d9cf4a8,functions/Logic.java,service,cpu:=440000000  rt:=473054603,cloudfunctions,00d087f5e025f1412d457ac9df76d9971bbb653901e64de3964b6771b432461e319b79b0f00c478208807a6c7a3fbf8874fe0596d4f63281afed598300217590a2678e,projects/modellearning/logs/run.googleapis.com%2Fstdout,,2024-02-29T20:24:14.360616995Z,sscartquery,northamerica-northeast1,modellearning,sscartquery-00011-jzl,sscartquery,cloud_run_revision,INFO,functions/Logic.java,2024-02-29T20:24:14.136359Z
65e0e7ee00020d6153c562df,functions/Logic.java,service,cpu:=2210000000  rt:=2309947059,cloudfunctions,00d087f5e0d2ec86d3e5125cd7f8c8da0159c6c9245f96f8b661fd58a2c43ac7b7746cbd693c48c899aa0e18c79c8f6e29e46ee53925108e8c6a70ca451f1b05c9a9d7,projects/modellearning/logs/run.googleapis.com%2Fstdout,,2024-02-29T20:24:14.360616995Z,sscartquery,northamerica-northeast1,modellearning,sscartquery-00011-jzl,sscartquery,cloud_run_revision,INFO,functions/Logic.java,2024-02-29T20:24:14.134497Z
65e0e7ee00018ff6832a5575,functions/Logic.java,service,cpu:=2880000000  rt:=3907483884,cloudfunctions,00d087f5e0b82d4393d4a7bbb7f14727933f8b96724a91b37d40394984760349848f0c657a1b55ad143d87d15617c08a8ba76acddb65a7eb3b550a40e4aceccdfb8d33,projects/modellearning/logs/run.googleapis.com%2Fstdout,,2024-02-29T20:24:14.360616995Z,sscartquery,northamerica-northeast1,modellearning,sscartquery-00011-jzl,sscartquery,cloud_run_revision,INFO,functions/Logic.java,2024-02-29T20:24:14.102390Z
65e0e7ed000cbbc0a144e1ab,functions/Logic.java,service,cpu:=530000000  rt:=997737552,cloudfunctions,00d087f5e0c28364f40a88ea65440fad99d864800ea3cc4f8b70fe4c04ce8ea9bd6aa21cc40c9f2508c1dde8fc79b324f27e029f2d84aed35c039754a5d33a775a009f,projects/modellearning/logs/run.googleapis.com%2Fstdout,,2024-02-29T20:24:14.028274878Z,sscartquery,northamerica-northeast1,modellearning,sscartquery-00011-jzl,sscartquery,cloud_run_revision,INFO,functions/Logic.java,2024-02-29T20:24:13.834496Z
65e0e7ed000c4d562ed24374,functions/Logic.java,service,cpu:=90000000  rt:=84914118,cloudfunctions,00d087f5e06379a276e4a585f3c5060b28341f9ba1aae00b35146eef3c6bfe293ee854779cb36f3cc9ba10b75867900165815dba5f5fb35677f9397372dd0e41039340,projects/modellearning/logs/run.googleapis.com%2Fstdout,,2024-02-29T20:24:14.028274878Z,sscartquery,northamerica-northeast1,modellearning,sscartquery-00011-jzl,sscartquery,cloud_run_revision,INFO,functions/Logic.java,2024-02-29T20:24:13.806230Z
65e0e7ed000a58eaee395d35,functions/Logic.java,service,cpu:=-1360000000  rt:=388021372,cloudfunctions,00d087f5e04921ffa2ae878763f0217abb165fe4fe9a2e8a027ba11aed30e41dbddf4fc8615626ade2ce81a05b33cc0543a90b189fc41ef2749e7ddb07fe1c9b9eae6c,projects/modellearning/logs/run.googleapis.com%2Fstdout,,2024-02-29T20:24:13.695470319Z,sscartquery,northamerica-northeast1,modellearning,sscartquery-00011-jzl,sscartquery,cloud_run_revision,INFO,functions/Logic.java,2024-02-29T20:24:13.678122Z
65e0e7ed0009ae1ada369eee,functions/Logic.java,service,cpu:=900000000  rt:=955084026,cloudfunctions,00d087f5e0508b90f669d2e778e5edb119d2cf95bbdf1d474990a4029916e734b09cb9a2fbea2793facea51d590b84a7b32d827e55698dd1314956e833b1573e692dea,projects/modellearning/logs/run.googleapis.com%2Fstdout,,2024-02-29T20:24:13.695470319Z,sscartquery,northamerica-northeast1,modellearning,sscartquery-00011-jzl,sscartquery,cloud_run_revision,INFO,functions/Logic.java,2024-02-29T20:24:13.634394Z
65e0e7ed0008271a79e530ef,functions/Logic.java,service,cpu:=150000000  rt:=244292579,cloudfunctions,00d087f5e04921ffa2ae878763f0217abb165fe4fe9a2e8a027ba11aed30e41dbddf4fc8615626ade2ce81a05b33cc0543a90b189fc41ef2749e7ddb07fe1c9b9eae6c,projects/modellearning/logs/run.googleapis.com%2Fstdout,,2024-02-29T20:24:13.695470319Z,sscartquery,northamerica-northeast1,modellearning,sscartquery-00011-jzl,sscartquery,cloud_run_revision,INFO,functions/Logic.java,2024-02-29T20:24:13.534298Z
65e0e7ed0007b5e12ebf5c68,functions/Logic.java,service,cpu:=890000000  rt:=904651687,cloudfunctions,00d087f5e096f10c047c63271bf3ad0a02126a02b2e38fa8048979e18ea67d746ffa403f88d9a80d0fd5b28bb55609f2a74100003294e282c98f0e4563ee611fd74e6e,projects/modellearning/logs/run.googleapis.com%2Fstdout,,2024-02-29T20:24:13.695470319Z,sscartquery,northamerica-northeast1,modellearning,sscartquery-00011-jzl,sscartquery,cloud_run_revision,INFO,functions/Logic.java,2024-02-29T20:24:13.505313Z
65e0e7ed00056a52a231668e,functions/Logic.java,service,cpu:=1400000000  rt:=1468691480,cloudfunctions,00d087f5e06379a276e4a585f3c5060b28341f9ba1aae00b35146eef3c6bfe293ee854779cb36f3cc9ba10b75867900165815dba5f5fb35677f9397372dd0e41039340,projects/modellearning/logs/run.googleapis.com%2Fstdout,,2024-02-29T20:24:13.362594662Z,sscartquery,northamerica-northeast1,modellearning,sscartquery-00011-jzl,sscartquery,cloud_run_revision,INFO,functions/Logic.java,2024-02-29T20:24:13.354898Z
65e0e7ed00049079038ae2f7,functions/Logic.java,service,cpu:=360000000  rt:=361498682,cloudfunctions,00d087f5e025f1412d457ac9df76d9971bbb653901e64de3964b6771b432461e319b79b0f00c478208807a6c7a3fbf8874fe0596d4f63281afed598300217590a2678e,projects/modellearning/logs/run.googleapis.com%2Fstdout,,2024-02-29T20:24:13.362594662Z,sscartquery,northamerica-northeast1,modellearning,sscartquery-00011-jzl,sscartquery,cloud_run_revision,INFO,functions/Logic.java,2024-02-29T20:24:13.299129Z
65e0e7ed000394777aa50e3a,functions/Logic.java,service,cpu:=-10010000000  rt:=1471761790,cloudfunctions,00d087f5e07bdae58c1f4da3364551cac54ac5362bf1a9581e7d4bf9a32f14aae9b89d873ef09e84a16dbd253a49be122c24eb757e668e06c6c2cc19262d914e45e911,projects/modellearning/logs/run.googleapis.com%2Fstdout,,2024-02-29T20:24:13.362594662Z,sscartquery,northamerica-northeast1,modellearning,sscartquery-00011-jzl,sscartquery,cloud_run_revision,INFO,functions/Logic.java,2024-02-29T20:24:13.234615Z
65e0e7ed00020f97c05f049c,functions/Logic.java,service,cpu:=80000000  rt:=131385391,cloudfunctions,00d087f5e04921ffa2ae878763f0217abb165fe4fe9a2e8a027ba11aed30e41dbddf4fc8615626ade2ce81a05b33cc0543a90b189fc41ef2749e7ddb07fe1c9b9eae6c,projects/modellearning/logs/run.googleapis.com%2Fstdout,,2024-02-29T20:24:13.362594662Z,sscartquery,northamerica-northeast1,modellearning,sscartquery-00011-jzl,sscartquery,cloud_run_revision,INFO,functions/Logic.java,2024-02-29T20:24:13.135063Z
65e0e7ed000194f54509a4ea,functions/Logic.java,service,cpu:=5150000000  rt:=5318762493,cloudfunctions,00d087f5e0fb53247b367efd3d5bd3eb6ec2079ea1f90edc419a49866437bf458cfeca444aeaa3b7daf5636b05c06cb47d5f161f950d27b45213cc036890ef6262ebf3,projects/modellearning/logs/run.googleapis.com%2Fstdout,,2024-02-29T20:24:13.362594662Z,sscartquery,northamerica-northeast1,modellearning,sscartquery-00011-jzl,sscartquery,cloud_run_revision,INFO,functions/Logic.java,2024-02-29T20:24:13.103669Z
65e0e7ec000ca1050c0b071d,functions/Logic.java,service,cpu:=60000000  rt:=56776977,cloudfunctions,00d087f5e025f1412d457ac9df76d9971bbb653901e64de3964b6771b432461e319b79b0f00c478208807a6c7a3fbf8874fe0596d4f63281afed598300217590a2678e,projects/modellearning/logs/run.googleapis.com%2Fstdout,,2024-02-29T20:24:13.028396241Z,sscartquery,northamerica-northeast1,modellearning,sscartquery-00011-jzl,sscartquery,cloud_run_revision,INFO,functions/Logic.java,2024-02-29T20:24:12.827653Z
65e0e7ec0009adaea98b92a6,functions/Logic.java,service,cpu:=2580000000  rt:=2724248979,cloudfunctions,00d087f5e025f1412d457ac9df76d9971bbb653901e64de3964b6771b432461e319b79b0f00c478208807a6c7a3fbf8874fe0596d4f63281afed598300217590a2678e,projects/modellearning/logs/run.googleapis.com%2Fstdout,,2024-02-29T20:24:12.695718130Z,sscartquery,northamerica-northeast1,modellearning,sscartquery-00011-jzl,sscartquery,cloud_run_revision,INFO,functions/Logic.java,2024-02-29T20:24:12.634286Z
65e0e7ec00089f23db16d1a0,functions/Logic.java,service,cpu:=-8800000000  rt:=562265641,cloudfunctions,00d087f5e0c28364f40a88ea65440fad99d864800ea3cc4f8b70fe4c04ce8ea9bd6aa21cc40c9f2508c1dde8fc79b324f27e029f2d84aed35c039754a5d33a775a009f,projects/modellearning/logs/run.googleapis.com%2Fstdout,,2024-02-29T20:24:12.695718130Z,sscartquery,northamerica-northeast1,modellearning,sscartquery-00011-jzl,sscartquery,cloud_run_revision,INFO,functions/Logic.java,2024-02-29T20:24:12.565027Z
65e0e7ec00076b9906163999,functions/Logic.java,service,cpu:=2390000000  rt:=2485928671,cloudfunctions,00d087f5e096f10c047c63271bf3ad0a02126a02b2e38fa8048979e18ea67d746ffa403f88d9a80d0fd5b28bb55609f2a74100003294e282c98f0e4563ee611fd74e6e,projects/modellearning/logs/run.googleapis.com%2Fstdout,,2024-02-29T20:24:12.695718130Z,sscartquery,northamerica-northeast1,modellearning,sscartquery-00011-jzl,sscartquery,cloud_run_revision,INFO,functions/Logic.java,2024-02-29T20:24:12.486297Z
65e0e7ec00076acae4148c94,functions/Logic.java,service,cpu:=1920000000  rt:=2016887571,cloudfunctions,00d087f5e0508b90f669d2e778e5edb119d2cf95bbdf1d474990a4029916e734b09cb9a2fbea2793facea51d590b84a7b32d827e55698dd1314956e833b1573e692dea,projects/modellearning/logs/run.googleapis.com%2Fstdout,,2024-02-29T20:24:12.695718130Z,sscartquery,northamerica-northeast1,modellearning,sscartquery-00011-jzl,sscartquery,cloud_run_revision,INFO,functions/Logic.java,2024-02-29T20:24:12.486090Z
65e0e7ec00041eb1ec6d4af0,functions/Logic.java,service,cpu:=540000000  rt:=570286003,cloudfunctions,00d087f5e04921ffa2ae878763f0217abb165fe4fe9a2e8a027ba11aed30e41dbddf4fc8615626ade2ce81a05b33cc0543a90b189fc41ef2749e7ddb07fe1c9b9eae6c,projects/modellearning/logs/run.googleapis.com%2Fstdout,,2024-02-29T20:24:12.363319095Z,sscartquery,northamerica-northeast1,modellearning,sscartquery-00011-jzl,sscartquery,cloud_run_revision,INFO,functions/Logic.java,2024-02-29T20:24:12.270001Z
65e0e7eb000e4252e3da70bb,functions/Logic.java,service,cpu:=100000000  rt:=163270622,cloudfunctions,00d087f5e0c28364f40a88ea65440fad99d864800ea3cc4f8b70fe4c04ce8ea9bd6aa21cc40c9f2508c1dde8fc79b324f27e029f2d84aed35c039754a5d33a775a009f,projects/modellearning/logs/run.googleapis.com%2Fstdout,,2024-02-29T20:24:12.030906862Z,sscartquery,northamerica-northeast1,modellearning,sscartquery-00011-jzl,sscartquery,cloud_run_revision,INFO,functions/Logic.java,2024-02-29T20:24:11.934482Z
65e0e7eb000e4251ca0dcdda,functions/Logic.java,service,cpu:=11800000000  rt:=1739646200,cloudfunctions,00d087f5e0b82d4393d4a7bbb7f14727933f8b96724a91b37d40394984760349848f0c657a1b55ad143d87d15617c08a8ba76acddb65a7eb3b550a40e4aceccdfb8d33,projects/modellearning/logs/run.googleapis.com%2Fstdout,,2024-02-29T20:24:12.030906862Z,sscartquery,northamerica-northeast1,modellearning,sscartquery-00011-jzl,sscartquery,cloud_run_revision,INFO,functions/Logic.java,2024-02-29T20:24:11.934481Z
65e0e7eb000d26ac174039b9,functions/Logic.java,service,cpu:=280000000  rt:=293952325,cloudfunctions,00d087f5e06379a276e4a585f3c5060b28341f9ba1aae00b35146eef3c6bfe293ee854779cb36f3cc9ba10b75867900165815dba5f5fb35677f9397372dd0e41039340,projects/modellearning/logs/run.googleapis.com%2Fstdout,,2024-02-29T20:24:12.030906862Z,sscartquery,northamerica-northeast1,modellearning,sscartquery-00011-jzl,sscartquery,cloud_run_revision,INFO,functions/Logic.java,2024-02-29T20:24:11.861868Z
65e0e7eb000d20d9b3664c9f,functions/Logic.java,service,cpu:=4620000000  rt:=89276072,cloudfunctions,00d087f5e0c28364f40a88ea65440fad99d864800ea3cc4f8b70fe4c04ce8ea9bd6aa21cc40c9f2508c1dde8fc79b324f27e029f2d84aed35c039754a5d33a775a009f,projects/modellearning/logs/run.googleapis.com%2Fstdout,,2024-02-29T20:24:12.030906862Z,sscartquery,northamerica-northeast1,modellearning,sscartquery-00011-jzl,sscartquery,cloud_run_revision,INFO,functions/Logic.java,2024-02-29T20:24:11.860377Z
65e0e7eb00032acab35c71a9,functions/Logic.java,service,cpu:=140000000  rt:=146950806,cloudfunctions,00d087f5e04921ffa2ae878763f0217abb165fe4fe9a2e8a027ba11aed30e41dbddf4fc8615626ade2ce81a05b33cc0543a90b189fc41ef2749e7ddb07fe1c9b9eae6c,projects/modellearning/logs/run.googleapis.com%2Fstdout,,2024-02-29T20:24:11.363562784Z,sscartquery,northamerica-northeast1,modellearning,sscartquery-00011-jzl,sscartquery,cloud_run_revision,INFO,functions/Logic.java,2024-02-29T20:24:11.207562Z
65e0e7ea000e697da0027855,functions/Logic.java,service,cpu:=1380000000  rt:=1413631975,cloudfunctions,00d087f5e06379a276e4a585f3c5060b28341f9ba1aae00b35146eef3c6bfe293ee854779cb36f3cc9ba10b75867900165815dba5f5fb35677f9397372dd0e41039340,projects/modellearning/logs/run.googleapis.com%2Fstdout,,2024-02-29T20:24:11.032181557Z,sscartquery,northamerica-northeast1,modellearning,sscartquery-00011-jzl,sscartquery,cloud_run_revision,INFO,functions/Logic.java,2024-02-29T20:24:10.944509Z
65e0e7ea000c51cd37c581ab,functions/Logic.java,service,cpu:=230000000  rt:=226691941,cloudfunctions,00d087f5e0c28364f40a88ea65440fad99d864800ea3cc4f8b70fe4c04ce8ea9bd6aa21cc40c9f2508c1dde8fc79b324f27e029f2d84aed35c039754a5d33a775a009f,projects/modellearning/logs/run.googleapis.com%2Fstdout,,2024-02-29T20:24:11.032181557Z,sscartquery,northamerica-northeast1,modellearning,sscartquery-00011-jzl,sscartquery,cloud_run_revision,INFO,functions/Logic.java,2024-02-29T20:24:10.807373Z
65e0e7ea000bb283b6dd9403,functions/Logic.java,service,cpu:=590000000  rt:=609200179,cloudfunctions,00d087f5e04921ffa2ae878763f0217abb165fe4fe9a2e8a027ba11aed30e41dbddf4fc8615626ade2ce81a05b33cc0543a90b189fc41ef2749e7ddb07fe1c9b9eae6c,projects/modellearning/logs/run.googleapis.com%2Fstdout,,2024-02-29T20:24:11.032181557Z,sscartquery,northamerica-northeast1,modellearning,sscartquery-00011-jzl,sscartquery,cloud_run_revision,INFO,functions/Logic.java,2024-02-29T20:24:10.766595Z
65e0e7ea00093fcbcc0d4b9f,functions/Logic.java,service,cpu:=860000000  rt:=878088227,cloudfunctions,00d087f5e07bdae58c1f4da3364551cac54ac5362bf1a9581e7d4bf9a32f14aae9b89d873ef09e84a16dbd253a49be122c24eb757e668e06c6c2cc19262d914e45e911,projects/modellearning/logs/run.googleapis.com%2Fstdout,,2024-02-29T20:24:10.696867978Z,sscartquery,northamerica-northeast1,modellearning,sscartquery-00011-jzl,sscartquery,cloud_run_revision,INFO,functions/Logic.java,2024-02-29T20:24:10.606155Z
65e0e7ea000867059b219b0e,functions/Logic.java,service,cpu:=520000000  rt:=551768179,cloudfunctions,00d087f5e0c28364f40a88ea65440fad99d864800ea3cc4f8b70fe4c04ce8ea9bd6aa21cc40c9f2508c1dde8fc79b324f27e029f2d84aed35c039754a5d33a775a009f,projects/modellearning/logs/run.googleapis.com%2Fstdout,,2024-02-29T20:24:10.696867978Z,sscartquery,northamerica-northeast1,modellearning,sscartquery-00011-jzl,sscartquery,cloud_run_revision,INFO,functions/Logic.java,2024-02-29T20:24:10.550661Z
65e0e7ea00033e67be90f1f3,functions/Logic.java,service,cpu:=620000000  rt:=654019614,cloudfunctions,00d087f5e0508b90f669d2e778e5edb119d2cf95bbdf1d474990a4029916e734b09cb9a2fbea2793facea51d590b84a7b32d827e55698dd1314956e833b1573e692dea,projects/modellearning/logs/run.googleapis.com%2Fstdout,,2024-02-29T20:24:10.364564785Z,sscartquery,northamerica-northeast1,modellearning,sscartquery-00011-jzl,sscartquery,cloud_run_revision,INFO,functions/Logic.java,2024-02-29T20:24:10.212583Z
65e0e7ea0000ebdc33e5b459,functions/Logic.java,service,cpu:=3010000000  rt:=3109905027,cloudfunctions,00d087f5e04921ffa2ae878763f0217abb165fe4fe9a2e8a027ba11aed30e41dbddf4fc8615626ade2ce81a05b33cc0543a90b189fc41ef2749e7ddb07fe1c9b9eae6c,projects/modellearning/logs/run.googleapis.com%2Fstdout,,2024-02-29T20:24:10.364564785Z,sscartquery,northamerica-northeast1,modellearning,sscartquery-00011-jzl,sscartquery,cloud_run_revision,INFO,functions/Logic.java,2024-02-29T20:24:10.060380Z
65e0e7e9000ea1dde8b2eaa6,functions/Logic.java,service,cpu:=130000000  rt:=122807136,cloudfunctions,00d087f5e0b82d4393d4a7bbb7f14727933f8b96724a91b37d40394984760349848f0c657a1b55ad143d87d15617c08a8ba76acddb65a7eb3b550a40e4aceccdfb8d33,projects/modellearning/logs/run.googleapis.com%2Fstdout,,2024-02-29T20:24:10.031863560Z,sscartquery,northamerica-northeast1,modellearning,sscartquery-00011-jzl,sscartquery,cloud_run_revision,INFO,functions/Logic.java,2024-02-29T20:24:09.958941Z
65e0e7e9000cbb9e66e6b665,functions/Logic.java,service,cpu:=2790000000  rt:=2844854023,cloudfunctions,00d087f5e096f10c047c63271bf3ad0a02126a02b2e38fa8048979e18ea67d746ffa403f88d9a80d0fd5b28bb55609f2a74100003294e282c98f0e4563ee611fd74e6e,projects/modellearning/logs/run.googleapis.com%2Fstdout,,2024-02-29T20:24:10.031863560Z,sscartquery,northamerica-northeast1,modellearning,sscartquery-00011-jzl,sscartquery,cloud_run_revision,INFO,functions/Logic.java,2024-02-29T20:24:09.834462Z
65e0e7e9000cbb774ab9cb42,functions/Logic.java,service,cpu:=460000000  rt:=482765957,cloudfunctions,00d087f5e0c28364f40a88ea65440fad99d864800ea3cc4f8b70fe4c04ce8ea9bd6aa21cc40c9f2508c1dde8fc79b324f27e029f2d84aed35c039754a5d33a775a009f,projects/modellearning/logs/run.googleapis.com%2Fstdout,,2024-02-29T20:24:10.031863560Z,sscartquery,northamerica-northeast1,modellearning,sscartquery-00011-jzl,sscartquery,cloud_run_revision,INFO,functions/Logic.java,2024-02-29T20:24:09.834423Z
65e0e7e9000a1988085d2272,functions/Logic.java,service,cpu:=210000000  rt:=212229879,cloudfunctions,00d087f5e025f1412d457ac9df76d9971bbb653901e64de3964b6771b432461e319b79b0f00c478208807a6c7a3fbf8874fe0596d4f63281afed598300217590a2678e,projects/modellearning/logs/run.googleapis.com%2Fstdout,,2024-02-29T20:24:09.697912409Z,sscartquery,northamerica-northeast1,modellearning,sscartquery-00011-jzl,sscartquery,cloud_run_revision,INFO,functions/Logic.java,2024-02-29T20:24:09.661896Z
65e0e7e9000937f5aa023c45,functions/Logic.java,service,cpu:=60000000  rt:=59677650,cloudfunctions,00d087f5e0b82d4393d4a7bbb7f14727933f8b96724a91b37d40394984760349848f0c657a1b55ad143d87d15617c08a8ba76acddb65a7eb3b550a40e4aceccdfb8d33,projects/modellearning/logs/run.googleapis.com%2Fstdout,,2024-02-29T20:24:09.697912409Z,sscartquery,northamerica-northeast1,modellearning,sscartquery-00011-jzl,sscartquery,cloud_run_revision,INFO,functions/Logic.java,2024-02-29T20:24:09.604149Z
65e0e7e90008a09191e19f34,functions/Logic.java,service,cpu:=490000000  rt:=490215744,cloudfunctions,00d087f5e07bdae58c1f4da3364551cac54ac5362bf1a9581e7d4bf9a32f14aae9b89d873ef09e84a16dbd253a49be122c24eb757e668e06c6c2cc19262d914e45e911,projects/modellearning/logs/run.googleapis.com%2Fstdout,,2024-02-29T20:24:09.697912409Z,sscartquery,northamerica-northeast1,modellearning,sscartquery-00011-jzl,sscartquery,cloud_run_revision,INFO,functions/Logic.java,2024-02-29T20:24:09.565393Z
65e0e7e900051afe569956e0,functions/Logic.java,service,cpu:=2250000000  rt:=2327276041,cloudfunctions,00d087f5e0508b90f669d2e778e5edb119d2cf95bbdf1d474990a4029916e734b09cb9a2fbea2793facea51d590b84a7b32d827e55698dd1314956e833b1573e692dea,projects/modellearning/logs/run.googleapis.com%2Fstdout,,2024-02-29T20:24:09.366894520Z,sscartquery,northamerica-northeast1,modellearning,sscartquery-00011-jzl,sscartquery,cloud_run_revision,INFO,functions/Logic.java,2024-02-29T20:24:09.334590Z
65e0e7e90004323c6151cf62,functions/Logic.java,service,cpu:=680000000  rt:=720530826,cloudfunctions,00d087f5e0b82d4393d4a7bbb7f14727933f8b96724a91b37d40394984760349848f0c657a1b55ad143d87d15617c08a8ba76acddb65a7eb3b550a40e4aceccdfb8d33,projects/modellearning/logs/run.googleapis.com%2Fstdout,,2024-02-29T20:24:09.366894520Z,sscartquery,northamerica-northeast1,modellearning,sscartquery-00011-jzl,sscartquery,cloud_run_revision,INFO,functions/Logic.java,2024-02-29T20:24:09.275004Z
65e0e7e90003b31d63759d79,functions/Logic.java,service,cpu:=1930000000  rt:=4135484321,cloudfunctions,00d087f5e06379a276e4a585f3c5060b28341f9ba1aae00b35146eef3c6bfe293ee854779cb36f3cc9ba10b75867900165815dba5f5fb35677f9397372dd0e41039340,projects/modellearning/logs/run.googleapis.com%2Fstdout,,2024-02-29T20:24:09.366894520Z,sscartquery,northamerica-northeast1,modellearning,sscartquery-00011-jzl,sscartquery,cloud_run_revision,INFO,functions/Logic.java,2024-02-29T20:24:09.242461Z
65e0e7e900029b7ba43e9176,functions/Logic.java,service,cpu:=720000000  rt:=744208778,cloudfunctions,00d087f5e025f1412d457ac9df76d9971bbb653901e64de3964b6771b432461e319b79b0f00c478208807a6c7a3fbf8874fe0596d4f63281afed598300217590a2678e,projects/modellearning/logs/run.googleapis.com%2Fstdout,,2024-02-29T20:24:09.366894520Z,sscartquery,northamerica-northeast1,modellearning,sscartquery-00011-jzl,sscartquery,cloud_run_revision,INFO,functions/Logic.java,2024-02-29T20:24:09.170875Z
65e0e7e900028e14d25b1026,functions/Logic.java,service,cpu:=120000000  rt:=121422266,cloudfunctions,00d087f5e0c28364f40a88ea65440fad99d864800ea3cc4f8b70fe4c04ce8ea9bd6aa21cc40c9f2508c1dde8fc79b324f27e029f2d84aed35c039754a5d33a775a009f,projects/modellearning/logs/run.googleapis.com%2Fstdout,,2024-02-29T20:24:09.366894520Z,sscartquery,northamerica-northeast1,modellearning,sscartquery-00011-jzl,sscartquery,cloud_run_revision,INFO,functions/Logic.java,2024-02-29T20:24:09.167444Z
65e0e7e900020d7b60707349,functions/Logic.java,service,cpu:=440000000  rt:=4027515214,cloudfunctions,00d087f5e06379a276e4a585f3c5060b28341f9ba1aae00b35146eef3c6bfe293ee854779cb36f3cc9ba10b75867900165815dba5f5fb35677f9397372dd0e41039340,projects/modellearning/logs/run.googleapis.com%2Fstdout,,2024-02-29T20:24:09.366894520Z,sscartquery,northamerica-northeast1,modellearning,sscartquery-00011-jzl,sscartquery,cloud_run_revision,INFO,functions/Logic.java,2024-02-29T20:24:09.134523Z
65e0e7e8000d2c33d0358c9b,functions/Logic.java,service,cpu:=710000000  rt:=732560898,cloudfunctions,00d087f5e07bdae58c1f4da3364551cac54ac5362bf1a9581e7d4bf9a32f14aae9b89d873ef09e84a16dbd253a49be122c24eb757e668e06c6c2cc19262d914e45e911,projects/modellearning/logs/run.googleapis.com%2Fstdout,,2024-02-29T20:24:09.031753684Z,sscartquery,northamerica-northeast1,modellearning,sscartquery-00011-jzl,sscartquery,cloud_run_revision,INFO,functions/Logic.java,2024-02-29T20:24:08.863283Z
65e0e7e8000d2740fde049e8,functions/Logic.java,service,cpu:=160000000  rt:=163352668,cloudfunctions,00d087f5e0c28364f40a88ea65440fad99d864800ea3cc4f8b70fe4c04ce8ea9bd6aa21cc40c9f2508c1dde8fc79b324f27e029f2d84aed35c039754a5d33a775a009f,projects/modellearning/logs/run.googleapis.com%2Fstdout,,2024-02-29T20:24:09.031753684Z,sscartquery,northamerica-northeast1,modellearning,sscartquery-00011-jzl,sscartquery,cloud_run_revision,INFO,functions/Logic.java,2024-02-29T20:24:08.862016Z
65e0e7e80009ae264196f1b9,functions/Logic.java,service,cpu:=-18380000000  rt:=79694696,cloudfunctions,00d087f5e0b82d4393d4a7bbb7f14727933f8b96724a91b37d40394984760349848f0c657a1b55ad143d87d15617c08a8ba76acddb65a7eb3b550a40e4aceccdfb8d33,projects/modellearning/logs/run.googleapis.com%2Fstdout,,2024-02-29T20:24:08.698620773Z,sscartquery,northamerica-northeast1,modellearning,sscartquery-00011-jzl,sscartquery,cloud_run_revision,INFO,functions/Logic.java,2024-02-29T20:24:08.634406Z
65e0e7e80008a08543024f5f,functions/Logic.java,service,cpu:=1170000000  rt:=1196573369,cloudfunctions,00d087f5e0c28364f40a88ea65440fad99d864800ea3cc4f8b70fe4c04ce8ea9bd6aa21cc40c9f2508c1dde8fc79b324f27e029f2d84aed35c039754a5d33a775a009f,projects/modellearning/logs/run.googleapis.com%2Fstdout,,2024-02-29T20:24:08.698620773Z,sscartquery,northamerica-northeast1,modellearning,sscartquery-00011-jzl,sscartquery,cloud_run_revision,INFO,functions/Logic.java,2024-02-29T20:24:08.565381Z
65e0e7e80005fbdaf2f98947,functions/Logic.java,service,cpu:=20000000  rt:=19451157,cloudfunctions,00d087f5e025f1412d457ac9df76d9971bbb653901e64de3964b6771b432461e319b79b0f00c478208807a6c7a3fbf8874fe0596d4f63281afed598300217590a2678e,projects/modellearning/logs/run.googleapis.com%2Fstdout,,2024-02-29T20:24:08.698620773Z,sscartquery,northamerica-northeast1,modellearning,sscartquery-00011-jzl,sscartquery,cloud_run_revision,INFO,functions/Logic.java,2024-02-29T20:24:08.392154Z
65e0e7e7000b8867cb9ee27a,functions/Logic.java,service,cpu:=180000000  rt:=212439265,cloudfunctions,00d087f5e025f1412d457ac9df76d9971bbb653901e64de3964b6771b432461e319b79b0f00c478208807a6c7a3fbf8874fe0596d4f63281afed598300217590a2678e,projects/modellearning/logs/run.googleapis.com%2Fstdout,,2024-02-29T20:24:08.032747471Z,sscartquery,northamerica-northeast1,modellearning,sscartquery-00011-jzl,sscartquery,cloud_run_revision,INFO,functions/Logic.java,2024-02-29T20:24:07.755815Z
65e0e7e7000aba3d611a171c,functions/Logic.java,service,cpu:=940000000  rt:=1024563459,cloudfunctions,00d087f5e0fb53247b367efd3d5bd3eb6ec2079ea1f90edc419a49866437bf458cfeca444aeaa3b7daf5636b05c06cb47d5f161f950d27b45213cc036890ef6262ebf3,projects/modellearning/logs/run.googleapis.com%2Fstdout,,2024-02-29T20:24:08.032747471Z,sscartquery,northamerica-northeast1,modellearning,sscartquery-00011-jzl,sscartquery,cloud_run_revision,INFO,functions/Logic.java,2024-02-29T20:24:07.703037Z
65e0e7e700076966e2ccb3a3,functions/Logic.java,service,cpu:=690000000  rt:=728210191,cloudfunctions,00d087f5e07bdae58c1f4da3364551cac54ac5362bf1a9581e7d4bf9a32f14aae9b89d873ef09e84a16dbd253a49be122c24eb757e668e06c6c2cc19262d914e45e911,projects/modellearning/logs/run.googleapis.com%2Fstdout,,2024-02-29T20:24:07.699971716Z,sscartquery,northamerica-northeast1,modellearning,sscartquery-00011-jzl,sscartquery,cloud_run_revision,INFO,functions/Logic.java,2024-02-29T20:24:07.485734Z
65e0e7e7000324918634b109,functions/Logic.java,service,cpu:=440000000  rt:=509610876,cloudfunctions,00d087f5e0b82d4393d4a7bbb7f14727933f8b96724a91b37d40394984760349848f0c657a1b55ad143d87d15617c08a8ba76acddb65a7eb3b550a40e4aceccdfb8d33,projects/modellearning/logs/run.googleapis.com%2Fstdout,,2024-02-29T20:24:07.366909742Z,sscartquery,northamerica-northeast1,modellearning,sscartquery-00011-jzl,sscartquery,cloud_run_revision,INFO,functions/Logic.java,2024-02-29T20:24:07.205969Z
65e0e7e700008dfd87b090b3,functions/Logic.java,service,cpu:=2770000000  rt:=2883560270,cloudfunctions,00d087f5e025f1412d457ac9df76d9971bbb653901e64de3964b6771b432461e319b79b0f00c478208807a6c7a3fbf8874fe0596d4f63281afed598300217590a2678e,projects/modellearning/logs/run.googleapis.com%2Fstdout,,2024-02-29T20:24:07.366909742Z,sscartquery,northamerica-northeast1,modellearning,sscartquery-00011-jzl,sscartquery,cloud_run_revision,INFO,functions/Logic.java,2024-02-29T20:24:07.036349Z
65e0e7e6000b9748903c86ae,functions/Logic.java,service,cpu:=540000000  rt:=586455917,cloudfunctions,00d087f5e0c28364f40a88ea65440fad99d864800ea3cc4f8b70fe4c04ce8ea9bd6aa21cc40c9f2508c1dde8fc79b324f27e029f2d84aed35c039754a5d33a775a009f,projects/modellearning/logs/run.googleapis.com%2Fstdout,,2024-02-29T20:24:07.034961900Z,sscartquery,northamerica-northeast1,modellearning,sscartquery-00011-jzl,sscartquery,cloud_run_revision,INFO,functions/Logic.java,2024-02-29T20:24:06.759624Z
65e0e7e6000a38004617c372,functions/Logic.java,service,cpu:=140000000  rt:=138091045,cloudfunctions,00d087f5e0508b90f669d2e778e5edb119d2cf95bbdf1d474990a4029916e734b09cb9a2fbea2793facea51d590b84a7b32d827e55698dd1314956e833b1573e692dea,projects/modellearning/logs/run.googleapis.com%2Fstdout,,2024-02-29T20:24:06.700747103Z,sscartquery,northamerica-northeast1,modellearning,sscartquery-00011-jzl,sscartquery,cloud_run_revision,INFO,functions/Logic.java,2024-02-29T20:24:06.669696Z
65e0e7e6000904402ce0f7cb,functions/Logic.java,service,cpu:=180000000  rt:=180789524,cloudfunctions,00d087f5e096f10c047c63271bf3ad0a02126a02b2e38fa8048979e18ea67d746ffa403f88d9a80d0fd5b28bb55609f2a74100003294e282c98f0e4563ee611fd74e6e,projects/modellearning/logs/run.googleapis.com%2Fstdout,,2024-02-29T20:24:06.700747103Z,sscartquery,northamerica-northeast1,modellearning,sscartquery-00011-jzl,sscartquery,cloud_run_revision,INFO,functions/Logic.java,2024-02-29T20:24:06.590912Z
65e0e7e60008958660225141,functions/Logic.java,service,cpu:=2330000000  rt:=2456680862,cloudfunctions,00d087f5e0fb53247b367efd3d5bd3eb6ec2079ea1f90edc419a49866437bf458cfeca444aeaa3b7daf5636b05c06cb47d5f161f950d27b45213cc036890ef6262ebf3,projects/modellearning/logs/run.googleapis.com%2Fstdout,,2024-02-29T20:24:06.700747103Z,sscartquery,northamerica-northeast1,modellearning,sscartquery-00011-jzl,sscartquery,cloud_run_revision,INFO,functions/Logic.java,2024-02-29T20:24:06.562566Z
65e0e7e60006d3979fc913f9,functions/Logic.java,service,cpu:=850000000  rt:=885908952,cloudfunctions,00d087f5e04921ffa2ae878763f0217abb165fe4fe9a2e8a027ba11aed30e41dbddf4fc8615626ade2ce81a05b33cc0543a90b189fc41ef2749e7ddb07fe1c9b9eae6c,projects/modellearning/logs/run.googleapis.com%2Fstdout,,2024-02-29T20:24:06.700747103Z,sscartquery,northamerica-northeast1,modellearning,sscartquery-00011-jzl,sscartquery,cloud_run_revision,INFO,functions/Logic.java,2024-02-29T20:24:06.447383Z
65e0e7e60006b9e4179a7569,functions/Logic.java,service,cpu:=1290000000  rt:=1378285797,cloudfunctions,00d087f5e07bdae58c1f4da3364551cac54ac5362bf1a9581e7d4bf9a32f14aae9b89d873ef09e84a16dbd253a49be122c24eb757e668e06c6c2cc19262d914e45e911,projects/modellearning/logs/run.googleapis.com%2Fstdout,,2024-02-29T20:24:06.700747103Z,sscartquery,northamerica-northeast1,modellearning,sscartquery-00011-jzl,sscartquery,cloud_run_revision,INFO,functions/Logic.java,2024-02-29T20:24:06.440804Z
65e0e7e60006ad6f9e0c3541,functions/Logic.java,service,cpu:=160000000  rt:=159836607,cloudfunctions,00d087f5e0b82d4393d4a7bbb7f14727933f8b96724a91b37d40394984760349848f0c657a1b55ad143d87d15617c08a8ba76acddb65a7eb3b550a40e4aceccdfb8d33,projects/modellearning/logs/run.googleapis.com%2Fstdout,,2024-02-29T20:24:06.700747103Z,sscartquery,northamerica-northeast1,modellearning,sscartquery-00011-jzl,sscartquery,cloud_run_revision,INFO,functions/Logic.java,2024-02-29T20:24:06.437615Z
65e0e7e60006380acdedefb2,functions/Logic.java,service,cpu:=360000000  rt:=399924614,cloudfunctions,00d087f5e0508b90f669d2e778e5edb119d2cf95bbdf1d474990a4029916e734b09cb9a2fbea2793facea51d590b84a7b32d827e55698dd1314956e833b1573e692dea,projects/modellearning/logs/run.googleapis.com%2Fstdout,,2024-02-29T20:24:06.700747103Z,sscartquery,northamerica-northeast1,modellearning,sscartquery-00011-jzl,sscartquery,cloud_run_revision,INFO,functions/Logic.java,2024-02-29T20:24:06.407562Z
65e0e7e600018a4b02c65381,functions/Logic.java,service,cpu:=70000000  rt:=69062702,cloudfunctions,00d087f5e096f10c047c63271bf3ad0a02126a02b2e38fa8048979e18ea67d746ffa403f88d9a80d0fd5b28bb55609f2a74100003294e282c98f0e4563ee611fd74e6e,projects/modellearning/logs/run.googleapis.com%2Fstdout,,2024-02-29T20:24:06.368314267Z,sscartquery,northamerica-northeast1,modellearning,sscartquery-00011-jzl,sscartquery,cloud_run_revision,INFO,functions/Logic.java,2024-02-29T20:24:06.100939Z
65e0e7e5000cbb0ee4cb843a,functions/Logic.java,service,cpu:=1680000000  rt:=2890560480,cloudfunctions,00d087f5e0b82d4393d4a7bbb7f14727933f8b96724a91b37d40394984760349848f0c657a1b55ad143d87d15617c08a8ba76acddb65a7eb3b550a40e4aceccdfb8d33,projects/modellearning/logs/run.googleapis.com%2Fstdout,,2024-02-29T20:24:06.034752514Z,sscartquery,northamerica-northeast1,modellearning,sscartquery-00011-jzl,sscartquery,cloud_run_revision,INFO,functions/Logic.java,2024-02-29T20:24:05.834318Z
65e0e7e50009dbca8f33a172,functions/Logic.java,service,cpu:=630000000  rt:=671461031,cloudfunctions,00d087f5e0c28364f40a88ea65440fad99d864800ea3cc4f8b70fe4c04ce8ea9bd6aa21cc40c9f2508c1dde8fc79b324f27e029f2d84aed35c039754a5d33a775a009f,projects/modellearning/logs/run.googleapis.com%2Fstdout,,2024-02-29T20:24:05.702485738Z,sscartquery,northamerica-northeast1,modellearning,sscartquery-00011-jzl,sscartquery,cloud_run_revision,INFO,functions/Logic.java,2024-02-29T20:24:05.646090Z
65e0e7e500051ac874f5ba46,functions/Logic.java,service,cpu:=-4810000000  rt:=2390522166,cloudfunctions,00d087f5e0b82d4393d4a7bbb7f14727933f8b96724a91b37d40394984760349848f0c657a1b55ad143d87d15617c08a8ba76acddb65a7eb3b550a40e4aceccdfb8d33,projects/modellearning/logs/run.googleapis.com%2Fstdout,,2024-02-29T20:24:05.368874603Z,sscartquery,northamerica-northeast1,modellearning,sscartquery-00011-jzl,sscartquery,cloud_run_revision,INFO,functions/Logic.java,2024-02-29T20:24:05.334536Z
65e0e7e50004601750c7eae1,functions/Logic.java,service,cpu:=510000000  rt:=517967726,cloudfunctions,00d087f5e096f10c047c63271bf3ad0a02126a02b2e38fa8048979e18ea67d746ffa403f88d9a80d0fd5b28bb55609f2a74100003294e282c98f0e4563ee611fd74e6e,projects/modellearning/logs/run.googleapis.com%2Fstdout,,2024-02-29T20:24:05.368874603Z,sscartquery,northamerica-northeast1,modellearning,sscartquery-00011-jzl,sscartquery,cloud_run_revision,INFO,functions/Logic.java,2024-02-29T20:24:05.286743Z
65e0e7e500029cd1da042d6f,functions/Logic.java,service,cpu:=230000000  rt:=232992144,cloudfunctions,00d087f5e0508b90f669d2e778e5edb119d2cf95bbdf1d474990a4029916e734b09cb9a2fbea2793facea51d590b84a7b32d827e55698dd1314956e833b1573e692dea,projects/modellearning/logs/run.googleapis.com%2Fstdout,,2024-02-29T20:24:05.368874603Z,sscartquery,northamerica-northeast1,modellearning,sscartquery-00011-jzl,sscartquery,cloud_run_revision,INFO,functions/Logic.java,2024-02-29T20:24:05.171217Z
65e0e7e50002572bb24868fb,functions/Logic.java,service,cpu:=1560000000  rt:=1613006353,cloudfunctions,00d087f5e04921ffa2ae878763f0217abb165fe4fe9a2e8a027ba11aed30e41dbddf4fc8615626ade2ce81a05b33cc0543a90b189fc41ef2749e7ddb07fe1c9b9eae6c,projects/modellearning/logs/run.googleapis.com%2Fstdout,,2024-02-29T20:24:05.368874603Z,sscartquery,northamerica-northeast1,modellearning,sscartquery-00011-jzl,sscartquery,cloud_run_revision,INFO,functions/Logic.java,2024-02-29T20:24:05.153387Z
65e0e7e50000c67f9d11ec28,functions/Logic.java,service,cpu:=2150000000  rt:=2218693475,cloudfunctions,00d087f5e07bdae58c1f4da3364551cac54ac5362bf1a9581e7d4bf9a32f14aae9b89d873ef09e84a16dbd253a49be122c24eb757e668e06c6c2cc19262d914e45e911,projects/modellearning/logs/run.googleapis.com%2Fstdout,,2024-02-29T20:24:05.368874603Z,sscartquery,northamerica-northeast1,modellearning,sscartquery-00011-jzl,sscartquery,cloud_run_revision,INFO,functions/Logic.java,2024-02-29T20:24:05.050815Z
65e0e7e4000cd3cac969a44e,functions/Logic.java,service,cpu:=500000000  rt:=509843231,cloudfunctions,00d087f5e0c28364f40a88ea65440fad99d864800ea3cc4f8b70fe4c04ce8ea9bd6aa21cc40c9f2508c1dde8fc79b324f27e029f2d84aed35c039754a5d33a775a009f,projects/modellearning/logs/run.googleapis.com%2Fstdout,,2024-02-29T20:24:05.036242874Z,sscartquery,northamerica-northeast1,modellearning,sscartquery-00011-jzl,sscartquery,cloud_run_revision,INFO,functions/Logic.java,2024-02-29T20:24:04.840650Z
65e0e7e40009e806de6393e2,functions/Logic.java,service,cpu:=1670000000  rt:=1708028810,cloudfunctions,00d087f5e0508b90f669d2e778e5edb119d2cf95bbdf1d474990a4029916e734b09cb9a2fbea2793facea51d590b84a7b32d827e55698dd1314956e833b1573e692dea,projects/modellearning/logs/run.googleapis.com%2Fstdout,,2024-02-29T20:24:04.703152109Z,sscartquery,northamerica-northeast1,modellearning,sscartquery-00011-jzl,sscartquery,cloud_run_revision,INFO,functions/Logic.java,2024-02-29T20:24:04.649222Z
65e0e7e4000828066730e840,functions/Logic.java,service,cpu:=570000000  rt:=592706666,cloudfunctions,00d087f5e06379a276e4a585f3c5060b28341f9ba1aae00b35146eef3c6bfe293ee854779cb36f3cc9ba10b75867900165815dba5f5fb35677f9397372dd0e41039340,projects/modellearning/logs/run.googleapis.com%2Fstdout,,2024-02-29T20:24:04.703152109Z,sscartquery,northamerica-northeast1,modellearning,sscartquery-00011-jzl,sscartquery,cloud_run_revision,INFO,functions/Logic.java,2024-02-29T20:24:04.534534Z
65e0e7e40007bf7436cd856e,functions/Logic.java,service,cpu:=1050000000  rt:=1505795570,cloudfunctions,00d087f5e096f10c047c63271bf3ad0a02126a02b2e38fa8048979e18ea67d746ffa403f88d9a80d0fd5b28bb55609f2a74100003294e282c98f0e4563ee611fd74e6e,projects/modellearning/logs/run.googleapis.com%2Fstdout,,2024-02-29T20:24:04.703152109Z,sscartquery,northamerica-northeast1,modellearning,sscartquery-00011-jzl,sscartquery,cloud_run_revision,INFO,functions/Logic.java,2024-02-29T20:24:04.507764Z
65e0e7e40004171548d1efd7,functions/Logic.java,service,cpu:=70000000  rt:=63756328,cloudfunctions,00d087f5e0c28364f40a88ea65440fad99d864800ea3cc4f8b70fe4c04ce8ea9bd6aa21cc40c9f2508c1dde8fc79b324f27e029f2d84aed35c039754a5d33a775a009f,projects/modellearning/logs/run.googleapis.com%2Fstdout,,2024-02-29T20:24:04.370566873Z,sscartquery,northamerica-northeast1,modellearning,sscartquery-00011-jzl,sscartquery,cloud_run_revision,INFO,functions/Logic.java,2024-02-29T20:24:04.268053Z
65e0e7e40001749edb50c527,functions/Logic.java,service,cpu:=350000000  rt:=363749154,cloudfunctions,00d087f5e0c28364f40a88ea65440fad99d864800ea3cc4f8b70fe4c04ce8ea9bd6aa21cc40c9f2508c1dde8fc79b324f27e029f2d84aed35c039754a5d33a775a009f,projects/modellearning/logs/run.googleapis.com%2Fstdout,,2024-02-29T20:24:04.370566873Z,sscartquery,northamerica-northeast1,modellearning,sscartquery-00011-jzl,sscartquery,cloud_run_revision,INFO,functions/Logic.java,2024-02-29T20:24:04.095390Z
65e0e7e3000e8103898e6c76,functions/Logic.java,service,cpu:=640000000  rt:=2492488928,cloudfunctions,00d087f5e0fb53247b367efd3d5bd3eb6ec2079ea1f90edc419a49866437bf458cfeca444aeaa3b7daf5636b05c06cb47d5f161f950d27b45213cc036890ef6262ebf3,projects/modellearning/logs/run.googleapis.com%2Fstdout,,2024-02-29T20:24:04.037838456Z,sscartquery,northamerica-northeast1,modellearning,sscartquery-00011-jzl,sscartquery,cloud_run_revision,INFO,functions/Logic.java,2024-02-29T20:24:03.950531Z
65e0e7e3000ddf110ac0e775,functions/Logic.java,service,cpu:=1310000000  rt:=1342961737,cloudfunctions,00d087f5e025f1412d457ac9df76d9971bbb653901e64de3964b6771b432461e319b79b0f00c478208807a6c7a3fbf8874fe0596d4f63281afed598300217590a2678e,projects/modellearning/logs/run.googleapis.com%2Fstdout,,2024-02-29T20:24:04.037838456Z,sscartquery,northamerica-northeast1,modellearning,sscartquery-00011-jzl,sscartquery,cloud_run_revision,INFO,functions/Logic.java,2024-02-29T20:24:03.909073Z
65e0e7e3000bd94c276056e1,functions/Logic.java,service,cpu:=250000000  rt:=254846283,cloudfunctions,00d087f5e06379a276e4a585f3c5060b28341f9ba1aae00b35146eef3c6bfe293ee854779cb36f3cc9ba10b75867900165815dba5f5fb35677f9397372dd0e41039340,projects/modellearning/logs/run.googleapis.com%2Fstdout,,2024-02-29T20:24:04.037838456Z,sscartquery,northamerica-northeast1,modellearning,sscartquery-00011-jzl,sscartquery,cloud_run_revision,INFO,functions/Logic.java,2024-02-29T20:24:03.776524Z
65e0e7e3000b3563bb995cf3,functions/Logic.java,service,cpu:=4120000000  rt:=732604604,cloudfunctions,00d087f5e096f10c047c63271bf3ad0a02126a02b2e38fa8048979e18ea67d746ffa403f88d9a80d0fd5b28bb55609f2a74100003294e282c98f0e4563ee611fd74e6e,projects/modellearning/logs/run.googleapis.com%2Fstdout,,2024-02-29T20:24:04.037838456Z,sscartquery,northamerica-northeast1,modellearning,sscartquery-00011-jzl,sscartquery,cloud_run_revision,INFO,functions/Logic.java,2024-02-29T20:24:03.734563Z
65e0e7e3000909a57cc59daf,functions/Logic.java,service,cpu:=1560000000  rt:=1620325636,cloudfunctions,00d087f5e0c28364f40a88ea65440fad99d864800ea3cc4f8b70fe4c04ce8ea9bd6aa21cc40c9f2508c1dde8fc79b324f27e029f2d84aed35c039754a5d33a775a009f,projects/modellearning/logs/run.googleapis.com%2Fstdout,,2024-02-29T20:24:03.704026742Z,sscartquery,northamerica-northeast1,modellearning,sscartquery-00011-jzl,sscartquery,cloud_run_revision,INFO,functions/Logic.java,2024-02-29T20:24:03.592293Z
65e0e7e30004b9e127186924,functions/Logic.java,service,cpu:=2590000000  rt:=2677132620,cloudfunctions,00d087f5e04921ffa2ae878763f0217abb165fe4fe9a2e8a027ba11aed30e41dbddf4fc8615626ade2ce81a05b33cc0543a90b189fc41ef2749e7ddb07fe1c9b9eae6c,projects/modellearning/logs/run.googleapis.com%2Fstdout,,2024-02-29T20:24:03.371191088Z,sscartquery,northamerica-northeast1,modellearning,sscartquery-00011-jzl,sscartquery,cloud_run_revision,INFO,functions/Logic.java,2024-02-29T20:24:03.309729Z
65e0e7e30002db8c3cfa9a77,functions/Logic.java,service,cpu:=1030000000  rt:=1067606236,cloudfunctions,00d087f5e06379a276e4a585f3c5060b28341f9ba1aae00b35146eef3c6bfe293ee854779cb36f3cc9ba10b75867900165815dba5f5fb35677f9397372dd0e41039340,projects/modellearning/logs/run.googleapis.com%2Fstdout,,2024-02-29T20:24:03.371191088Z,sscartquery,northamerica-northeast1,modellearning,sscartquery-00011-jzl,sscartquery,cloud_run_revision,INFO,functions/Logic.java,2024-02-29T20:24:03.187276Z
65e0e7e300008919bca4b116,functions/Logic.java,service,cpu:=690000000  rt:=1575729510,cloudfunctions,00d087f5e0fb53247b367efd3d5bd3eb6ec2079ea1f90edc419a49866437bf458cfeca444aeaa3b7daf5636b05c06cb47d5f161f950d27b45213cc036890ef6262ebf3,projects/modellearning/logs/run.googleapis.com%2Fstdout,,2024-02-29T20:24:03.037543568Z,sscartquery,northamerica-northeast1,modellearning,sscartquery-00011-jzl,sscartquery,cloud_run_revision,INFO,functions/Logic.java,2024-02-29T20:24:03.035097Z
65e0e7e2000e423a4239648d,functions/Logic.java,service,cpu:=70000000  rt:=225935125,cloudfunctions,00d087f5e0b82d4393d4a7bbb7f14727933f8b96724a91b37d40394984760349848f0c657a1b55ad143d87d15617c08a8ba76acddb65a7eb3b550a40e4aceccdfb8d33,projects/modellearning/logs/run.googleapis.com%2Fstdout,,2024-02-29T20:24:03.037543568Z,sscartquery,northamerica-northeast1,modellearning,sscartquery-00011-jzl,sscartquery,cloud_run_revision,INFO,functions/Logic.java,2024-02-29T20:24:02.934458Z
65e0e7e2000d0052dce49444,functions/Logic.java,service,cpu:=480000000  rt:=484170332,cloudfunctions,00d087f5e0508b90f669d2e778e5edb119d2cf95bbdf1d474990a4029916e734b09cb9a2fbea2793facea51d590b84a7b32d827e55698dd1314956e833b1573e692dea,projects/modellearning/logs/run.googleapis.com%2Fstdout,,2024-02-29T20:24:03.037543568Z,sscartquery,northamerica-northeast1,modellearning,sscartquery-00011-jzl,sscartquery,cloud_run_revision,INFO,functions/Logic.java,2024-02-29T20:24:02.852050Z
65e0e7e2000b776f9fdf68a3,functions/Logic.java,service,cpu:=13060000000  rt:=4925046679,cloudfunctions,00d087f5e07bdae58c1f4da3364551cac54ac5362bf1a9581e7d4bf9a32f14aae9b89d873ef09e84a16dbd253a49be122c24eb757e668e06c6c2cc19262d914e45e911,projects/modellearning/logs/run.googleapis.com%2Fstdout,,2024-02-29T20:24:03.037543568Z,sscartquery,northamerica-northeast1,modellearning,sscartquery-00011-jzl,sscartquery,cloud_run_revision,INFO,functions/Logic.java,2024-02-29T20:24:02.751471Z
65e0e7e20007a185ab5cc162,functions/Logic.java,service,cpu:=250000000  rt:=294407396,cloudfunctions,00d087f5e0b82d4393d4a7bbb7f14727933f8b96724a91b37d40394984760349848f0c657a1b55ad143d87d15617c08a8ba76acddb65a7eb3b550a40e4aceccdfb8d33,projects/modellearning/logs/run.googleapis.com%2Fstdout,,2024-02-29T20:24:02.705119268Z,sscartquery,northamerica-northeast1,modellearning,sscartquery-00011-jzl,sscartquery,cloud_run_revision,INFO,functions/Logic.java,2024-02-29T20:24:02.500101Z
65e0e7e200051afed19f0731,functions/Logic.java,service,cpu:=5930000000  rt:=128614821,cloudfunctions,00d087f5e0b82d4393d4a7bbb7f14727933f8b96724a91b37d40394984760349848f0c657a1b55ad143d87d15617c08a8ba76acddb65a7eb3b550a40e4aceccdfb8d33,projects/modellearning/logs/run.googleapis.com%2Fstdout,,2024-02-29T20:24:02.371579288Z,sscartquery,northamerica-northeast1,modellearning,sscartquery-00011-jzl,sscartquery,cloud_run_revision,INFO,functions/Logic.java,2024-02-29T20:24:02.334590Z
65e0e7e20004b3606bcf3da2,functions/Logic.java,service,cpu:=1310000000  rt:=1335373524,cloudfunctions,00d087f5e025f1412d457ac9df76d9971bbb653901e64de3964b6771b432461e319b79b0f00c478208807a6c7a3fbf8874fe0596d4f63281afed598300217590a2678e,projects/modellearning/logs/run.googleapis.com%2Fstdout,,2024-02-29T20:24:02.371579288Z,sscartquery,northamerica-northeast1,modellearning,sscartquery-00011-jzl,sscartquery,cloud_run_revision,INFO,functions/Logic.java,2024-02-29T20:24:02.308064Z
65e0e7e200044d28153069a3,functions/Logic.java,service,cpu:=320000000  rt:=317528781,cloudfunctions,00d087f5e096f10c047c63271bf3ad0a02126a02b2e38fa8048979e18ea67d746ffa403f88d9a80d0fd5b28bb55609f2a74100003294e282c98f0e4563ee611fd74e6e,projects/modellearning/logs/run.googleapis.com%2Fstdout,,2024-02-29T20:24:02.371579288Z,sscartquery,northamerica-northeast1,modellearning,sscartquery-00011-jzl,sscartquery,cloud_run_revision,INFO,functions/Logic.java,2024-02-29T20:24:02.281896Z
65e0e7e200030d3f7db5302b,functions/Logic.java,service,cpu:=2930000000  rt:=3037156507,cloudfunctions,00d087f5e0508b90f669d2e778e5edb119d2cf95bbdf1d474990a4029916e734b09cb9a2fbea2793facea51d590b84a7b32d827e55698dd1314956e833b1573e692dea,projects/modellearning/logs/run.googleapis.com%2Fstdout,,2024-02-29T20:24:02.371579288Z,sscartquery,northamerica-northeast1,modellearning,sscartquery-00011-jzl,sscartquery,cloud_run_revision,INFO,functions/Logic.java,2024-02-29T20:24:02.199999Z
65e0e7e2000087c072be18e6,functions/Logic.java,service,cpu:=360000000  rt:=376771122,cloudfunctions,00d087f5e06379a276e4a585f3c5060b28341f9ba1aae00b35146eef3c6bfe293ee854779cb36f3cc9ba10b75867900165815dba5f5fb35677f9397372dd0e41039340,projects/modellearning/logs/run.googleapis.com%2Fstdout,,2024-02-29T20:24:02.037371752Z,sscartquery,northamerica-northeast1,modellearning,sscartquery-00011-jzl,sscartquery,cloud_run_revision,INFO,functions/Logic.java,2024-02-29T20:24:02.034752Z
65e0e7e2000086f118cf1c2d,functions/Logic.java,service,cpu:=2110000000  rt:=4208194172,cloudfunctions,00d087f5e07bdae58c1f4da3364551cac54ac5362bf1a9581e7d4bf9a32f14aae9b89d873ef09e84a16dbd253a49be122c24eb757e668e06c6c2cc19262d914e45e911,projects/modellearning/logs/run.googleapis.com%2Fstdout,,2024-02-29T20:24:02.037371752Z,sscartquery,northamerica-northeast1,modellearning,sscartquery-00011-jzl,sscartquery,cloud_run_revision,INFO,functions/Logic.java,2024-02-29T20:24:02.034545Z
65e0e7e1000bcffab4516f69,functions/Logic.java,service,cpu:=180000000  rt:=199952636,cloudfunctions,00d087f5e096f10c047c63271bf3ad0a02126a02b2e38fa8048979e18ea67d746ffa403f88d9a80d0fd5b28bb55609f2a74100003294e282c98f0e4563ee611fd74e6e,projects/modellearning/logs/run.googleapis.com%2Fstdout,,2024-02-29T20:24:02.037371752Z,sscartquery,northamerica-northeast1,modellearning,sscartquery-00011-jzl,sscartquery,cloud_run_revision,INFO,functions/Logic.java,2024-02-29T20:24:01.774138Z
65e0e7e10002586d09581d14,functions/Logic.java,service,cpu:=2240000000  rt:=2653121820,cloudfunctions,00d087f5e0c28364f40a88ea65440fad99d864800ea3cc4f8b70fe4c04ce8ea9bd6aa21cc40c9f2508c1dde8fc79b324f27e029f2d84aed35c039754a5d33a775a009f,projects/modellearning/logs/run.googleapis.com%2Fstdout,,2024-02-29T20:24:01.371116371Z,sscartquery,northamerica-northeast1,modellearning,sscartquery-00011-jzl,sscartquery,cloud_run_revision,INFO,functions/Logic.java,2024-02-29T20:24:01.153709Z
65e0e7e00009ae468c828f0b,functions/Logic.java,service,cpu:=140000000  rt:=137239333,cloudfunctions,00d087f5e0fb53247b367efd3d5bd3eb6ec2079ea1f90edc419a49866437bf458cfeca444aeaa3b7daf5636b05c06cb47d5f161f950d27b45213cc036890ef6262ebf3,projects/modellearning/logs/run.googleapis.com%2Fstdout,,2024-02-29T20:24:00.705265201Z,sscartquery,northamerica-northeast1,modellearning,sscartquery-00011-jzl,sscartquery,cloud_run_revision,INFO,functions/Logic.java,2024-02-29T20:24:00.634438Z
65e0e7e000074ff9796006ed,functions/Logic.java,service,cpu:=230000000  rt:=229059583,cloudfunctions,00d087f5e0fb53247b367efd3d5bd3eb6ec2079ea1f90edc419a49866437bf458cfeca444aeaa3b7daf5636b05c06cb47d5f161f950d27b45213cc036890ef6262ebf3,projects/modellearning/logs/run.googleapis.com%2Fstdout,,2024-02-29T20:24:00.705265201Z,sscartquery,northamerica-northeast1,modellearning,sscartquery-00011-jzl,sscartquery,cloud_run_revision,INFO,functions/Logic.java,2024-02-29T20:24:00.479225Z
65e0e7e00004ad9e7637bb97,functions/Logic.java,service,cpu:=670000000  rt:=701575131,cloudfunctions,00d087f5e0b82d4393d4a7bbb7f14727933f8b96724a91b37d40394984760349848f0c657a1b55ad143d87d15617c08a8ba76acddb65a7eb3b550a40e4aceccdfb8d33,projects/modellearning/logs/run.googleapis.com%2Fstdout,,2024-02-29T20:24:00.372169864Z,sscartquery,northamerica-northeast1,modellearning,sscartquery-00011-jzl,sscartquery,cloud_run_revision,INFO,functions/Logic.java,2024-02-29T20:24:00.306590Z
65e0e7e00000fdfd06df814f,functions/Logic.java,service,cpu:=3280000000  rt:=6097595065,cloudfunctions,00d087f5e0d2ec86d3e5125cd7f8c8da0159c6c9245f96f8b661fd58a2c43ac7b7746cbd693c48c899aa0e18c79c8f6e29e46ee53925108e8c6a70ca451f1b05c9a9d7,projects/modellearning/logs/run.googleapis.com%2Fstdout,,2024-02-29T20:24:00.372169864Z,sscartquery,northamerica-northeast1,modellearning,sscartquery-00011-jzl,sscartquery,cloud_run_revision,INFO,functions/Logic.java,2024-02-29T20:24:00.065021Z
65e0e7e0000086aacfe5c823,functions/Logic.java,service,cpu:=240000000  rt:=247909059,cloudfunctions,00d087f5e0fb53247b367efd3d5bd3eb6ec2079ea1f90edc419a49866437bf458cfeca444aeaa3b7daf5636b05c06cb47d5f161f950d27b45213cc036890ef6262ebf3,projects/modellearning/logs/run.googleapis.com%2Fstdout,,2024-02-29T20:24:00.039160104Z,sscartquery,northamerica-northeast1,modellearning,sscartquery-00011-jzl,sscartquery,cloud_run_revision,INFO,functions/Logic.java,2024-02-29T20:24:00.034474Z
65e0e7e0000086a91aaaff37,functions/Logic.java,service,cpu:=850000000  rt:=1533717227,cloudfunctions,00d087f5e0c28364f40a88ea65440fad99d864800ea3cc4f8b70fe4c04ce8ea9bd6aa21cc40c9f2508c1dde8fc79b324f27e029f2d84aed35c039754a5d33a775a009f,projects/modellearning/logs/run.googleapis.com%2Fstdout,,2024-02-29T20:24:00.039160104Z,sscartquery,northamerica-northeast1,modellearning,sscartquery-00011-jzl,sscartquery,cloud_run_revision,INFO,functions/Logic.java,2024-02-29T20:24:00.034473Z
65e0e7df000d7aef27fe12d4,functions/Logic.java,service,cpu:=470000000  rt:=476769150,cloudfunctions,00d087f5e06379a276e4a585f3c5060b28341f9ba1aae00b35146eef3c6bfe293ee854779cb36f3cc9ba10b75867900165815dba5f5fb35677f9397372dd0e41039340,projects/modellearning/logs/run.googleapis.com%2Fstdout,,2024-02-29T20:24:00.039160104Z,sscartquery,northamerica-northeast1,modellearning,sscartquery-00011-jzl,sscartquery,cloud_run_revision,INFO,functions/Logic.java,2024-02-29T20:23:59.883439Z
65e0e7df000bdbcf94378068,functions/Logic.java,service,cpu:=970000000  rt:=1621355250,cloudfunctions,00d087f5e096f10c047c63271bf3ad0a02126a02b2e38fa8048979e18ea67d746ffa403f88d9a80d0fd5b28bb55609f2a74100003294e282c98f0e4563ee611fd74e6e,projects/modellearning/logs/run.googleapis.com%2Fstdout,,2024-02-29T20:24:00.039160104Z,sscartquery,northamerica-northeast1,modellearning,sscartquery-00011-jzl,sscartquery,cloud_run_revision,INFO,functions/Logic.java,2024-02-29T20:23:59.777167Z
65e0e7df000b3495362bd985,functions/Logic.java,service,cpu:=4430000000  rt:=2202277276,cloudfunctions,00d087f5e0fb53247b367efd3d5bd3eb6ec2079ea1f90edc419a49866437bf458cfeca444aeaa3b7daf5636b05c06cb47d5f161f950d27b45213cc036890ef6262ebf3,projects/modellearning/logs/run.googleapis.com%2Fstdout,,2024-02-29T20:24:00.039160104Z,sscartquery,northamerica-northeast1,modellearning,sscartquery-00011-jzl,sscartquery,cloud_run_revision,INFO,functions/Logic.java,2024-02-29T20:23:59.734357Z
65e0e7df0008e1cb5e5d32d2,functions/Logic.java,service,cpu:=990000000  rt:=1276427315,cloudfunctions,00d087f5e025f1412d457ac9df76d9971bbb653901e64de3964b6771b432461e319b79b0f00c478208807a6c7a3fbf8874fe0596d4f63281afed598300217590a2678e,projects/modellearning/logs/run.googleapis.com%2Fstdout,,2024-02-29T20:23:59.706926888Z,sscartquery,northamerica-northeast1,modellearning,sscartquery-00011-jzl,sscartquery,cloud_run_revision,INFO,functions/Logic.java,2024-02-29T20:23:59.582091Z
65e0e7df00051a6cfb639781,functions/Logic.java,service,cpu:=3700000000  rt:=1178635997,cloudfunctions,00d087f5e096f10c047c63271bf3ad0a02126a02b2e38fa8048979e18ea67d746ffa403f88d9a80d0fd5b28bb55609f2a74100003294e282c98f0e4563ee611fd74e6e,projects/modellearning/logs/run.googleapis.com%2Fstdout,,2024-02-29T20:23:59.373334884Z,sscartquery,northamerica-northeast1,modellearning,sscartquery-00011-jzl,sscartquery,cloud_run_revision,INFO,functions/Logic.java,2024-02-29T20:23:59.334444Z
65e0e7df0004478a25584e7f,functions/Logic.java,service,cpu:=3620000000  rt:=3425106432,cloudfunctions,00d087f5e0931dfa9c28b1435b1edaff730b07b179f08d0ce6f7e181791dfaff7e1b3fe5d079114283831c72f18d89fc219db1445f90443b55b45100e3925c5e0fa32e,projects/modellearning/logs/run.googleapis.com%2Fstdout,,2024-02-29T20:23:59.373334884Z,sscartquery,northamerica-northeast1,modellearning,sscartquery-00011-jzl,sscartquery,cloud_run_revision,INFO,functions/Logic.java,2024-02-29T20:23:59.280458Z
65e0e7df000409f61cca9897,functions/Logic.java,service,cpu:=190000000  rt:=185902825,cloudfunctions,00d087f5e04921ffa2ae878763f0217abb165fe4fe9a2e8a027ba11aed30e41dbddf4fc8615626ade2ce81a05b33cc0543a90b189fc41ef2749e7ddb07fe1c9b9eae6c,projects/modellearning/logs/run.googleapis.com%2Fstdout,,2024-02-29T20:23:59.373334884Z,sscartquery,northamerica-northeast1,modellearning,sscartquery-00011-jzl,sscartquery,cloud_run_revision,INFO,functions/Logic.java,2024-02-29T20:23:59.264694Z
65e0e7df000265b905b3a9c9,functions/Logic.java,service,cpu:=2200000000  rt:=2280739997,cloudfunctions,00d087f5e0b82d4393d4a7bbb7f14727933f8b96724a91b37d40394984760349848f0c657a1b55ad143d87d15617c08a8ba76acddb65a7eb3b550a40e4aceccdfb8d33,projects/modellearning/logs/run.googleapis.com%2Fstdout,,2024-02-29T20:23:59.373334884Z,sscartquery,northamerica-northeast1,modellearning,sscartquery-00011-jzl,sscartquery,cloud_run_revision,INFO,functions/Logic.java,2024-02-29T20:23:59.157113Z
65e0e7df0000b4cc914ffa4f,functions/Logic.java,service,cpu:=-7240000000  rt:=740350719,cloudfunctions,00d087f5e025f1412d457ac9df76d9971bbb653901e64de3964b6771b432461e319b79b0f00c478208807a6c7a3fbf8874fe0596d4f63281afed598300217590a2678e,projects/modellearning/logs/run.googleapis.com%2Fstdout,,2024-02-29T20:23:59.373334884Z,sscartquery,northamerica-northeast1,modellearning,sscartquery-00011-jzl,sscartquery,cloud_run_revision,INFO,functions/Logic.java,2024-02-29T20:23:59.046284Z
65e0e7df0000874661109547,functions/Logic.java,service,cpu:=1760000000  rt:=3179169050,cloudfunctions,00d087f5e0931dfa9c28b1435b1edaff730b07b179f08d0ce6f7e181791dfaff7e1b3fe5d079114283831c72f18d89fc219db1445f90443b55b45100e3925c5e0fa32e,projects/modellearning/logs/run.googleapis.com%2Fstdout,,2024-02-29T20:23:59.040002329Z,sscartquery,northamerica-northeast1,modellearning,sscartquery-00011-jzl,sscartquery,cloud_run_revision,INFO,functions/Logic.java,2024-02-29T20:23:59.034630Z
65e0e7de000ebc0c4a695b21,functions/Logic.java,service,cpu:=1700000000  rt:=1777850279,cloudfunctions,00d087f5e06379a276e4a585f3c5060b28341f9ba1aae00b35146eef3c6bfe293ee854779cb36f3cc9ba10b75867900165815dba5f5fb35677f9397372dd0e41039340,projects/modellearning/logs/run.googleapis.com%2Fstdout,,2024-02-29T20:23:59.040002329Z,sscartquery,northamerica-northeast1,modellearning,sscartquery-00011-jzl,sscartquery,cloud_run_revision,INFO,functions/Logic.java,2024-02-29T20:23:58.965644Z
65e0e7de000d3398e36cc0af,functions/Logic.java,service,cpu:=60000000  rt:=60167777,cloudfunctions,00d087f5e0508b90f669d2e778e5edb119d2cf95bbdf1d474990a4029916e734b09cb9a2fbea2793facea51d590b84a7b32d827e55698dd1314956e833b1573e692dea,projects/modellearning/logs/run.googleapis.com%2Fstdout,,2024-02-29T20:23:59.040002329Z,sscartquery,northamerica-northeast1,modellearning,sscartquery-00011-jzl,sscartquery,cloud_run_revision,INFO,functions/Logic.java,2024-02-29T20:23:58.865176Z
65e0e7de000cf1bc3662ed04,functions/Logic.java,service,cpu:=470000000  rt:=646802813,cloudfunctions,00d087f5e04921ffa2ae878763f0217abb165fe4fe9a2e8a027ba11aed30e41dbddf4fc8615626ade2ce81a05b33cc0543a90b189fc41ef2749e7ddb07fe1c9b9eae6c,projects/modellearning/logs/run.googleapis.com%2Fstdout,,2024-02-29T20:23:59.040002329Z,sscartquery,northamerica-northeast1,modellearning,sscartquery-00011-jzl,sscartquery,cloud_run_revision,INFO,functions/Logic.java,2024-02-29T20:23:58.848316Z
65e0e7de0009ae76289580a6,functions/Logic.java,service,cpu:=6790000000  rt:=7073496150,cloudfunctions,00d087f5e0508b90f669d2e778e5edb119d2cf95bbdf1d474990a4029916e734b09cb9a2fbea2793facea51d590b84a7b32d827e55698dd1314956e833b1573e692dea,projects/modellearning/logs/run.googleapis.com%2Fstdout,,2024-02-29T20:23:58.708861824Z,sscartquery,northamerica-northeast1,modellearning,sscartquery-00011-jzl,sscartquery,cloud_run_revision,INFO,functions/Logic.java,2024-02-29T20:23:58.634486Z
65e0e7de0006a54cf9c36dd1,functions/Logic.java,service,cpu:=-1460000000  rt:=234248336,cloudfunctions,00d087f5e04921ffa2ae878763f0217abb165fe4fe9a2e8a027ba11aed30e41dbddf4fc8615626ade2ce81a05b33cc0543a90b189fc41ef2749e7ddb07fe1c9b9eae6c,projects/modellearning/logs/run.googleapis.com%2Fstdout,,2024-02-29T20:23:58.708861824Z,sscartquery,northamerica-northeast1,modellearning,sscartquery-00011-jzl,sscartquery,cloud_run_revision,INFO,functions/Logic.java,2024-02-29T20:23:58.435532Z
65e0e7de000394cb66e54639,functions/Logic.java,service,cpu:=-3940000000  rt:=4267975987,cloudfunctions,00d087f5e0d2ec86d3e5125cd7f8c8da0159c6c9245f96f8b661fd58a2c43ac7b7746cbd693c48c899aa0e18c79c8f6e29e46ee53925108e8c6a70ca451f1b05c9a9d7,projects/modellearning/logs/run.googleapis.com%2Fstdout,,2024-02-29T20:23:58.374048991Z,sscartquery,northamerica-northeast1,modellearning,sscartquery-00011-jzl,sscartquery,cloud_run_revision,INFO,functions/Logic.java,2024-02-29T20:23:58.234699Z
65e0e7dd000cbbe22927c089,functions/Logic.java,service,cpu:=170000000  rt:=302731236,cloudfunctions,00d087f5e0fb53247b367efd3d5bd3eb6ec2079ea1f90edc419a49866437bf458cfeca444aeaa3b7daf5636b05c06cb47d5f161f950d27b45213cc036890ef6262ebf3,projects/modellearning/logs/run.googleapis.com%2Fstdout,,2024-02-29T20:23:58.041902736Z,sscartquery,northamerica-northeast1,modellearning,sscartquery-00011-jzl,sscartquery,cloud_run_revision,INFO,functions/Logic.java,2024-02-29T20:23:57.834530Z
65e0e7dd000b9e8166fdb86e,functions/Logic.java,service,cpu:=1710000000  rt:=3779662727,cloudfunctions,00d087f5e0d2ec86d3e5125cd7f8c8da0159c6c9245f96f8b661fd58a2c43ac7b7746cbd693c48c899aa0e18c79c8f6e29e46ee53925108e8c6a70ca451f1b05c9a9d7,projects/modellearning/logs/run.googleapis.com%2Fstdout,,2024-02-29T20:23:58.041902736Z,sscartquery,northamerica-northeast1,modellearning,sscartquery-00011-jzl,sscartquery,cloud_run_revision,INFO,functions/Logic.java,2024-02-29T20:23:57.761473Z
65e0e7dd0008c44e48844198,functions/Logic.java,service,cpu:=200000000  rt:=202267887,cloudfunctions,00d087f5e025f1412d457ac9df76d9971bbb653901e64de3964b6771b432461e319b79b0f00c478208807a6c7a3fbf8874fe0596d4f63281afed598300217590a2678e,projects/modellearning/logs/run.googleapis.com%2Fstdout,,2024-02-29T20:23:57.707916510Z,sscartquery,northamerica-northeast1,modellearning,sscartquery-00011-jzl,sscartquery,cloud_run_revision,INFO,functions/Logic.java,2024-02-29T20:23:57.574542Z
65e0e7dc000d5c89940155f8,functions/Logic.java,service,cpu:=120000000  rt:=139725917,cloudfunctions,00d087f5e0fb53247b367efd3d5bd3eb6ec2079ea1f90edc419a49866437bf458cfeca444aeaa3b7daf5636b05c06cb47d5f161f950d27b45213cc036890ef6262ebf3,projects/modellearning/logs/run.googleapis.com%2Fstdout,,2024-02-29T20:23:57.043225812Z,sscartquery,northamerica-northeast1,modellearning,sscartquery-00011-jzl,sscartquery,cloud_run_revision,INFO,functions/Logic.java,2024-02-29T20:23:56.875657Z
65e0e7dc000d0b2c5b98c7cc,functions/Logic.java,service,cpu:=800000000  rt:=846365351,cloudfunctions,00d087f5e096f10c047c63271bf3ad0a02126a02b2e38fa8048979e18ea67d746ffa403f88d9a80d0fd5b28bb55609f2a74100003294e282c98f0e4563ee611fd74e6e,projects/modellearning/logs/run.googleapis.com%2Fstdout,,2024-02-29T20:23:57.043225812Z,sscartquery,northamerica-northeast1,modellearning,sscartquery-00011-jzl,sscartquery,cloud_run_revision,INFO,functions/Logic.java,2024-02-29T20:23:56.854828Z
65e0e7dc000b54b3148ccc4b,functions/Logic.java,service,cpu:=550000000  rt:=562523147,cloudfunctions,00d087f5e025f1412d457ac9df76d9971bbb653901e64de3964b6771b432461e319b79b0f00c478208807a6c7a3fbf8874fe0596d4f63281afed598300217590a2678e,projects/modellearning/logs/run.googleapis.com%2Fstdout,,2024-02-29T20:23:57.043225812Z,sscartquery,northamerica-northeast1,modellearning,sscartquery-00011-jzl,sscartquery,cloud_run_revision,INFO,functions/Logic.java,2024-02-29T20:23:56.742579Z
65e0e7dc000a1d98167e8f37,functions/Logic.java,service,cpu:=1440000000  rt:=1489385186,cloudfunctions,00d087f5e07bdae58c1f4da3364551cac54ac5362bf1a9581e7d4bf9a32f14aae9b89d873ef09e84a16dbd253a49be122c24eb757e668e06c6c2cc19262d914e45e911,projects/modellearning/logs/run.googleapis.com%2Fstdout,,2024-02-29T20:23:56.709265703Z,sscartquery,northamerica-northeast1,modellearning,sscartquery-00011-jzl,sscartquery,cloud_run_revision,INFO,functions/Logic.java,2024-02-29T20:23:56.662936Z
65e0e7dc0009af3496d39642,functions/Logic.java,service,cpu:=540000000  rt:=556956471,cloudfunctions,00d087f5e06379a276e4a585f3c5060b28341f9ba1aae00b35146eef3c6bfe293ee854779cb36f3cc9ba10b75867900165815dba5f5fb35677f9397372dd0e41039340,projects/modellearning/logs/run.googleapis.com%2Fstdout,,2024-02-29T20:23:56.709265703Z,sscartquery,northamerica-northeast1,modellearning,sscartquery-00011-jzl,sscartquery,cloud_run_revision,INFO,functions/Logic.java,2024-02-29T20:23:56.634676Z
65e0e7dc000705b20809ddb8,functions/Logic.java,service,cpu:=-100000000  rt:=595197320,cloudfunctions,00d087f5e0931dfa9c28b1435b1edaff730b07b179f08d0ce6f7e181791dfaff7e1b3fe5d079114283831c72f18d89fc219db1445f90443b55b45100e3925c5e0fa32e,projects/modellearning/logs/run.googleapis.com%2Fstdout,,2024-02-29T20:23:56.709265703Z,sscartquery,northamerica-northeast1,modellearning,sscartquery-00011-jzl,sscartquery,cloud_run_revision,INFO,functions/Logic.java,2024-02-29T20:23:56.460210Z
65e0e7dc0005f0c4f2794733,functions/Logic.java,service,cpu:=2090000000  rt:=2209696581,cloudfunctions,00d087f5e0fb53247b367efd3d5bd3eb6ec2079ea1f90edc419a49866437bf458cfeca444aeaa3b7daf5636b05c06cb47d5f161f950d27b45213cc036890ef6262ebf3,projects/modellearning/logs/run.googleapis.com%2Fstdout,,2024-02-29T20:23:56.709265703Z,sscartquery,northamerica-northeast1,modellearning,sscartquery-00011-jzl,sscartquery,cloud_run_revision,INFO,functions/Logic.java,2024-02-29T20:23:56.389316Z
65e0e7dc00051d954a3f06ee,functions/Logic.java,service,cpu:=5640000000  rt:=2456052894,cloudfunctions,00d087f5e0c28364f40a88ea65440fad99d864800ea3cc4f8b70fe4c04ce8ea9bd6aa21cc40c9f2508c1dde8fc79b324f27e029f2d84aed35c039754a5d33a775a009f,projects/modellearning/logs/run.googleapis.com%2Fstdout,,2024-02-29T20:23:56.377507619Z,sscartquery,northamerica-northeast1,modellearning,sscartquery-00011-jzl,sscartquery,cloud_run_revision,INFO,functions/Logic.java,2024-02-29T20:23:56.335253Z
65e0e7dc00044d7df586d14a,functions/Logic.java,service,cpu:=19980000000  rt:=3901021392,cloudfunctions,00d087f5e0b82d4393d4a7bbb7f14727933f8b96724a91b37d40394984760349848f0c657a1b55ad143d87d15617c08a8ba76acddb65a7eb3b550a40e4aceccdfb8d33,projects/modellearning/logs/run.googleapis.com%2Fstdout,,2024-02-29T20:23:56.377507619Z,sscartquery,northamerica-northeast1,modellearning,sscartquery-00011-jzl,sscartquery,cloud_run_revision,INFO,functions/Logic.java,2024-02-29T20:23:56.281981Z
65e0e7dc000393c8fae6ccc2,functions/Logic.java,service,cpu:=610000000  rt:=645341152,cloudfunctions,00d087f5e04921ffa2ae878763f0217abb165fe4fe9a2e8a027ba11aed30e41dbddf4fc8615626ade2ce81a05b33cc0543a90b189fc41ef2749e7ddb07fe1c9b9eae6c,projects/modellearning/logs/run.googleapis.com%2Fstdout,,2024-02-29T20:23:56.377507619Z,sscartquery,northamerica-northeast1,modellearning,sscartquery-00011-jzl,sscartquery,cloud_run_revision,INFO,functions/Logic.java,2024-02-29T20:23:56.234440Z
65e0e7dc0002ac8e29a66b45,functions/Logic.java,service,cpu:=1730000000  rt:=1846518575,cloudfunctions,00d087f5e025f1412d457ac9df76d9971bbb653901e64de3964b6771b432461e319b79b0f00c478208807a6c7a3fbf8874fe0596d4f63281afed598300217590a2678e,projects/modellearning/logs/run.googleapis.com%2Fstdout,,2024-02-29T20:23:56.377507619Z,sscartquery,northamerica-northeast1,modellearning,sscartquery-00011-jzl,sscartquery,cloud_run_revision,INFO,functions/Logic.java,2024-02-29T20:23:56.175246Z
65e0e7dc00011cc3a1bfb9dd,functions/Logic.java,service,cpu:=550000000  rt:=565012268,cloudfunctions,00d087f5e06379a276e4a585f3c5060b28341f9ba1aae00b35146eef3c6bfe293ee854779cb36f3cc9ba10b75867900165815dba5f5fb35677f9397372dd0e41039340,projects/modellearning/logs/run.googleapis.com%2Fstdout,,2024-02-29T20:23:56.377507619Z,sscartquery,northamerica-northeast1,modellearning,sscartquery-00011-jzl,sscartquery,cloud_run_revision,INFO,functions/Logic.java,2024-02-29T20:23:56.072899Z
65e0e7dc00000eebff932056,functions/Logic.java,service,cpu:=310000000  rt:=326101488,cloudfunctions,00d087f5e096f10c047c63271bf3ad0a02126a02b2e38fa8048979e18ea67d746ffa403f88d9a80d0fd5b28bb55609f2a74100003294e282c98f0e4563ee611fd74e6e,projects/modellearning/logs/run.googleapis.com%2Fstdout,,2024-02-29T20:23:56.043974611Z,sscartquery,northamerica-northeast1,modellearning,sscartquery-00011-jzl,sscartquery,cloud_run_revision,INFO,functions/Logic.java,2024-02-29T20:23:56.003819Z
65e0e7db000cbdcf020828c9,functions/Logic.java,service,cpu:=410000000  rt:=79240971,cloudfunctions,00d087f5e0931dfa9c28b1435b1edaff730b07b179f08d0ce6f7e181791dfaff7e1b3fe5d079114283831c72f18d89fc219db1445f90443b55b45100e3925c5e0fa32e,projects/modellearning/logs/run.googleapis.com%2Fstdout,,2024-02-29T20:23:56.043974611Z,sscartquery,northamerica-northeast1,modellearning,sscartquery-00011-jzl,sscartquery,cloud_run_revision,INFO,functions/Logic.java,2024-02-29T20:23:55.835023Z
65e0e7db000b5a9314aa2125,functions/Logic.java,service,cpu:=300000000  rt:=86829468,cloudfunctions,00d087f5e0931dfa9c28b1435b1edaff730b07b179f08d0ce6f7e181791dfaff7e1b3fe5d079114283831c72f18d89fc219db1445f90443b55b45100e3925c5e0fa32e,projects/modellearning/logs/run.googleapis.com%2Fstdout,,2024-02-29T20:23:56.043974611Z,sscartquery,northamerica-northeast1,modellearning,sscartquery-00011-jzl,sscartquery,cloud_run_revision,INFO,functions/Logic.java,2024-02-29T20:23:55.744083Z
65e0e7db000a41a5f18904a4,functions/Logic.java,service,cpu:=130000000  rt:=132706144,cloudfunctions,00d087f5e096f10c047c63271bf3ad0a02126a02b2e38fa8048979e18ea67d746ffa403f88d9a80d0fd5b28bb55609f2a74100003294e282c98f0e4563ee611fd74e6e,projects/modellearning/logs/run.googleapis.com%2Fstdout,,2024-02-29T20:23:55.710961107Z,sscartquery,northamerica-northeast1,modellearning,sscartquery-00011-jzl,sscartquery,cloud_run_revision,INFO,functions/Logic.java,2024-02-29T20:23:55.672165Z
65e0e7db0009aeaa8ed45cd1,functions/Logic.java,service,cpu:=700000000  rt:=1755953841,cloudfunctions,00d087f5e0c28364f40a88ea65440fad99d864800ea3cc4f8b70fe4c04ce8ea9bd6aa21cc40c9f2508c1dde8fc79b324f27e029f2d84aed35c039754a5d33a775a009f,projects/modellearning/logs/run.googleapis.com%2Fstdout,,2024-02-29T20:23:55.710961107Z,sscartquery,northamerica-northeast1,modellearning,sscartquery-00011-jzl,sscartquery,cloud_run_revision,INFO,functions/Logic.java,2024-02-29T20:23:55.634538Z
65e0e7db0008ee9652d5dbbf,functions/Logic.java,service,cpu:=2050000000  rt:=2118623583,cloudfunctions,00d087f5e04921ffa2ae878763f0217abb165fe4fe9a2e8a027ba11aed30e41dbddf4fc8615626ade2ce81a05b33cc0543a90b189fc41ef2749e7ddb07fe1c9b9eae6c,projects/modellearning/logs/run.googleapis.com%2Fstdout,,2024-02-29T20:23:55.710961107Z,sscartquery,northamerica-northeast1,modellearning,sscartquery-00011-jzl,sscartquery,cloud_run_revision,INFO,functions/Logic.java,2024-02-29T20:23:55.585366Z
65e0e7db00082822a8d4fde5,functions/Logic.java,service,cpu:=6220000000  rt:=737863767,cloudfunctions,00d087f5e096f10c047c63271bf3ad0a02126a02b2e38fa8048979e18ea67d746ffa403f88d9a80d0fd5b28bb55609f2a74100003294e282c98f0e4563ee611fd74e6e,projects/modellearning/logs/run.googleapis.com%2Fstdout,,2024-02-29T20:23:55.710961107Z,sscartquery,northamerica-northeast1,modellearning,sscartquery-00011-jzl,sscartquery,cloud_run_revision,INFO,functions/Logic.java,2024-02-29T20:23:55.534562Z
65e0e7db0007add9ea667d03,functions/Logic.java,service,cpu:=2230000000  rt:=2341113335,cloudfunctions,00d087f5e06379a276e4a585f3c5060b28341f9ba1aae00b35146eef3c6bfe293ee854779cb36f3cc9ba10b75867900165815dba5f5fb35677f9397372dd0e41039340,projects/modellearning/logs/run.googleapis.com%2Fstdout,,2024-02-29T20:23:55.710961107Z,sscartquery,northamerica-northeast1,modellearning,sscartquery-00011-jzl,sscartquery,cloud_run_revision,INFO,functions/Logic.java,2024-02-29T20:23:55.503257Z
65e0e7db000276ae4f89b5e3,functions/Logic.java,service,cpu:=1890000000  rt:=1978549685,cloudfunctions,00d087f5e07bdae58c1f4da3364551cac54ac5362bf1a9581e7d4bf9a32f14aae9b89d873ef09e84a16dbd253a49be122c24eb757e668e06c6c2cc19262d914e45e911,projects/modellearning/logs/run.googleapis.com%2Fstdout,,2024-02-29T20:23:55.378028217Z,sscartquery,northamerica-northeast1,modellearning,sscartquery-00011-jzl,sscartquery,cloud_run_revision,INFO,functions/Logic.java,2024-02-29T20:23:55.161454Z
65e0e7db00020fc218719a33,functions/Logic.java,service,cpu:=180000000  rt:=338115936,cloudfunctions,00d087f5e096f10c047c63271bf3ad0a02126a02b2e38fa8048979e18ea67d746ffa403f88d9a80d0fd5b28bb55609f2a74100003294e282c98f0e4563ee611fd74e6e,projects/modellearning/logs/run.googleapis.com%2Fstdout,,2024-02-29T20:23:55.378028217Z,sscartquery,northamerica-northeast1,modellearning,sscartquery-00011-jzl,sscartquery,cloud_run_revision,INFO,functions/Logic.java,2024-02-29T20:23:55.135106Z
65e0e7da00084fa7577cb7de,functions/Logic.java,service,cpu:=-3460000000  rt:=666033131,cloudfunctions,00d087f5e0c28364f40a88ea65440fad99d864800ea3cc4f8b70fe4c04ce8ea9bd6aa21cc40c9f2508c1dde8fc79b324f27e029f2d84aed35c039754a5d33a775a009f,projects/modellearning/logs/run.googleapis.com%2Fstdout,,2024-02-29T20:23:54.711769090Z,sscartquery,northamerica-northeast1,modellearning,sscartquery-00011-jzl,sscartquery,cloud_run_revision,INFO,functions/Logic.java,2024-02-29T20:23:54.544679Z
65e0e7da00040ae5874f4c80,functions/Logic.java,service,cpu:=710000000  rt:=1883747881,cloudfunctions,00d087f5e0b82d4393d4a7bbb7f14727933f8b96724a91b37d40394984760349848f0c657a1b55ad143d87d15617c08a8ba76acddb65a7eb3b550a40e4aceccdfb8d33,projects/modellearning/logs/run.googleapis.com%2Fstdout,,2024-02-29T20:23:54.379217665Z,sscartquery,northamerica-northeast1,modellearning,sscartquery-00011-jzl,sscartquery,cloud_run_revision,INFO,functions/Logic.java,2024-02-29T20:23:54.264933Z
65e0e7da0000d704730a7042,functions/Logic.java,service,cpu:=1120000000  rt:=1179515629,cloudfunctions,00d087f5e0fb53247b367efd3d5bd3eb6ec2079ea1f90edc419a49866437bf458cfeca444aeaa3b7daf5636b05c06cb47d5f161f950d27b45213cc036890ef6262ebf3,projects/modellearning/logs/run.googleapis.com%2Fstdout,,2024-02-29T20:23:54.379217665Z,sscartquery,northamerica-northeast1,modellearning,sscartquery-00011-jzl,sscartquery,cloud_run_revision,INFO,functions/Logic.java,2024-02-29T20:23:54.055044Z
65e0e7d9000f3c273f4b4b22,functions/Logic.java,service,cpu:=1320000000  rt:=1370914809,cloudfunctions,00d087f5e025f1412d457ac9df76d9971bbb653901e64de3964b6771b432461e319b79b0f00c478208807a6c7a3fbf8874fe0596d4f63281afed598300217590a2678e,projects/modellearning/logs/run.googleapis.com%2Fstdout,,2024-02-29T20:23:54.044667200Z,sscartquery,northamerica-northeast1,modellearning,sscartquery-00011-jzl,sscartquery,cloud_run_revision,INFO,functions/Logic.java,2024-02-29T20:23:53.998439Z
65e0e7d9000d05b9b7108e2d,functions/Logic.java,service,cpu:=7250000000  rt:=1465170832,cloudfunctions,00d087f5e0b82d4393d4a7bbb7f14727933f8b96724a91b37d40394984760349848f0c657a1b55ad143d87d15617c08a8ba76acddb65a7eb3b550a40e4aceccdfb8d33,projects/modellearning/logs/run.googleapis.com%2Fstdout,,2024-02-29T20:23:54.044667200Z,sscartquery,northamerica-northeast1,modellearning,sscartquery-00011-jzl,sscartquery,cloud_run_revision,INFO,functions/Logic.java,2024-02-29T20:23:53.853433Z
65e0e7d90006a24e60822c26,functions/Logic.java,service,cpu:=90000000  rt:=186755453,cloudfunctions,00d087f5e0c28364f40a88ea65440fad99d864800ea3cc4f8b70fe4c04ce8ea9bd6aa21cc40c9f2508c1dde8fc79b324f27e029f2d84aed35c039754a5d33a775a009f,projects/modellearning/logs/run.googleapis.com%2Fstdout,,2024-02-29T20:23:53.711667693Z,sscartquery,northamerica-northeast1,modellearning,sscartquery-00011-jzl,sscartquery,cloud_run_revision,INFO,functions/Logic.java,2024-02-29T20:23:53.434766Z
65e0e7d90006595bc0b6cdba,functions/Logic.java,service,cpu:=430000000  rt:=445222812,cloudfunctions,00d087f5e096f10c047c63271bf3ad0a02126a02b2e38fa8048979e18ea67d746ffa403f88d9a80d0fd5b28bb55609f2a74100003294e282c98f0e4563ee611fd74e6e,projects/modellearning/logs/run.googleapis.com%2Fstdout,,2024-02-29T20:23:53.711667693Z,sscartquery,northamerica-northeast1,modellearning,sscartquery-00011-jzl,sscartquery,cloud_run_revision,INFO,functions/Logic.java,2024-02-29T20:23:53.416091Z
65e0e7d9000580709cf42aba,functions/Logic.java,service,cpu:=290000000  rt:=592338724,cloudfunctions,00d087f5e0d2ec86d3e5125cd7f8c8da0159c6c9245f96f8b661fd58a2c43ac7b7746cbd693c48c899aa0e18c79c8f6e29e46ee53925108e8c6a70ca451f1b05c9a9d7,projects/modellearning/logs/run.googleapis.com%2Fstdout,,2024-02-29T20:23:53.379439546Z,sscartquery,northamerica-northeast1,modellearning,sscartquery-00011-jzl,sscartquery,cloud_run_revision,INFO,functions/Logic.java,2024-02-29T20:23:53.360560Z
65e0e7d9000568b6f94ceefc,functions/Logic.java,service,cpu:=1550000000  rt:=1631401042,cloudfunctions,00d087f5e04921ffa2ae878763f0217abb165fe4fe9a2e8a027ba11aed30e41dbddf4fc8615626ade2ce81a05b33cc0543a90b189fc41ef2749e7ddb07fe1c9b9eae6c,projects/modellearning/logs/run.googleapis.com%2Fstdout,,2024-02-29T20:23:53.379439546Z,sscartquery,northamerica-northeast1,modellearning,sscartquery-00011-jzl,sscartquery,cloud_run_revision,INFO,functions/Logic.java,2024-02-29T20:23:53.354486Z
65e0e7d90004275c0c86cb55,functions/Logic.java,service,cpu:=970000000  rt:=24118246,cloudfunctions,00d087f5e0c28364f40a88ea65440fad99d864800ea3cc4f8b70fe4c04ce8ea9bd6aa21cc40c9f2508c1dde8fc79b324f27e029f2d84aed35c039754a5d33a775a009f,projects/modellearning/logs/run.googleapis.com%2Fstdout,,2024-02-29T20:23:53.379439546Z,sscartquery,northamerica-northeast1,modellearning,sscartquery-00011-jzl,sscartquery,cloud_run_revision,INFO,functions/Logic.java,2024-02-29T20:23:53.272220Z
65e0e7d900013627f4cd08cc,functions/Logic.java,service,cpu:=480000000  rt:=517401301,cloudfunctions,00d087f5e07bdae58c1f4da3364551cac54ac5362bf1a9581e7d4bf9a32f14aae9b89d873ef09e84a16dbd253a49be122c24eb757e668e06c6c2cc19262d914e45e911,projects/modellearning/logs/run.googleapis.com%2Fstdout,,2024-02-29T20:23:53.379439546Z,sscartquery,northamerica-northeast1,modellearning,sscartquery-00011-jzl,sscartquery,cloud_run_revision,INFO,functions/Logic.java,2024-02-29T20:23:53.079399Z
65e0e7d900008882f3b9b0ea,functions/Logic.java,service,cpu:=780000000  rt:=826403228,cloudfunctions,00d087f5e06379a276e4a585f3c5060b28341f9ba1aae00b35146eef3c6bfe293ee854779cb36f3cc9ba10b75867900165815dba5f5fb35677f9397372dd0e41039340,projects/modellearning/logs/run.googleapis.com%2Fstdout,,2024-02-29T20:23:53.046709126Z,sscartquery,northamerica-northeast1,modellearning,sscartquery-00011-jzl,sscartquery,cloud_run_revision,INFO,functions/Logic.java,2024-02-29T20:23:53.034946Z
65e0e7d8000ce3c0dda036af,functions/Logic.java,service,cpu:=590000000  rt:=599715538,cloudfunctions,00d087f5e096f10c047c63271bf3ad0a02126a02b2e38fa8048979e18ea67d746ffa403f88d9a80d0fd5b28bb55609f2a74100003294e282c98f0e4563ee611fd74e6e,projects/modellearning/logs/run.googleapis.com%2Fstdout,,2024-02-29T20:23:53.046709126Z,sscartquery,northamerica-northeast1,modellearning,sscartquery-00011-jzl,sscartquery,cloud_run_revision,INFO,functions/Logic.java,2024-02-29T20:23:52.844736Z
65e0e7d8000be768ed7314fc,functions/Logic.java,service,cpu:=890000000  rt:=914453600,cloudfunctions,00d087f5e0fb53247b367efd3d5bd3eb6ec2079ea1f90edc419a49866437bf458cfeca444aeaa3b7daf5636b05c06cb47d5f161f950d27b45213cc036890ef6262ebf3,projects/modellearning/logs/run.googleapis.com%2Fstdout,,2024-02-29T20:23:53.046709126Z,sscartquery,northamerica-northeast1,modellearning,sscartquery-00011-jzl,sscartquery,cloud_run_revision,INFO,functions/Logic.java,2024-02-29T20:23:52.780136Z
65e0e7d8000787aaaff89aa7,functions/Logic.java,service,cpu:=3860000000  rt:=4026195495,cloudfunctions,00d087f5e025f1412d457ac9df76d9971bbb653901e64de3964b6771b432461e319b79b0f00c478208807a6c7a3fbf8874fe0596d4f63281afed598300217590a2678e,projects/modellearning/logs/run.googleapis.com%2Fstdout,,2024-02-29T20:23:52.713621275Z,sscartquery,northamerica-northeast1,modellearning,sscartquery-00011-jzl,sscartquery,cloud_run_revision,INFO,functions/Logic.java,2024-02-29T20:23:52.493482Z
65e0e7d800062580e46b50dc,functions/Logic.java,service,cpu:=3180000000  rt:=3326225252,cloudfunctions,00d087f5e07bdae58c1f4da3364551cac54ac5362bf1a9581e7d4bf9a32f14aae9b89d873ef09e84a16dbd253a49be122c24eb757e668e06c6c2cc19262d914e45e911,projects/modellearning/logs/run.googleapis.com%2Fstdout,,2024-02-29T20:23:52.713621275Z,sscartquery,northamerica-northeast1,modellearning,sscartquery-00011-jzl,sscartquery,cloud_run_revision,INFO,functions/Logic.java,2024-02-29T20:23:52.402816Z
65e0e7d8000298fa1f894ef8,functions/Logic.java,service,cpu:=600000000  rt:=1033842267,cloudfunctions,00d087f5e096f10c047c63271bf3ad0a02126a02b2e38fa8048979e18ea67d746ffa403f88d9a80d0fd5b28bb55609f2a74100003294e282c98f0e4563ee611fd74e6e,projects/modellearning/logs/run.googleapis.com%2Fstdout,,2024-02-29T20:23:52.379968676Z,sscartquery,northamerica-northeast1,modellearning,sscartquery-00011-jzl,sscartquery,cloud_run_revision,INFO,functions/Logic.java,2024-02-29T20:23:52.170234Z
65e0e7d800020dd1316ee2cc,functions/Logic.java,service,cpu:=3700000000  rt:=998229179,cloudfunctions,00d087f5e096f10c047c63271bf3ad0a02126a02b2e38fa8048979e18ea67d746ffa403f88d9a80d0fd5b28bb55609f2a74100003294e282c98f0e4563ee611fd74e6e,projects/modellearning/logs/run.googleapis.com%2Fstdout,,2024-02-29T20:23:52.379968676Z,sscartquery,northamerica-northeast1,modellearning,sscartquery-00011-jzl,sscartquery,cloud_run_revision,INFO,functions/Logic.java,2024-02-29T20:23:52.134609Z
65e0e7d7000f0ab85890a9ac,functions/Logic.java,service,cpu:=870000000  rt:=898369654,cloudfunctions,00d087f5e06379a276e4a585f3c5060b28341f9ba1aae00b35146eef3c6bfe293ee854779cb36f3cc9ba10b75867900165815dba5f5fb35677f9397372dd0e41039340,projects/modellearning/logs/run.googleapis.com%2Fstdout,,2024-02-29T20:23:52.045679652Z,sscartquery,northamerica-northeast1,modellearning,sscartquery-00011-jzl,sscartquery,cloud_run_revision,INFO,functions/Logic.java,2024-02-29T20:23:51.985784Z
65e0e7d7000b4593ec2a8240,functions/Logic.java,service,cpu:=670000000  rt:=947033016,cloudfunctions,00d087f5e0fb53247b367efd3d5bd3eb6ec2079ea1f90edc419a49866437bf458cfeca444aeaa3b7daf5636b05c06cb47d5f161f950d27b45213cc036890ef6262ebf3,projects/modellearning/logs/run.googleapis.com%2Fstdout,,2024-02-29T20:23:52.045679652Z,sscartquery,northamerica-northeast1,modellearning,sscartquery-00011-jzl,sscartquery,cloud_run_revision,INFO,functions/Logic.java,2024-02-29T20:23:51.738707Z
65e0e7d7000a1001d6d2f7a1,functions/Logic.java,service,cpu:=1280000000  rt:=1324413803,cloudfunctions,00d087f5e0c28364f40a88ea65440fad99d864800ea3cc4f8b70fe4c04ce8ea9bd6aa21cc40c9f2508c1dde8fc79b324f27e029f2d84aed35c039754a5d33a775a009f,projects/modellearning/logs/run.googleapis.com%2Fstdout,,2024-02-29T20:23:51.713018841Z,sscartquery,northamerica-northeast1,modellearning,sscartquery-00011-jzl,sscartquery,cloud_run_revision,INFO,functions/Logic.java,2024-02-29T20:23:51.659457Z
65e0e7d70009aeb74d64c470,functions/Logic.java,service,cpu:=-18250000000  rt:=842799043,cloudfunctions,00d087f5e0fb53247b367efd3d5bd3eb6ec2079ea1f90edc419a49866437bf458cfeca444aeaa3b7daf5636b05c06cb47d5f161f950d27b45213cc036890ef6262ebf3,projects/modellearning/logs/run.googleapis.com%2Fstdout,,2024-02-29T20:23:51.713018841Z,sscartquery,northamerica-northeast1,modellearning,sscartquery-00011-jzl,sscartquery,cloud_run_revision,INFO,functions/Logic.java,2024-02-29T20:23:51.634551Z
65e0e7d700096b39ee2a9680,functions/Logic.java,service,cpu:=70000000  rt:=66664860,cloudfunctions,00d087f5e04921ffa2ae878763f0217abb165fe4fe9a2e8a027ba11aed30e41dbddf4fc8615626ade2ce81a05b33cc0543a90b189fc41ef2749e7ddb07fe1c9b9eae6c,projects/modellearning/logs/run.googleapis.com%2Fstdout,,2024-02-29T20:23:51.713018841Z,sscartquery,northamerica-northeast1,modellearning,sscartquery-00011-jzl,sscartquery,cloud_run_revision,INFO,functions/Logic.java,2024-02-29T20:23:51.617273Z
65e0e7d7000827d7e4211025,functions/Logic.java,service,cpu:=240000000  rt:=240365949,cloudfunctions,00d087f5e0b82d4393d4a7bbb7f14727933f8b96724a91b37d40394984760349848f0c657a1b55ad143d87d15617c08a8ba76acddb65a7eb3b550a40e4aceccdfb8d33,projects/modellearning/logs/run.googleapis.com%2Fstdout,,2024-02-29T20:23:51.713018841Z,sscartquery,northamerica-northeast1,modellearning,sscartquery-00011-jzl,sscartquery,cloud_run_revision,INFO,functions/Logic.java,2024-02-29T20:23:51.534487Z
65e0e7d700072ccbc3749c73,functions/Logic.java,service,cpu:=580000000  rt:=630814857,cloudfunctions,00d087f5e0508b90f669d2e778e5edb119d2cf95bbdf1d474990a4029916e734b09cb9a2fbea2793facea51d590b84a7b32d827e55698dd1314956e833b1573e692dea,projects/modellearning/logs/run.googleapis.com%2Fstdout,,2024-02-29T20:23:51.713018841Z,sscartquery,northamerica-northeast1,modellearning,sscartquery-00011-jzl,sscartquery,cloud_run_revision,INFO,functions/Logic.java,2024-02-29T20:23:51.470219Z
65e0e7d70006278de71c7446,functions/Logic.java,service,cpu:=310000000  rt:=308864925,cloudfunctions,00d087f5e04921ffa2ae878763f0217abb165fe4fe9a2e8a027ba11aed30e41dbddf4fc8615626ade2ce81a05b33cc0543a90b189fc41ef2749e7ddb07fe1c9b9eae6c,projects/modellearning/logs/run.googleapis.com%2Fstdout,,2024-02-29T20:23:51.713018841Z,sscartquery,northamerica-northeast1,modellearning,sscartquery-00011-jzl,sscartquery,cloud_run_revision,INFO,functions/Logic.java,2024-02-29T20:23:51.403341Z
65e0e7d700023a5a4ca791f5,functions/Logic.java,service,cpu:=60000000  rt:=60159261,cloudfunctions,00d087f5e0b82d4393d4a7bbb7f14727933f8b96724a91b37d40394984760349848f0c657a1b55ad143d87d15617c08a8ba76acddb65a7eb3b550a40e4aceccdfb8d33,projects/modellearning/logs/run.googleapis.com%2Fstdout,,2024-02-29T20:23:51.380111505Z,sscartquery,northamerica-northeast1,modellearning,sscartquery-00011-jzl,sscartquery,cloud_run_revision,INFO,functions/Logic.java,2024-02-29T20:23:51.146010Z
65e0e7d70000864309eb7e1c,functions/Logic.java,service,cpu:=1750000000  rt:=740410689,cloudfunctions,00d087f5e04921ffa2ae878763f0217abb165fe4fe9a2e8a027ba11aed30e41dbddf4fc8615626ade2ce81a05b33cc0543a90b189fc41ef2749e7ddb07fe1c9b9eae6c,projects/modellearning/logs/run.googleapis.com%2Fstdout,,2024-02-29T20:23:51.048301178Z,sscartquery,northamerica-northeast1,modellearning,sscartquery-00011-jzl,sscartquery,cloud_run_revision,INFO,functions/Logic.java,2024-02-29T20:23:51.034371Z
65e0e7d6000d3521c1e7cee4,functions/Logic.java,service,cpu:=1980000000  rt:=2097383118,cloudfunctions,00d087f5e06379a276e4a585f3c5060b28341f9ba1aae00b35146eef3c6bfe293ee854779cb36f3cc9ba10b75867900165815dba5f5fb35677f9397372dd0e41039340,projects/modellearning/logs/run.googleapis.com%2Fstdout,,2024-02-29T20:23:51.048301178Z,sscartquery,northamerica-northeast1,modellearning,sscartquery-00011-jzl,sscartquery,cloud_run_revision,INFO,functions/Logic.java,2024-02-29T20:23:50.865569Z
65e0e7d6000a6781517681a9,functions/Logic.java,service,cpu:=920000000  rt:=956061015,cloudfunctions,00d087f5e0b82d4393d4a7bbb7f14727933f8b96724a91b37d40394984760349848f0c657a1b55ad143d87d15617c08a8ba76acddb65a7eb3b550a40e4aceccdfb8d33,projects/modellearning/logs/run.googleapis.com%2Fstdout,,2024-02-29T20:23:50.714714853Z,sscartquery,northamerica-northeast1,modellearning,sscartquery-00011-jzl,sscartquery,cloud_run_revision,INFO,functions/Logic.java,2024-02-29T20:23:50.681857Z
65e0e7d60007f8c014f13e43,functions/Logic.java,service,cpu:=50000000  rt:=41111625,cloudfunctions,00d087f5e0fb53247b367efd3d5bd3eb6ec2079ea1f90edc419a49866437bf458cfeca444aeaa3b7daf5636b05c06cb47d5f161f950d27b45213cc036890ef6262ebf3,projects/modellearning/logs/run.googleapis.com%2Fstdout,,2024-02-29T20:23:50.714714853Z,sscartquery,northamerica-northeast1,modellearning,sscartquery-00011-jzl,sscartquery,cloud_run_revision,INFO,functions/Logic.java,2024-02-29T20:23:50.522432Z
65e0e7d60007aa3ac3d5dc2a,functions/Logic.java,service,cpu:=2210000000  rt:=2298824165,cloudfunctions,00d087f5e0508b90f669d2e778e5edb119d2cf95bbdf1d474990a4029916e734b09cb9a2fbea2793facea51d590b84a7b32d827e55698dd1314956e833b1573e692dea,projects/modellearning/logs/run.googleapis.com%2Fstdout,,2024-02-29T20:23:50.714714853Z,sscartquery,northamerica-northeast1,modellearning,sscartquery-00011-jzl,sscartquery,cloud_run_revision,INFO,functions/Logic.java,2024-02-29T20:23:50.502330Z
65e0e7d60006ba4ceddccd0a,functions/Logic.java,service,cpu:=290000000  rt:=462972344,cloudfunctions,00d087f5e0fb53247b367efd3d5bd3eb6ec2079ea1f90edc419a49866437bf458cfeca444aeaa3b7daf5636b05c06cb47d5f161f950d27b45213cc036890ef6262ebf3,projects/modellearning/logs/run.googleapis.com%2Fstdout,,2024-02-29T20:23:50.714714853Z,sscartquery,northamerica-northeast1,modellearning,sscartquery-00011-jzl,sscartquery,cloud_run_revision,INFO,functions/Logic.java,2024-02-29T20:23:50.440908Z
65e0e7d60006a15fedf3aa71,functions/Logic.java,service,cpu:=15000000000  rt:=456600043,cloudfunctions,00d087f5e0fb53247b367efd3d5bd3eb6ec2079ea1f90edc419a49866437bf458cfeca444aeaa3b7daf5636b05c06cb47d5f161f950d27b45213cc036890ef6262ebf3,projects/modellearning/logs/run.googleapis.com%2Fstdout,,2024-02-29T20:23:50.714714853Z,sscartquery,northamerica-northeast1,modellearning,sscartquery-00011-jzl,sscartquery,cloud_run_revision,INFO,functions/Logic.java,2024-02-29T20:23:50.434527Z
65e0e7d60005c686ad4b334f,functions/Logic.java,service,cpu:=30000000  rt:=80582346,cloudfunctions,00d087f5e04921ffa2ae878763f0217abb165fe4fe9a2e8a027ba11aed30e41dbddf4fc8615626ade2ce81a05b33cc0543a90b189fc41ef2749e7ddb07fe1c9b9eae6c,projects/modellearning/logs/run.googleapis.com%2Fstdout,,2024-02-29T20:23:50.380638758Z,sscartquery,northamerica-northeast1,modellearning,sscartquery-00011-jzl,sscartquery,cloud_run_revision,INFO,functions/Logic.java,2024-02-29T20:23:50.378502Z
65e0e7d5000b38ea3c0d8b10,functions/Logic.java,service,cpu:=6860000000  rt:=2046067988,cloudfunctions,00d087f5e096f10c047c63271bf3ad0a02126a02b2e38fa8048979e18ea67d746ffa403f88d9a80d0fd5b28bb55609f2a74100003294e282c98f0e4563ee611fd74e6e,projects/modellearning/logs/run.googleapis.com%2Fstdout,,2024-02-29T20:23:50.048314208Z,sscartquery,northamerica-northeast1,modellearning,sscartquery-00011-jzl,sscartquery,cloud_run_revision,INFO,functions/Logic.java,2024-02-29T20:23:49.735466Z
65e0e7d5000ab901bffc112c,functions/Logic.java,service,cpu:=50000000  rt:=48804263,cloudfunctions,00d087f5e04921ffa2ae878763f0217abb165fe4fe9a2e8a027ba11aed30e41dbddf4fc8615626ade2ce81a05b33cc0543a90b189fc41ef2749e7ddb07fe1c9b9eae6c,projects/modellearning/logs/run.googleapis.com%2Fstdout,,2024-02-29T20:23:49.714736621Z,sscartquery,northamerica-northeast1,modellearning,sscartquery-00011-jzl,sscartquery,cloud_run_revision,INFO,functions/Logic.java,2024-02-29T20:23:49.702721Z
65e0e7d50006d60bcc2984dc,functions/Logic.java,service,cpu:=530000000  rt:=538689948,cloudfunctions,00d087f5e0b82d4393d4a7bbb7f14727933f8b96724a91b37d40394984760349848f0c657a1b55ad143d87d15617c08a8ba76acddb65a7eb3b550a40e4aceccdfb8d33,projects/modellearning/logs/run.googleapis.com%2Fstdout,,2024-02-29T20:23:49.714736621Z,sscartquery,northamerica-northeast1,modellearning,sscartquery-00011-jzl,sscartquery,cloud_run_revision,INFO,functions/Logic.java,2024-02-29T20:23:49.448011Z
65e0e7d5000338e7c90681d9,functions/Logic.java,service,cpu:=-910000000  rt:=1230663973,cloudfunctions,00d087f5e04921ffa2ae878763f0217abb165fe4fe9a2e8a027ba11aed30e41dbddf4fc8615626ade2ce81a05b33cc0543a90b189fc41ef2749e7ddb07fe1c9b9eae6c,projects/modellearning/logs/run.googleapis.com%2Fstdout,,2024-02-29T20:23:49.381823005Z,sscartquery,northamerica-northeast1,modellearning,sscartquery-00011-jzl,sscartquery,cloud_run_revision,INFO,functions/Logic.java,2024-02-29T20:23:49.211175Z
65e0e7d500020d1478bb24b4,functions/Logic.java,service,cpu:=1110000000  rt:=1621251739,cloudfunctions,00d087f5e0fb53247b367efd3d5bd3eb6ec2079ea1f90edc419a49866437bf458cfeca444aeaa3b7daf5636b05c06cb47d5f161f950d27b45213cc036890ef6262ebf3,projects/modellearning/logs/run.googleapis.com%2Fstdout,,2024-02-29T20:23:49.381823005Z,sscartquery,northamerica-northeast1,modellearning,sscartquery-00011-jzl,sscartquery,cloud_run_revision,INFO,functions/Logic.java,2024-02-29T20:23:49.134420Z
65e0e7d4000e430acfc684dc,functions/Logic.java,service,cpu:=430000000  rt:=954430555,cloudfunctions,00d087f5e04921ffa2ae878763f0217abb165fe4fe9a2e8a027ba11aed30e41dbddf4fc8615626ade2ce81a05b33cc0543a90b189fc41ef2749e7ddb07fe1c9b9eae6c,projects/modellearning/logs/run.googleapis.com%2Fstdout,,2024-02-29T20:23:49.048628691Z,sscartquery,northamerica-northeast1,modellearning,sscartquery-00011-jzl,sscartquery,cloud_run_revision,INFO,functions/Logic.java,2024-02-29T20:23:48.934666Z
65e0e7d4000c2482e6038dc1,functions/Logic.java,service,cpu:=-370000000  rt:=915141779,cloudfunctions,00d087f5e07bdae58c1f4da3364551cac54ac5362bf1a9581e7d4bf9a32f14aae9b89d873ef09e84a16dbd253a49be122c24eb757e668e06c6c2cc19262d914e45e911,projects/modellearning/logs/run.googleapis.com%2Fstdout,,2024-02-29T20:23:49.048628691Z,sscartquery,northamerica-northeast1,modellearning,sscartquery-00011-jzl,sscartquery,cloud_run_revision,INFO,functions/Logic.java,2024-02-29T20:23:48.795778Z
65e0e7d4000b6c0563585858,functions/Logic.java,service,cpu:=1070000000  rt:=1114950040,cloudfunctions,00d087f5e0b82d4393d4a7bbb7f14727933f8b96724a91b37d40394984760349848f0c657a1b55ad143d87d15617c08a8ba76acddb65a7eb3b550a40e4aceccdfb8d33,projects/modellearning/logs/run.googleapis.com%2Fstdout,,2024-02-29T20:23:49.048628691Z,sscartquery,northamerica-northeast1,modellearning,sscartquery-00011-jzl,sscartquery,cloud_run_revision,INFO,functions/Logic.java,2024-02-29T20:23:48.748549Z
65e0e7d400088f975434c9d6,functions/Logic.java,service,cpu:=-440000000  rt:=1047569066,cloudfunctions,00d087f5e0fb53247b367efd3d5bd3eb6ec2079ea1f90edc419a49866437bf458cfeca444aeaa3b7daf5636b05c06cb47d5f161f950d27b45213cc036890ef6262ebf3,projects/modellearning/logs/run.googleapis.com%2Fstdout,,2024-02-29T20:23:48.715588237Z,sscartquery,northamerica-northeast1,modellearning,sscartquery-00011-jzl,sscartquery,cloud_run_revision,INFO,functions/Logic.java,2024-02-29T20:23:48.561047Z
65e0e7d400051cfc3b498e4f,functions/Logic.java,service,cpu:=270000000  rt:=454120202,cloudfunctions,00d087f5e07bdae58c1f4da3364551cac54ac5362bf1a9581e7d4bf9a32f14aae9b89d873ef09e84a16dbd253a49be122c24eb757e668e06c6c2cc19262d914e45e911,projects/modellearning/logs/run.googleapis.com%2Fstdout,,2024-02-29T20:23:48.383553378Z,sscartquery,northamerica-northeast1,modellearning,sscartquery-00011-jzl,sscartquery,cloud_run_revision,INFO,functions/Logic.java,2024-02-29T20:23:48.335100Z
65e0e7d40004542266c9c934,functions/Logic.java,service,cpu:=440000000  rt:=453610144,cloudfunctions,00d087f5e06379a276e4a585f3c5060b28341f9ba1aae00b35146eef3c6bfe293ee854779cb36f3cc9ba10b75867900165815dba5f5fb35677f9397372dd0e41039340,projects/modellearning/logs/run.googleapis.com%2Fstdout,,2024-02-29T20:23:48.383553378Z,sscartquery,northamerica-northeast1,modellearning,sscartquery-00011-jzl,sscartquery,cloud_run_revision,INFO,functions/Logic.java,2024-02-29T20:23:48.283682Z
65e0e7d400042abcf022f999,functions/Logic.java,service,cpu:=110000000  rt:=109912498,cloudfunctions,00d087f5e025f1412d457ac9df76d9971bbb653901e64de3964b6771b432461e319b79b0f00c478208807a6c7a3fbf8874fe0596d4f63281afed598300217590a2678e,projects/modellearning/logs/run.googleapis.com%2Fstdout,,2024-02-29T20:23:48.383553378Z,sscartquery,northamerica-northeast1,modellearning,sscartquery-00011-jzl,sscartquery,cloud_run_revision,INFO,functions/Logic.java,2024-02-29T20:23:48.273084Z
65e0e7d4000394669fcec306,functions/Logic.java,service,cpu:=170000000  rt:=243014367,cloudfunctions,00d087f5e0c28364f40a88ea65440fad99d864800ea3cc4f8b70fe4c04ce8ea9bd6aa21cc40c9f2508c1dde8fc79b324f27e029f2d84aed35c039754a5d33a775a009f,projects/modellearning/logs/run.googleapis.com%2Fstdout,,2024-02-29T20:23:48.383553378Z,sscartquery,northamerica-northeast1,modellearning,sscartquery-00011-jzl,sscartquery,cloud_run_revision,INFO,functions/Logic.java,2024-02-29T20:23:48.234598Z
65e0e7d4000273fcbc23929e,functions/Logic.java,service,cpu:=380000000  rt:=469707752,cloudfunctions,00d087f5e096f10c047c63271bf3ad0a02126a02b2e38fa8048979e18ea67d746ffa403f88d9a80d0fd5b28bb55609f2a74100003294e282c98f0e4563ee611fd74e6e,projects/modellearning/logs/run.googleapis.com%2Fstdout,,2024-02-29T20:23:48.383553378Z,sscartquery,northamerica-northeast1,modellearning,sscartquery-00011-jzl,sscartquery,cloud_run_revision,INFO,functions/Logic.java,2024-02-29T20:23:48.160764Z
65e0e7d4000151ef4392bc91,functions/Logic.java,service,cpu:=210000000  rt:=229677452,cloudfunctions,00d087f5e0508b90f669d2e778e5edb119d2cf95bbdf1d474990a4029916e734b09cb9a2fbea2793facea51d590b84a7b32d827e55698dd1314956e833b1573e692dea,projects/modellearning/logs/run.googleapis.com%2Fstdout,,2024-02-29T20:23:48.383553378Z,sscartquery,northamerica-northeast1,modellearning,sscartquery-00011-jzl,sscartquery,cloud_run_revision,INFO,functions/Logic.java,2024-02-29T20:23:48.086511Z
65e0e7d400014e9dc2770ed8,functions/Logic.java,service,cpu:=1960000000  rt:=92970940,cloudfunctions,00d087f5e0c28364f40a88ea65440fad99d864800ea3cc4f8b70fe4c04ce8ea9bd6aa21cc40c9f2508c1dde8fc79b324f27e029f2d84aed35c039754a5d33a775a009f,projects/modellearning/logs/run.googleapis.com%2Fstdout,,2024-02-29T20:23:48.383553378Z,sscartquery,northamerica-northeast1,modellearning,sscartquery-00011-jzl,sscartquery,cloud_run_revision,INFO,functions/Logic.java,2024-02-29T20:23:48.085661Z
65e0e7d400013bd2e617d725,functions/Logic.java,service,cpu:=140000000  rt:=154240573,cloudfunctions,00d087f5e025f1412d457ac9df76d9971bbb653901e64de3964b6771b432461e319b79b0f00c478208807a6c7a3fbf8874fe0596d4f63281afed598300217590a2678e,projects/modellearning/logs/run.googleapis.com%2Fstdout,,2024-02-29T20:23:48.383553378Z,sscartquery,northamerica-northeast1,modellearning,sscartquery-00011-jzl,sscartquery,cloud_run_revision,INFO,functions/Logic.java,2024-02-29T20:23:48.080850Z
65e0e7d3000dc5c7e7430a8c,functions/Logic.java,service,cpu:=2740000000  rt:=2828181041,cloudfunctions,00d087f5e025f1412d457ac9df76d9971bbb653901e64de3964b6771b432461e319b79b0f00c478208807a6c7a3fbf8874fe0596d4f63281afed598300217590a2678e,projects/modellearning/logs/run.googleapis.com%2Fstdout,,2024-02-29T20:23:48.050389085Z,sscartquery,northamerica-northeast1,modellearning,sscartquery-00011-jzl,sscartquery,cloud_run_revision,INFO,functions/Logic.java,2024-02-29T20:23:47.902599Z
65e0e7d3000c70ab604312eb,functions/Logic.java,service,cpu:=150000000  rt:=150942020,cloudfunctions,00d087f5e0508b90f669d2e778e5edb119d2cf95bbdf1d474990a4029916e734b09cb9a2fbea2793facea51d590b84a7b32d827e55698dd1314956e833b1573e692dea,projects/modellearning/logs/run.googleapis.com%2Fstdout,,2024-02-29T20:23:48.050389085Z,sscartquery,northamerica-northeast1,modellearning,sscartquery-00011-jzl,sscartquery,cloud_run_revision,INFO,functions/Logic.java,2024-02-29T20:23:47.815275Z
65e0e7d3000b82536edc24cc,functions/Logic.java,service,cpu:=1910000000  rt:=1993415397,cloudfunctions,00d087f5e06379a276e4a585f3c5060b28341f9ba1aae00b35146eef3c6bfe293ee854779cb36f3cc9ba10b75867900165815dba5f5fb35677f9397372dd0e41039340,projects/modellearning/logs/run.googleapis.com%2Fstdout,,2024-02-29T20:23:48.050389085Z,sscartquery,northamerica-northeast1,modellearning,sscartquery-00011-jzl,sscartquery,cloud_run_revision,INFO,functions/Logic.java,2024-02-29T20:23:47.754259Z
65e0e7d3000726a074033039,functions/Logic.java,service,cpu:=1080000000  rt:=1141205114,cloudfunctions,00d087f5e0508b90f669d2e778e5edb119d2cf95bbdf1d474990a4029916e734b09cb9a2fbea2793facea51d590b84a7b32d827e55698dd1314956e833b1573e692dea,projects/modellearning/logs/run.googleapis.com%2Fstdout,,2024-02-29T20:23:47.716146735Z,sscartquery,northamerica-northeast1,modellearning,sscartquery-00011-jzl,sscartquery,cloud_run_revision,INFO,functions/Logic.java,2024-02-29T20:23:47.468640Z
65e0e7d300063f4e1807a3e0,functions/Logic.java,service,cpu:=1300000000  rt:=1345126246,cloudfunctions,00d087f5e0b82d4393d4a7bbb7f14727933f8b96724a91b37d40394984760349848f0c657a1b55ad143d87d15617c08a8ba76acddb65a7eb3b550a40e4aceccdfb8d33,projects/modellearning/logs/run.googleapis.com%2Fstdout,,2024-02-29T20:23:47.716146735Z,sscartquery,northamerica-northeast1,modellearning,sscartquery-00011-jzl,sscartquery,cloud_run_revision,INFO,functions/Logic.java,2024-02-29T20:23:47.409422Z
65e0e7d30001dcc3a316a3e0,functions/Logic.java,service,cpu:=60000000  rt:=54916406,cloudfunctions,00d087f5e0fb53247b367efd3d5bd3eb6ec2079ea1f90edc419a49866437bf458cfeca444aeaa3b7daf5636b05c06cb47d5f161f950d27b45213cc036890ef6262ebf3,projects/modellearning/logs/run.googleapis.com%2Fstdout,,2024-02-29T20:23:47.384550803Z,sscartquery,northamerica-northeast1,modellearning,sscartquery-00011-jzl,sscartquery,cloud_run_revision,INFO,functions/Logic.java,2024-02-29T20:23:47.122051Z
65e0e7d2000cfae7ded17f13,functions/Logic.java,service,cpu:=1050000000  rt:=1067439557,cloudfunctions,00d087f5e096f10c047c63271bf3ad0a02126a02b2e38fa8048979e18ea67d746ffa403f88d9a80d0fd5b28bb55609f2a74100003294e282c98f0e4563ee611fd74e6e,projects/modellearning/logs/run.googleapis.com%2Fstdout,,2024-02-29T20:23:47.050126874Z,sscartquery,northamerica-northeast1,modellearning,sscartquery-00011-jzl,sscartquery,cloud_run_revision,INFO,functions/Logic.java,2024-02-29T20:23:46.850663Z
65e0e7d2000b3561d1f009dc,functions/Logic.java,service,cpu:=1800000000  rt:=1847392009,cloudfunctions,00d087f5e0fb53247b367efd3d5bd3eb6ec2079ea1f90edc419a49866437bf458cfeca444aeaa3b7daf5636b05c06cb47d5f161f950d27b45213cc036890ef6262ebf3,projects/modellearning/logs/run.googleapis.com%2Fstdout,,2024-02-29T20:23:47.050126874Z,sscartquery,northamerica-northeast1,modellearning,sscartquery-00011-jzl,sscartquery,cloud_run_revision,INFO,functions/Logic.java,2024-02-29T20:23:46.734561Z
65e0e7d2000ade10826f2a18,functions/Logic.java,service,cpu:=880000000  rt:=925286835,cloudfunctions,00d087f5e04921ffa2ae878763f0217abb165fe4fe9a2e8a027ba11aed30e41dbddf4fc8615626ade2ce81a05b33cc0543a90b189fc41ef2749e7ddb07fe1c9b9eae6c,projects/modellearning/logs/run.googleapis.com%2Fstdout,,2024-02-29T20:23:46.717171842Z,sscartquery,northamerica-northeast1,modellearning,sscartquery-00011-jzl,sscartquery,cloud_run_revision,INFO,functions/Logic.java,2024-02-29T20:23:46.712208Z
65e0e7d20008df2839ce1402,functions/Logic.java,service,cpu:=200000000  rt:=195022500,cloudfunctions,00d087f5e0c28364f40a88ea65440fad99d864800ea3cc4f8b70fe4c04ce8ea9bd6aa21cc40c9f2508c1dde8fc79b324f27e029f2d84aed35c039754a5d33a775a009f,projects/modellearning/logs/run.googleapis.com%2Fstdout,,2024-02-29T20:23:46.717171842Z,sscartquery,northamerica-northeast1,modellearning,sscartquery-00011-jzl,sscartquery,cloud_run_revision,INFO,functions/Logic.java,2024-02-29T20:23:46.581416Z
65e0e7d200082b8c506700f2,functions/Logic.java,service,cpu:=-4400000000  rt:=583361655,cloudfunctions,00d087f5e07bdae58c1f4da3364551cac54ac5362bf1a9581e7d4bf9a32f14aae9b89d873ef09e84a16dbd253a49be122c24eb757e668e06c6c2cc19262d914e45e911,projects/modellearning/logs/run.googleapis.com%2Fstdout,,2024-02-29T20:23:46.717171842Z,sscartquery,northamerica-northeast1,modellearning,sscartquery-00011-jzl,sscartquery,cloud_run_revision,INFO,functions/Logic.java,2024-02-29T20:23:46.535436Z
65e0e7d20008277eb0b094df,functions/Logic.java,service,cpu:=330000000  rt:=583418014,cloudfunctions,00d087f5e07bdae58c1f4da3364551cac54ac5362bf1a9581e7d4bf9a32f14aae9b89d873ef09e84a16dbd253a49be122c24eb757e668e06c6c2cc19262d914e45e911,projects/modellearning/logs/run.googleapis.com%2Fstdout,,2024-02-29T20:23:46.717171842Z,sscartquery,northamerica-northeast1,modellearning,sscartquery-00011-jzl,sscartquery,cloud_run_revision,INFO,functions/Logic.java,2024-02-29T20:23:46.534398Z
65e0e7d20000c230ea02479e,functions/Logic.java,service,cpu:=2010000000  rt:=2092276888,cloudfunctions,00d087f5e0508b90f669d2e778e5edb119d2cf95bbdf1d474990a4029916e734b09cb9a2fbea2793facea51d590b84a7b32d827e55698dd1314956e833b1573e692dea,projects/modellearning/logs/run.googleapis.com%2Fstdout,,2024-02-29T20:23:46.051246237Z,sscartquery,northamerica-northeast1,modellearning,sscartquery-00011-jzl,sscartquery,cloud_run_revision,INFO,functions/Logic.java,2024-02-29T20:23:46.049712Z
65e0e7d1000e91ad91ad4542,functions/Logic.java,service,cpu:=110000000  rt:=113828913,cloudfunctions,00d087f5e0b82d4393d4a7bbb7f14727933f8b96724a91b37d40394984760349848f0c657a1b55ad143d87d15617c08a8ba76acddb65a7eb3b550a40e4aceccdfb8d33,projects/modellearning/logs/run.googleapis.com%2Fstdout,,2024-02-29T20:23:46.051246237Z,sscartquery,northamerica-northeast1,modellearning,sscartquery-00011-jzl,sscartquery,cloud_run_revision,INFO,functions/Logic.java,2024-02-29T20:23:45.954797Z
65e0e7d1000b932af860a2b3,functions/Logic.java,service,cpu:=120000000  rt:=122100812,cloudfunctions,00d087f5e0b82d4393d4a7bbb7f14727933f8b96724a91b37d40394984760349848f0c657a1b55ad143d87d15617c08a8ba76acddb65a7eb3b550a40e4aceccdfb8d33,projects/modellearning/logs/run.googleapis.com%2Fstdout,,2024-02-29T20:23:46.051246237Z,sscartquery,northamerica-northeast1,modellearning,sscartquery-00011-jzl,sscartquery,cloud_run_revision,INFO,functions/Logic.java,2024-02-29T20:23:45.758570Z
65e0e7d1000b3890fbeed61a,functions/Logic.java,service,cpu:=1320000000  rt:=2399838267,cloudfunctions,00d087f5e04921ffa2ae878763f0217abb165fe4fe9a2e8a027ba11aed30e41dbddf4fc8615626ade2ce81a05b33cc0543a90b189fc41ef2749e7ddb07fe1c9b9eae6c,projects/modellearning/logs/run.googleapis.com%2Fstdout,,2024-02-29T20:23:46.051246237Z,sscartquery,northamerica-northeast1,modellearning,sscartquery-00011-jzl,sscartquery,cloud_run_revision,INFO,functions/Logic.java,2024-02-29T20:23:45.735376Z
65e0e7d1000b35836f603a32,functions/Logic.java,service,cpu:=330000000  rt:=367980751,cloudfunctions,00d087f5e096f10c047c63271bf3ad0a02126a02b2e38fa8048979e18ea67d746ffa403f88d9a80d0fd5b28bb55609f2a74100003294e282c98f0e4563ee611fd74e6e,projects/modellearning/logs/run.googleapis.com%2Fstdout,,2024-02-29T20:23:46.051246237Z,sscartquery,northamerica-northeast1,modellearning,sscartquery-00011-jzl,sscartquery,cloud_run_revision,INFO,functions/Logic.java,2024-02-29T20:23:45.734595Z
65e0e7d1000a9539ccc2aa6e,functions/Logic.java,service,cpu:=650000000  rt:=670763008,cloudfunctions,00d087f5e06379a276e4a585f3c5060b28341f9ba1aae00b35146eef3c6bfe293ee854779cb36f3cc9ba10b75867900165815dba5f5fb35677f9397372dd0e41039340,projects/modellearning/logs/run.googleapis.com%2Fstdout,,2024-02-29T20:23:45.718157148Z,sscartquery,northamerica-northeast1,modellearning,sscartquery-00011-jzl,sscartquery,cloud_run_revision,INFO,functions/Logic.java,2024-02-29T20:23:45.693561Z
65e0e7d10008c218e6020e7b,functions/Logic.java,service,cpu:=50000000  rt:=92324854,cloudfunctions,00d087f5e0b82d4393d4a7bbb7f14727933f8b96724a91b37d40394984760349848f0c657a1b55ad143d87d15617c08a8ba76acddb65a7eb3b550a40e4aceccdfb8d33,projects/modellearning/logs/run.googleapis.com%2Fstdout,,2024-02-29T20:23:45.718157148Z,sscartquery,northamerica-northeast1,modellearning,sscartquery-00011-jzl,sscartquery,cloud_run_revision,INFO,functions/Logic.java,2024-02-29T20:23:45.573976Z
65e0e7d100089a13bfbf72f7,functions/Logic.java,service,cpu:=-6270000000  rt:=82072205,cloudfunctions,00d087f5e0b82d4393d4a7bbb7f14727933f8b96724a91b37d40394984760349848f0c657a1b55ad143d87d15617c08a8ba76acddb65a7eb3b550a40e4aceccdfb8d33,projects/modellearning/logs/run.googleapis.com%2Fstdout,,2024-02-29T20:23:45.718157148Z,sscartquery,northamerica-northeast1,modellearning,sscartquery-00011-jzl,sscartquery,cloud_run_revision,INFO,functions/Logic.java,2024-02-29T20:23:45.563731Z
65e0e7d100087953f8ace2fe,functions/Logic.java,service,cpu:=30000000  rt:=58521431,cloudfunctions,00d087f5e07bdae58c1f4da3364551cac54ac5362bf1a9581e7d4bf9a32f14aae9b89d873ef09e84a16dbd253a49be122c24eb757e668e06c6c2cc19262d914e45e911,projects/modellearning/logs/run.googleapis.com%2Fstdout,,2024-02-29T20:23:45.718157148Z,sscartquery,northamerica-northeast1,modellearning,sscartquery-00011-jzl,sscartquery,cloud_run_revision,INFO,functions/Logic.java,2024-02-29T20:23:45.555347Z
65e0e7d100084fdaf35cdf50,functions/Logic.java,service,cpu:=-12790000000  rt:=2209099531,cloudfunctions,00d087f5e04921ffa2ae878763f0217abb165fe4fe9a2e8a027ba11aed30e41dbddf4fc8615626ade2ce81a05b33cc0543a90b189fc41ef2749e7ddb07fe1c9b9eae6c,projects/modellearning/logs/run.googleapis.com%2Fstdout,,2024-02-29T20:23:45.718157148Z,sscartquery,northamerica-northeast1,modellearning,sscartquery-00011-jzl,sscartquery,cloud_run_revision,INFO,functions/Logic.java,2024-02-29T20:23:45.544730Z
65e0e7d10002dfc27c9cd546,functions/Logic.java,service,cpu:=1420000000  rt:=1853525347,cloudfunctions,00d087f5e096f10c047c63271bf3ad0a02126a02b2e38fa8048979e18ea67d746ffa403f88d9a80d0fd5b28bb55609f2a74100003294e282c98f0e4563ee611fd74e6e,projects/modellearning/logs/run.googleapis.com%2Fstdout,,2024-02-29T20:23:45.385157583Z,sscartquery,northamerica-northeast1,modellearning,sscartquery-00011-jzl,sscartquery,cloud_run_revision,INFO,functions/Logic.java,2024-02-29T20:23:45.188354Z
65e0e7d0000cd15ce3fcb1f7,functions/Logic.java,service,cpu:=90000000  rt:=90578873,cloudfunctions,00d087f5e025f1412d457ac9df76d9971bbb653901e64de3964b6771b432461e319b79b0f00c478208807a6c7a3fbf8874fe0596d4f63281afed598300217590a2678e,projects/modellearning/logs/run.googleapis.com%2Fstdout,,2024-02-29T20:23:45.052185483Z,sscartquery,northamerica-northeast1,modellearning,sscartquery-00011-jzl,sscartquery,cloud_run_revision,INFO,functions/Logic.java,2024-02-29T20:23:44.840028Z
65e0e7d0000b98752bb5a5df,functions/Logic.java,service,cpu:=530000000  rt:=533860754,cloudfunctions,00d087f5e0fb53247b367efd3d5bd3eb6ec2079ea1f90edc419a49866437bf458cfeca444aeaa3b7daf5636b05c06cb47d5f161f950d27b45213cc036890ef6262ebf3,projects/modellearning/logs/run.googleapis.com%2Fstdout,,2024-02-29T20:23:45.052185483Z,sscartquery,northamerica-northeast1,modellearning,sscartquery-00011-jzl,sscartquery,cloud_run_revision,INFO,functions/Logic.java,2024-02-29T20:23:44.759925Z
65e0e7d0000b35c544d97878,functions/Logic.java,service,cpu:=3080000000  rt:=5830635981,cloudfunctions,00d087f5e06379a276e4a585f3c5060b28341f9ba1aae00b35146eef3c6bfe293ee854779cb36f3cc9ba10b75867900165815dba5f5fb35677f9397372dd0e41039340,projects/modellearning/logs/run.googleapis.com%2Fstdout,,2024-02-29T20:23:45.052185483Z,sscartquery,northamerica-northeast1,modellearning,sscartquery-00011-jzl,sscartquery,cloud_run_revision,INFO,functions/Logic.java,2024-02-29T20:23:44.734661Z
65e0e7d00009b98de8016c41,functions/Logic.java,service,cpu:=3030000000  rt:=5730583134,cloudfunctions,00d087f5e06379a276e4a585f3c5060b28341f9ba1aae00b35146eef3c6bfe293ee854779cb36f3cc9ba10b75867900165815dba5f5fb35677f9397372dd0e41039340,projects/modellearning/logs/run.googleapis.com%2Fstdout,,2024-02-29T20:23:44.720041799Z,sscartquery,northamerica-northeast1,modellearning,sscartquery-00011-jzl,sscartquery,cloud_run_revision,INFO,functions/Logic.java,2024-02-29T20:23:44.637325Z
65e0e7d000072ff5f771c69b,functions/Logic.java,service,cpu:=700000000  rt:=712318647,cloudfunctions,00d087f5e07bdae58c1f4da3364551cac54ac5362bf1a9581e7d4bf9a32f14aae9b89d873ef09e84a16dbd253a49be122c24eb757e668e06c6c2cc19262d914e45e911,projects/modellearning/logs/run.googleapis.com%2Fstdout,,2024-02-29T20:23:44.720041799Z,sscartquery,northamerica-northeast1,modellearning,sscartquery-00011-jzl,sscartquery,cloud_run_revision,INFO,functions/Logic.java,2024-02-29T20:23:44.471029Z
65e0e7d000039b701d49caef,functions/Logic.java,service,cpu:=-2480000000  rt:=900169586,cloudfunctions,00d087f5e096f10c047c63271bf3ad0a02126a02b2e38fa8048979e18ea67d746ffa403f88d9a80d0fd5b28bb55609f2a74100003294e282c98f0e4563ee611fd74e6e,projects/modellearning/logs/run.googleapis.com%2Fstdout,,2024-02-29T20:23:44.386975797Z,sscartquery,northamerica-northeast1,modellearning,sscartquery-00011-jzl,sscartquery,cloud_run_revision,INFO,functions/Logic.java,2024-02-29T20:23:44.236400Z
65e0e7d000032843835a14b1,functions/Logic.java,service,cpu:=1380000000  rt:=1402371787,cloudfunctions,00d087f5e025f1412d457ac9df76d9971bbb653901e64de3964b6771b432461e319b79b0f00c478208807a6c7a3fbf8874fe0596d4f63281afed598300217590a2678e,projects/modellearning/logs/run.googleapis.com%2Fstdout,,2024-02-29T20:23:44.386975797Z,sscartquery,northamerica-northeast1,modellearning,sscartquery-00011-jzl,sscartquery,cloud_run_revision,INFO,functions/Logic.java,2024-02-29T20:23:44.206915Z
65e0e7d000026df9ac9f0236,functions/Logic.java,service,cpu:=1500000000  rt:=2098689397,cloudfunctions,00d087f5e0fb53247b367efd3d5bd3eb6ec2079ea1f90edc419a49866437bf458cfeca444aeaa3b7daf5636b05c06cb47d5f161f950d27b45213cc036890ef6262ebf3,projects/modellearning/logs/run.googleapis.com%2Fstdout,,2024-02-29T20:23:44.386975797Z,sscartquery,northamerica-northeast1,modellearning,sscartquery-00011-jzl,sscartquery,cloud_run_revision,INFO,functions/Logic.java,2024-02-29T20:23:44.159225Z
65e0e7d0000086a725323a8f,functions/Logic.java,service,cpu:=750000000  rt:=799901979,cloudfunctions,00d087f5e0b82d4393d4a7bbb7f14727933f8b96724a91b37d40394984760349848f0c657a1b55ad143d87d15617c08a8ba76acddb65a7eb3b550a40e4aceccdfb8d33,projects/modellearning/logs/run.googleapis.com%2Fstdout,,2024-02-29T20:23:44.053009423Z,sscartquery,northamerica-northeast1,modellearning,sscartquery-00011-jzl,sscartquery,cloud_run_revision,INFO,functions/Logic.java,2024-02-29T20:23:44.034471Z
65e0e7cf00071d0eff5d4a59,functions/Logic.java,service,cpu:=40000000  rt:=36847840,cloudfunctions,00d087f5e0508b90f669d2e778e5edb119d2cf95bbdf1d474990a4029916e734b09cb9a2fbea2793facea51d590b84a7b32d827e55698dd1314956e833b1573e692dea,projects/modellearning/logs/run.googleapis.com%2Fstdout,,2024-02-29T20:23:43.720799589Z,sscartquery,northamerica-northeast1,modellearning,sscartquery-00011-jzl,sscartquery,cloud_run_revision,INFO,functions/Logic.java,2024-02-29T20:23:43.466190Z
65e0e7cf0005c416bc51afed,functions/Logic.java,service,cpu:=110000000  rt:=110790502,cloudfunctions,00d087f5e07bdae58c1f4da3364551cac54ac5362bf1a9581e7d4bf9a32f14aae9b89d873ef09e84a16dbd253a49be122c24eb757e668e06c6c2cc19262d914e45e911,projects/modellearning/logs/run.googleapis.com%2Fstdout,,2024-02-29T20:23:43.386855351Z,sscartquery,northamerica-northeast1,modellearning,sscartquery-00011-jzl,sscartquery,cloud_run_revision,INFO,functions/Logic.java,2024-02-29T20:23:43.377878Z
65e0e7cf000583eb554ea97c,functions/Logic.java,service,cpu:=-3530000000  rt:=1301056161,cloudfunctions,00d087f5e0fb53247b367efd3d5bd3eb6ec2079ea1f90edc419a49866437bf458cfeca444aeaa3b7daf5636b05c06cb47d5f161f950d27b45213cc036890ef6262ebf3,projects/modellearning/logs/run.googleapis.com%2Fstdout,,2024-02-29T20:23:43.386855351Z,sscartquery,northamerica-northeast1,modellearning,sscartquery-00011-jzl,sscartquery,cloud_run_revision,INFO,functions/Logic.java,2024-02-29T20:23:43.361451Z
65e0e7cf0004af5a15592f6b,functions/Logic.java,service,cpu:=180000000  rt:=180712735,cloudfunctions,00d087f5e0508b90f669d2e778e5edb119d2cf95bbdf1d474990a4029916e734b09cb9a2fbea2793facea51d590b84a7b32d827e55698dd1314956e833b1573e692dea,projects/modellearning/logs/run.googleapis.com%2Fstdout,,2024-02-29T20:23:43.386855351Z,sscartquery,northamerica-northeast1,modellearning,sscartquery-00011-jzl,sscartquery,cloud_run_revision,INFO,functions/Logic.java,2024-02-29T20:23:43.307034Z
65e0e7cf0000f2f85040f6a2,functions/Logic.java,service,cpu:=90000000  rt:=87288244,cloudfunctions,00d087f5e07bdae58c1f4da3364551cac54ac5362bf1a9581e7d4bf9a32f14aae9b89d873ef09e84a16dbd253a49be122c24eb757e668e06c6c2cc19262d914e45e911,projects/modellearning/logs/run.googleapis.com%2Fstdout,,2024-02-29T20:23:43.386855351Z,sscartquery,northamerica-northeast1,modellearning,sscartquery-00011-jzl,sscartquery,cloud_run_revision,INFO,functions/Logic.java,2024-02-29T20:23:43.062200Z
65e0e7cf0000e22457dbc80d,functions/Logic.java,service,cpu:=1080000000  rt:=1102075865,cloudfunctions,00d087f5e0b82d4393d4a7bbb7f14727933f8b96724a91b37d40394984760349848f0c657a1b55ad143d87d15617c08a8ba76acddb65a7eb3b550a40e4aceccdfb8d33,projects/modellearning/logs/run.googleapis.com%2Fstdout,,2024-02-29T20:23:43.386855351Z,sscartquery,northamerica-northeast1,modellearning,sscartquery-00011-jzl,sscartquery,cloud_run_revision,INFO,functions/Logic.java,2024-02-29T20:23:43.057892Z
65e0e7ce000dee0b68e337c2,functions/Logic.java,service,cpu:=280000000  rt:=281234263,cloudfunctions,00d087f5e0508b90f669d2e778e5edb119d2cf95bbdf1d474990a4029916e734b09cb9a2fbea2793facea51d590b84a7b32d827e55698dd1314956e833b1573e692dea,projects/modellearning/logs/run.googleapis.com%2Fstdout,,2024-02-29T20:23:43.054308140Z,sscartquery,northamerica-northeast1,modellearning,sscartquery-00011-jzl,sscartquery,cloud_run_revision,INFO,functions/Logic.java,2024-02-29T20:23:42.912907Z
65e0e7ce000bf762c4951385,functions/Logic.java,service,cpu:=860000000  rt:=881511483,cloudfunctions,00d087f5e096f10c047c63271bf3ad0a02126a02b2e38fa8048979e18ea67d746ffa403f88d9a80d0fd5b28bb55609f2a74100003294e282c98f0e4563ee611fd74e6e,projects/modellearning/logs/run.googleapis.com%2Fstdout,,2024-02-29T20:23:43.054308140Z,sscartquery,northamerica-northeast1,modellearning,sscartquery-00011-jzl,sscartquery,cloud_run_revision,INFO,functions/Logic.java,2024-02-29T20:23:42.784226Z
65e0e7ce000a5a1cf296c444,functions/Logic.java,service,cpu:=380000000  rt:=386608926,cloudfunctions,00d087f5e07bdae58c1f4da3364551cac54ac5362bf1a9581e7d4bf9a32f14aae9b89d873ef09e84a16dbd253a49be122c24eb757e668e06c6c2cc19262d914e45e911,projects/modellearning/logs/run.googleapis.com%2Fstdout,,2024-02-29T20:23:42.722187566Z,sscartquery,northamerica-northeast1,modellearning,sscartquery-00011-jzl,sscartquery,cloud_run_revision,INFO,functions/Logic.java,2024-02-29T20:23:42.678428Z
65e0e7ce0009fb9064deb938,functions/Logic.java,service,cpu:=2500000000  rt:=2591186129,cloudfunctions,00d087f5e025f1412d457ac9df76d9971bbb653901e64de3964b6771b432461e319b79b0f00c478208807a6c7a3fbf8874fe0596d4f63281afed598300217590a2678e,projects/modellearning/logs/run.googleapis.com%2Fstdout,,2024-02-29T20:23:42.722187566Z,sscartquery,northamerica-northeast1,modellearning,sscartquery-00011-jzl,sscartquery,cloud_run_revision,INFO,functions/Logic.java,2024-02-29T20:23:42.654224Z
65e0e7ce0007aed689a5b16a,functions/Logic.java,service,cpu:=370000000  rt:=383918113,cloudfunctions,00d087f5e04921ffa2ae878763f0217abb165fe4fe9a2e8a027ba11aed30e41dbddf4fc8615626ade2ce81a05b33cc0543a90b189fc41ef2749e7ddb07fe1c9b9eae6c,projects/modellearning/logs/run.googleapis.com%2Fstdout,,2024-02-29T20:23:42.722187566Z,sscartquery,northamerica-northeast1,modellearning,sscartquery-00011-jzl,sscartquery,cloud_run_revision,INFO,functions/Logic.java,2024-02-29T20:23:42.503510Z
65e0e7ce00076780a98c407b,functions/Logic.java,service,cpu:=240000000  rt:=252443580,cloudfunctions,00d087f5e0508b90f669d2e778e5edb119d2cf95bbdf1d474990a4029916e734b09cb9a2fbea2793facea51d590b84a7b32d827e55698dd1314956e833b1573e692dea,projects/modellearning/logs/run.googleapis.com%2Fstdout,,2024-02-29T20:23:42.722187566Z,sscartquery,northamerica-northeast1,modellearning,sscartquery-00011-jzl,sscartquery,cloud_run_revision,INFO,functions/Logic.java,2024-02-29T20:23:42.485248Z
65e0e7ce000108e3d73e97fd,functions/Logic.java,service,cpu:=9520000000  rt:=1033407719,cloudfunctions,00d087f5e07bdae58c1f4da3364551cac54ac5362bf1a9581e7d4bf9a32f14aae9b89d873ef09e84a16dbd253a49be122c24eb757e668e06c6c2cc19262d914e45e911,projects/modellearning/logs/run.googleapis.com%2Fstdout,,2024-02-29T20:23:42.386216925Z,sscartquery,northamerica-northeast1,modellearning,sscartquery-00011-jzl,sscartquery,cloud_run_revision,INFO,functions/Logic.java,2024-02-29T20:23:42.067811Z
65e0e7cd000e94991cb095fe,functions/Logic.java,service,cpu:=1220000000  rt:=1288190726,cloudfunctions,00d087f5e0508b90f669d2e778e5edb119d2cf95bbdf1d474990a4029916e734b09cb9a2fbea2793facea51d590b84a7b32d827e55698dd1314956e833b1573e692dea,projects/modellearning/logs/run.googleapis.com%2Fstdout,,2024-02-29T20:23:42.052785039Z,sscartquery,northamerica-northeast1,modellearning,sscartquery-00011-jzl,sscartquery,cloud_run_revision,INFO,functions/Logic.java,2024-02-29T20:23:41.955545Z
65e0e7cd000d716fed5dcb88,functions/Logic.java,service,cpu:=1370000000  rt:=1401973922,cloudfunctions,00d087f5e04921ffa2ae878763f0217abb165fe4fe9a2e8a027ba11aed30e41dbddf4fc8615626ade2ce81a05b33cc0543a90b189fc41ef2749e7ddb07fe1c9b9eae6c,projects/modellearning/logs/run.googleapis.com%2Fstdout,,2024-02-29T20:23:42.052785039Z,sscartquery,northamerica-northeast1,modellearning,sscartquery-00011-jzl,sscartquery,cloud_run_revision,INFO,functions/Logic.java,2024-02-29T20:23:41.881007Z
65e0e7cd00051a4f00e5f161,functions/Logic.java,service,cpu:=210000000  rt:=299755404,cloudfunctions,00d087f5e07bdae58c1f4da3364551cac54ac5362bf1a9581e7d4bf9a32f14aae9b89d873ef09e84a16dbd253a49be122c24eb757e668e06c6c2cc19262d914e45e911,projects/modellearning/logs/run.googleapis.com%2Fstdout,,2024-02-29T20:23:41.387772298Z,sscartquery,northamerica-northeast1,modellearning,sscartquery-00011-jzl,sscartquery,cloud_run_revision,INFO,functions/Logic.java,2024-02-29T20:23:41.334415Z
65e0e7cd00020d4856b1bc83,functions/Logic.java,service,cpu:=790000000  rt:=812034327,cloudfunctions,00d087f5e0b82d4393d4a7bbb7f14727933f8b96724a91b37d40394984760349848f0c657a1b55ad143d87d15617c08a8ba76acddb65a7eb3b550a40e4aceccdfb8d33,projects/modellearning/logs/run.googleapis.com%2Fstdout,,2024-02-29T20:23:41.387772298Z,sscartquery,northamerica-northeast1,modellearning,sscartquery-00011-jzl,sscartquery,cloud_run_revision,INFO,functions/Logic.java,2024-02-29T20:23:41.134472Z
65e0e7cd00020d3aed66b6b6,functions/Logic.java,service,cpu:=3490000000  rt:=3574895036,cloudfunctions,00d087f5e0fb53247b367efd3d5bd3eb6ec2079ea1f90edc419a49866437bf458cfeca444aeaa3b7daf5636b05c06cb47d5f161f950d27b45213cc036890ef6262ebf3,projects/modellearning/logs/run.googleapis.com%2Fstdout,,2024-02-29T20:23:41.387772298Z,sscartquery,northamerica-northeast1,modellearning,sscartquery-00011-jzl,sscartquery,cloud_run_revision,INFO,functions/Logic.java,2024-02-29T20:23:41.134458Z
65e0e7cd0000872a62f9ca97,functions/Logic.java,service,cpu:=160000000  rt:=167360928,cloudfunctions,00d087f5e096f10c047c63271bf3ad0a02126a02b2e38fa8048979e18ea67d746ffa403f88d9a80d0fd5b28bb55609f2a74100003294e282c98f0e4563ee611fd74e6e,projects/modellearning/logs/run.googleapis.com%2Fstdout,,2024-02-29T20:23:41.054059269Z,sscartquery,northamerica-northeast1,modellearning,sscartquery-00011-jzl,sscartquery,cloud_run_revision,INFO,functions/Logic.java,2024-02-29T20:23:41.034602Z
65e0e7cc000e42cd0030d711,functions/Logic.java,service,cpu:=1020000000  rt:=1084519947,cloudfunctions,00d087f5e07bdae58c1f4da3364551cac54ac5362bf1a9581e7d4bf9a32f14aae9b89d873ef09e84a16dbd253a49be122c24eb757e668e06c6c2cc19262d914e45e911,projects/modellearning/logs/run.googleapis.com%2Fstdout,,2024-02-29T20:23:41.054059269Z,sscartquery,northamerica-northeast1,modellearning,sscartquery-00011-jzl,sscartquery,cloud_run_revision,INFO,functions/Logic.java,2024-02-29T20:23:40.934605Z
65e0e7cc0006a12918959334,functions/Logic.java,service,cpu:=600000000  rt:=648452069,cloudfunctions,00d087f5e096f10c047c63271bf3ad0a02126a02b2e38fa8048979e18ea67d746ffa403f88d9a80d0fd5b28bb55609f2a74100003294e282c98f0e4563ee611fd74e6e,projects/modellearning/logs/run.googleapis.com%2Fstdout,,2024-02-29T20:23:40.720923968Z,sscartquery,northamerica-northeast1,modellearning,sscartquery-00011-jzl,sscartquery,cloud_run_revision,INFO,functions/Logic.java,2024-02-29T20:23:40.434473Z
65e0e7cc0006a0b94d17ddd7,functions/Logic.java,service,cpu:=2670000000  rt:=2748258678,cloudfunctions,00d087f5e0508b90f669d2e778e5edb119d2cf95bbdf1d474990a4029916e734b09cb9a2fbea2793facea51d590b84a7b32d827e55698dd1314956e833b1573e692dea,projects/modellearning/logs/run.googleapis.com%2Fstdout,,2024-02-29T20:23:40.720923968Z,sscartquery,northamerica-northeast1,modellearning,sscartquery-00011-jzl,sscartquery,cloud_run_revision,INFO,functions/Logic.java,2024-02-29T20:23:40.434361Z
65e0e7cc00069818e4678e8c,functions/Logic.java,service,cpu:=30000000  rt:=28401673,cloudfunctions,00d087f5e04921ffa2ae878763f0217abb165fe4fe9a2e8a027ba11aed30e41dbddf4fc8615626ade2ce81a05b33cc0543a90b189fc41ef2749e7ddb07fe1c9b9eae6c,projects/modellearning/logs/run.googleapis.com%2Fstdout,,2024-02-29T20:23:40.720923968Z,sscartquery,northamerica-northeast1,modellearning,sscartquery-00011-jzl,sscartquery,cloud_run_revision,INFO,functions/Logic.java,2024-02-29T20:23:40.432152Z
65e0e7cb000cd4410f492593,functions/Logic.java,service,cpu:=17630000000  rt:=1829574435,cloudfunctions,00d087f5e04921ffa2ae878763f0217abb165fe4fe9a2e8a027ba11aed30e41dbddf4fc8615626ade2ce81a05b33cc0543a90b189fc41ef2749e7ddb07fe1c9b9eae6c,projects/modellearning/logs/run.googleapis.com%2Fstdout,,2024-02-29T20:23:40.054850729Z,sscartquery,northamerica-northeast1,modellearning,sscartquery-00011-jzl,sscartquery,cloud_run_revision,INFO,functions/Logic.java,2024-02-29T20:23:39.840769Z
65e0e7cb0009ae9653f78851,functions/Logic.java,service,cpu:=-280000000  rt:=983441623,cloudfunctions,00d087f5e0c28364f40a88ea65440fad99d864800ea3cc4f8b70fe4c04ce8ea9bd6aa21cc40c9f2508c1dde8fc79b324f27e029f2d84aed35c039754a5d33a775a009f,projects/modellearning/logs/run.googleapis.com%2Fstdout,,2024-02-29T20:23:39.723025676Z,sscartquery,northamerica-northeast1,modellearning,sscartquery-00011-jzl,sscartquery,cloud_run_revision,INFO,functions/Logic.java,2024-02-29T20:23:39.634518Z
65e0e7cb0009ae797f20bc61,functions/Logic.java,service,cpu:=600000000  rt:=983389400,cloudfunctions,00d087f5e0c28364f40a88ea65440fad99d864800ea3cc4f8b70fe4c04ce8ea9bd6aa21cc40c9f2508c1dde8fc79b324f27e029f2d84aed35c039754a5d33a775a009f,projects/modellearning/logs/run.googleapis.com%2Fstdout,,2024-02-29T20:23:39.723025676Z,sscartquery,northamerica-northeast1,modellearning,sscartquery-00011-jzl,sscartquery,cloud_run_revision,INFO,functions/Logic.java,2024-02-29T20:23:39.634489Z
65e0e7cb0006a11255b24437,functions/Logic.java,service,cpu:=1500000000  rt:=1581557982,cloudfunctions,00d087f5e0b82d4393d4a7bbb7f14727933f8b96724a91b37d40394984760349848f0c657a1b55ad143d87d15617c08a8ba76acddb65a7eb3b550a40e4aceccdfb8d33,projects/modellearning/logs/run.googleapis.com%2Fstdout,,2024-02-29T20:23:39.723025676Z,sscartquery,northamerica-northeast1,modellearning,sscartquery-00011-jzl,sscartquery,cloud_run_revision,INFO,functions/Logic.java,2024-02-29T20:23:39.434450Z
65e0e7cb00053e147e184bf4,functions/Logic.java,service,cpu:=60000000  rt:=60666719,cloudfunctions,00d087f5e025f1412d457ac9df76d9971bbb653901e64de3964b6771b432461e319b79b0f00c478208807a6c7a3fbf8874fe0596d4f63281afed598300217590a2678e,projects/modellearning/logs/run.googleapis.com%2Fstdout,,2024-02-29T20:23:39.388935726Z,sscartquery,northamerica-northeast1,modellearning,sscartquery-00011-jzl,sscartquery,cloud_run_revision,INFO,functions/Logic.java,2024-02-29T20:23:39.343572Z
65e0e7cb0005250ecb5a5da5,functions/Logic.java,service,cpu:=650000000  rt:=681664621,cloudfunctions,00d087f5e0d2ec86d3e5125cd7f8c8da0159c6c9245f96f8b661fd58a2c43ac7b7746cbd693c48c899aa0e18c79c8f6e29e46ee53925108e8c6a70ca451f1b05c9a9d7,projects/modellearning/logs/run.googleapis.com%2Fstdout,,2024-02-29T20:23:39.388935726Z,sscartquery,northamerica-northeast1,modellearning,sscartquery-00011-jzl,sscartquery,cloud_run_revision,INFO,functions/Logic.java,2024-02-29T20:23:39.337166Z
65e0e7cb00051be58628af1e,functions/Logic.java,service,cpu:=140000000  rt:=145389945,cloudfunctions,00d087f5e07bdae58c1f4da3364551cac54ac5362bf1a9581e7d4bf9a32f14aae9b89d873ef09e84a16dbd253a49be122c24eb757e668e06c6c2cc19262d914e45e911,projects/modellearning/logs/run.googleapis.com%2Fstdout,,2024-02-29T20:23:39.388935726Z,sscartquery,northamerica-northeast1,modellearning,sscartquery-00011-jzl,sscartquery,cloud_run_revision,INFO,functions/Logic.java,2024-02-29T20:23:39.334821Z
65e0e7cb00051acbcd3cbb81,functions/Logic.java,service,cpu:=150000000  rt:=160578094,cloudfunctions,00d087f5e096f10c047c63271bf3ad0a02126a02b2e38fa8048979e18ea67d746ffa403f88d9a80d0fd5b28bb55609f2a74100003294e282c98f0e4563ee611fd74e6e,projects/modellearning/logs/run.googleapis.com%2Fstdout,,2024-02-29T20:23:39.388935726Z,sscartquery,northamerica-northeast1,modellearning,sscartquery-00011-jzl,sscartquery,cloud_run_revision,INFO,functions/Logic.java,2024-02-29T20:23:39.334539Z
65e0e7cb0002ddd141eb70a3,functions/Logic.java,service,cpu:=230000000  rt:=239731313,cloudfunctions,00d087f5e025f1412d457ac9df76d9971bbb653901e64de3964b6771b432461e319b79b0f00c478208807a6c7a3fbf8874fe0596d4f63281afed598300217590a2678e,projects/modellearning/logs/run.googleapis.com%2Fstdout,,2024-02-29T20:23:39.388935726Z,sscartquery,northamerica-northeast1,modellearning,sscartquery-00011-jzl,sscartquery,cloud_run_revision,INFO,functions/Logic.java,2024-02-29T20:23:39.187857Z
65e0e7cb0000871838847299,functions/Logic.java,service,cpu:=170000000  rt:=177969808,cloudfunctions,00d087f5e0931dfa9c28b1435b1edaff730b07b179f08d0ce6f7e181791dfaff7e1b3fe5d079114283831c72f18d89fc219db1445f90443b55b45100e3925c5e0fa32e,projects/modellearning/logs/run.googleapis.com%2Fstdout,,2024-02-29T20:23:39.056897458Z,sscartquery,northamerica-northeast1,modellearning,sscartquery-00011-jzl,sscartquery,cloud_run_revision,INFO,functions/Logic.java,2024-02-29T20:23:39.034584Z
65e0e7cb000086f22c0d171c,functions/Logic.java,service,cpu:=1790000000  rt:=1836283582,cloudfunctions,00d087f5e07bdae58c1f4da3364551cac54ac5362bf1a9581e7d4bf9a32f14aae9b89d873ef09e84a16dbd253a49be122c24eb757e668e06c6c2cc19262d914e45e911,projects/modellearning/logs/run.googleapis.com%2Fstdout,,2024-02-29T20:23:39.056897458Z,sscartquery,northamerica-northeast1,modellearning,sscartquery-00011-jzl,sscartquery,cloud_run_revision,INFO,functions/Logic.java,2024-02-29T20:23:39.034546Z
65e0e7ca000ec9b079eab892,functions/Logic.java,service,cpu:=410000000  rt:=419153205,cloudfunctions,00d087f5e096f10c047c63271bf3ad0a02126a02b2e38fa8048979e18ea67d746ffa403f88d9a80d0fd5b28bb55609f2a74100003294e282c98f0e4563ee611fd74e6e,projects/modellearning/logs/run.googleapis.com%2Fstdout,,2024-02-29T20:23:39.056897458Z,sscartquery,northamerica-northeast1,modellearning,sscartquery-00011-jzl,sscartquery,cloud_run_revision,INFO,functions/Logic.java,2024-02-29T20:23:38.969136Z
65e0e7ca000e426fc2f80d14,functions/Logic.java,service,cpu:=2750000000  rt:=2881786926,cloudfunctions,00d087f5e025f1412d457ac9df76d9971bbb653901e64de3964b6771b432461e319b79b0f00c478208807a6c7a3fbf8874fe0596d4f63281afed598300217590a2678e,projects/modellearning/logs/run.googleapis.com%2Fstdout,,2024-02-29T20:23:39.056897458Z,sscartquery,northamerica-northeast1,modellearning,sscartquery-00011-jzl,sscartquery,cloud_run_revision,INFO,functions/Logic.java,2024-02-29T20:23:38.934511Z
65e0e7ca00054fbf3b8cc00d,functions/Logic.java,service,cpu:=1090000000  rt:=1129587508,cloudfunctions,00d087f5e0d2ec86d3e5125cd7f8c8da0159c6c9245f96f8b661fd58a2c43ac7b7746cbd693c48c899aa0e18c79c8f6e29e46ee53925108e8c6a70ca451f1b05c9a9d7,projects/modellearning/logs/run.googleapis.com%2Fstdout,,2024-02-29T20:23:38.390448132Z,sscartquery,northamerica-northeast1,modellearning,sscartquery-00011-jzl,sscartquery,cloud_run_revision,INFO,functions/Logic.java,2024-02-29T20:23:38.348095Z
65e0e7ca000421b1ed01c57b,functions/Logic.java,service,cpu:=-1730000000  rt:=1568599829,cloudfunctions,00d087f5e096f10c047c63271bf3ad0a02126a02b2e38fa8048979e18ea67d746ffa403f88d9a80d0fd5b28bb55609f2a74100003294e282c98f0e4563ee611fd74e6e,projects/modellearning/logs/run.googleapis.com%2Fstdout,,2024-02-29T20:23:38.390448132Z,sscartquery,northamerica-northeast1,modellearning,sscartquery-00011-jzl,sscartquery,cloud_run_revision,INFO,functions/Logic.java,2024-02-29T20:23:38.270769Z
65e0e7ca000394132fb4637c,functions/Logic.java,service,cpu:=170000000  rt:=222972636,cloudfunctions,00d087f5e04921ffa2ae878763f0217abb165fe4fe9a2e8a027ba11aed30e41dbddf4fc8615626ade2ce81a05b33cc0543a90b189fc41ef2749e7ddb07fe1c9b9eae6c,projects/modellearning/logs/run.googleapis.com%2Fstdout,,2024-02-29T20:23:38.390448132Z,sscartquery,northamerica-northeast1,modellearning,sscartquery-00011-jzl,sscartquery,cloud_run_revision,INFO,functions/Logic.java,2024-02-29T20:23:38.234515Z
65e0e7ca00025db5129941f5,functions/Logic.java,service,cpu:=270000000  rt:=273371263,cloudfunctions,00d087f5e0c28364f40a88ea65440fad99d864800ea3cc4f8b70fe4c04ce8ea9bd6aa21cc40c9f2508c1dde8fc79b324f27e029f2d84aed35c039754a5d33a775a009f,projects/modellearning/logs/run.googleapis.com%2Fstdout,,2024-02-29T20:23:38.390448132Z,sscartquery,northamerica-northeast1,modellearning,sscartquery-00011-jzl,sscartquery,cloud_run_revision,INFO,functions/Logic.java,2024-02-29T20:23:38.155061Z
65e0e7c9000e45aef0a47e23,functions/Logic.java,service,cpu:=600000000  rt:=1214861447,cloudfunctions,00d087f5e04921ffa2ae878763f0217abb165fe4fe9a2e8a027ba11aed30e41dbddf4fc8615626ade2ce81a05b33cc0543a90b189fc41ef2749e7ddb07fe1c9b9eae6c,projects/modellearning/logs/run.googleapis.com%2Fstdout,,2024-02-29T20:23:38.058037121Z,sscartquery,northamerica-northeast1,modellearning,sscartquery-00011-jzl,sscartquery,cloud_run_revision,INFO,functions/Logic.java,2024-02-29T20:23:37.935342Z
65e0e7c9000e43109f4ef7cd,functions/Logic.java,service,cpu:=-5420000000  rt:=1214854370,cloudfunctions,00d087f5e04921ffa2ae878763f0217abb165fe4fe9a2e8a027ba11aed30e41dbddf4fc8615626ade2ce81a05b33cc0543a90b189fc41ef2749e7ddb07fe1c9b9eae6c,projects/modellearning/logs/run.googleapis.com%2Fstdout,,2024-02-29T20:23:38.058037121Z,sscartquery,northamerica-northeast1,modellearning,sscartquery-00011-jzl,sscartquery,cloud_run_revision,INFO,functions/Logic.java,2024-02-29T20:23:37.934672Z
65e0e7c9000bb8f1ee2197c0,functions/Logic.java,service,cpu:=2120000000  rt:=2250381997,cloudfunctions,00d087f5e0b82d4393d4a7bbb7f14727933f8b96724a91b37d40394984760349848f0c657a1b55ad143d87d15617c08a8ba76acddb65a7eb3b550a40e4aceccdfb8d33,projects/modellearning/logs/run.googleapis.com%2Fstdout,,2024-02-29T20:23:38.058037121Z,sscartquery,northamerica-northeast1,modellearning,sscartquery-00011-jzl,sscartquery,cloud_run_revision,INFO,functions/Logic.java,2024-02-29T20:23:37.768241Z
65e0e7c9000781bc8242dd22,functions/Logic.java,service,cpu:=520000000  rt:=535173105,cloudfunctions,00d087f5e0508b90f669d2e778e5edb119d2cf95bbdf1d474990a4029916e734b09cb9a2fbea2793facea51d590b84a7b32d827e55698dd1314956e833b1573e692dea,projects/modellearning/logs/run.googleapis.com%2Fstdout,,2024-02-29T20:23:37.724532375Z,sscartquery,northamerica-northeast1,modellearning,sscartquery-00011-jzl,sscartquery,cloud_run_revision,INFO,functions/Logic.java,2024-02-29T20:23:37.491964Z
65e0e7c90006a1a3729588f2,functions/Logic.java,service,cpu:=330000000  rt:=732556617,cloudfunctions,00d087f5e096f10c047c63271bf3ad0a02126a02b2e38fa8048979e18ea67d746ffa403f88d9a80d0fd5b28bb55609f2a74100003294e282c98f0e4563ee611fd74e6e,projects/modellearning/logs/run.googleapis.com%2Fstdout,,2024-02-29T20:23:37.724532375Z,sscartquery,northamerica-northeast1,modellearning,sscartquery-00011-jzl,sscartquery,cloud_run_revision,INFO,functions/Logic.java,2024-02-29T20:23:37.434595Z
65e0e7c9000534f4a76e4e4f,functions/Logic.java,service,cpu:=260000000  rt:=302980988,cloudfunctions,00d087f5e0c28364f40a88ea65440fad99d864800ea3cc4f8b70fe4c04ce8ea9bd6aa21cc40c9f2508c1dde8fc79b324f27e029f2d84aed35c039754a5d33a775a009f,projects/modellearning/logs/run.googleapis.com%2Fstdout,,2024-02-29T20:23:37.391472248Z,sscartquery,northamerica-northeast1,modellearning,sscartquery-00011-jzl,sscartquery,cloud_run_revision,INFO,functions/Logic.java,2024-02-29T20:23:37.341236Z
65e0e7c9000525a2bc8dbd3a,functions/Logic.java,service,cpu:=20000000  rt:=14599476,cloudfunctions,00d087f5e0fb53247b367efd3d5bd3eb6ec2079ea1f90edc419a49866437bf458cfeca444aeaa3b7daf5636b05c06cb47d5f161f950d27b45213cc036890ef6262ebf3,projects/modellearning/logs/run.googleapis.com%2Fstdout,,2024-02-29T20:23:37.391472248Z,sscartquery,northamerica-northeast1,modellearning,sscartquery-00011-jzl,sscartquery,cloud_run_revision,INFO,functions/Logic.java,2024-02-29T20:23:37.337314Z
65e0e7c900040e2a710d2561,functions/Logic.java,service,cpu:=2340000000  rt:=2383203556,cloudfunctions,00d087f5e0fb53247b367efd3d5bd3eb6ec2079ea1f90edc419a49866437bf458cfeca444aeaa3b7daf5636b05c06cb47d5f161f950d27b45213cc036890ef6262ebf3,projects/modellearning/logs/run.googleapis.com%2Fstdout,,2024-02-29T20:23:37.391472248Z,sscartquery,northamerica-northeast1,modellearning,sscartquery-00011-jzl,sscartquery,cloud_run_revision,INFO,functions/Logic.java,2024-02-29T20:23:37.265770Z
65e0e7c9000236b776dd71a1,functions/Logic.java,service,cpu:=1850000000  rt:=1921923502,cloudfunctions,00d087f5e07bdae58c1f4da3364551cac54ac5362bf1a9581e7d4bf9a32f14aae9b89d873ef09e84a16dbd253a49be122c24eb757e668e06c6c2cc19262d914e45e911,projects/modellearning/logs/run.googleapis.com%2Fstdout,,2024-02-29T20:23:37.391472248Z,sscartquery,northamerica-northeast1,modellearning,sscartquery-00011-jzl,sscartquery,cloud_run_revision,INFO,functions/Logic.java,2024-02-29T20:23:37.145079Z
65e0e7c8000db9970746db84,functions/Logic.java,service,cpu:=660000000  rt:=674723955,cloudfunctions,00d087f5e0508b90f669d2e778e5edb119d2cf95bbdf1d474990a4029916e734b09cb9a2fbea2793facea51d590b84a7b32d827e55698dd1314956e833b1573e692dea,projects/modellearning/logs/run.googleapis.com%2Fstdout,,2024-02-29T20:23:37.057586209Z,sscartquery,northamerica-northeast1,modellearning,sscartquery-00011-jzl,sscartquery,cloud_run_revision,INFO,functions/Logic.java,2024-02-29T20:23:36.899479Z
65e0e7c8000a7089e3f969ed,functions/Logic.java,service,cpu:=7220000000  rt:=2833559795,cloudfunctions,00d087f5e0c28364f40a88ea65440fad99d864800ea3cc4f8b70fe4c04ce8ea9bd6aa21cc40c9f2508c1dde8fc79b324f27e029f2d84aed35c039754a5d33a775a009f,projects/modellearning/logs/run.googleapis.com%2Fstdout,,2024-02-29T20:23:36.724541139Z,sscartquery,northamerica-northeast1,modellearning,sscartquery-00011-jzl,sscartquery,cloud_run_revision,INFO,functions/Logic.java,2024-02-29T20:23:36.684169Z
65e0e7c800041ec8dd8a2667,functions/Logic.java,service,cpu:=410000000  rt:=418772613,cloudfunctions,00d087f5e04921ffa2ae878763f0217abb165fe4fe9a2e8a027ba11aed30e41dbddf4fc8615626ade2ce81a05b33cc0543a90b189fc41ef2749e7ddb07fe1c9b9eae6c,projects/modellearning/logs/run.googleapis.com%2Fstdout,,2024-02-29T20:23:36.392398205Z,sscartquery,northamerica-northeast1,modellearning,sscartquery-00011-jzl,sscartquery,cloud_run_revision,INFO,functions/Logic.java,2024-02-29T20:23:36.270024Z
65e0e7c80000ebd1a1209026,functions/Logic.java,service,cpu:=3590000000  rt:=3707498857,cloudfunctions,00d087f5e0508b90f669d2e778e5edb119d2cf95bbdf1d474990a4029916e734b09cb9a2fbea2793facea51d590b84a7b32d827e55698dd1314956e833b1573e692dea,projects/modellearning/logs/run.googleapis.com%2Fstdout,,2024-02-29T20:23:36.392398205Z,sscartquery,northamerica-northeast1,modellearning,sscartquery-00011-jzl,sscartquery,cloud_run_revision,INFO,functions/Logic.java,2024-02-29T20:23:36.060369Z
65e0e7c70008ff99f02c7df3,functions/Logic.java,service,cpu:=2770000000  rt:=2868082196,cloudfunctions,00d087f5e025f1412d457ac9df76d9971bbb653901e64de3964b6771b432461e319b79b0f00c478208807a6c7a3fbf8874fe0596d4f63281afed598300217590a2678e,projects/modellearning/logs/run.googleapis.com%2Fstdout,,2024-02-29T20:23:35.726575797Z,sscartquery,northamerica-northeast1,modellearning,sscartquery-00011-jzl,sscartquery,cloud_run_revision,INFO,functions/Logic.java,2024-02-29T20:23:35.589721Z
65e0e7c700039389b36672e5,functions/Logic.java,service,cpu:=160000000  rt:=192171186,cloudfunctions,00d087f5e096f10c047c63271bf3ad0a02126a02b2e38fa8048979e18ea67d746ffa403f88d9a80d0fd5b28bb55609f2a74100003294e282c98f0e4563ee611fd74e6e,projects/modellearning/logs/run.googleapis.com%2Fstdout,,2024-02-29T20:23:35.393515822Z,sscartquery,northamerica-northeast1,modellearning,sscartquery-00011-jzl,sscartquery,cloud_run_revision,INFO,functions/Logic.java,2024-02-29T20:23:35.234377Z
65e0e7c700008749c54ba6bb,functions/Logic.java,service,cpu:=-1310000000  rt:=3101047517,cloudfunctions,00d087f5e04921ffa2ae878763f0217abb165fe4fe9a2e8a027ba11aed30e41dbddf4fc8615626ade2ce81a05b33cc0543a90b189fc41ef2749e7ddb07fe1c9b9eae6c,projects/modellearning/logs/run.googleapis.com%2Fstdout,,2024-02-29T20:23:35.058478270Z,sscartquery,northamerica-northeast1,modellearning,sscartquery-00011-jzl,sscartquery,cloud_run_revision,INFO,functions/Logic.java,2024-02-29T20:23:35.034633Z
65e0e7c6000a6ae26aed5224,functions/Logic.java,service,cpu:=30000000  rt:=24674902,cloudfunctions,00d087f5e0fb53247b367efd3d5bd3eb6ec2079ea1f90edc419a49866437bf458cfeca444aeaa3b7daf5636b05c06cb47d5f161f950d27b45213cc036890ef6262ebf3,projects/modellearning/logs/run.googleapis.com%2Fstdout,,2024-02-29T20:23:34.726606786Z,sscartquery,northamerica-northeast1,modellearning,sscartquery-00011-jzl,sscartquery,cloud_run_revision,INFO,functions/Logic.java,2024-02-29T20:23:34.682722Z
65e0e7c6000a688c1cccf333,functions/Logic.java,service,cpu:=250000000  rt:=259309552,cloudfunctions,00d087f5e0b82d4393d4a7bbb7f14727933f8b96724a91b37d40394984760349848f0c657a1b55ad143d87d15617c08a8ba76acddb65a7eb3b550a40e4aceccdfb8d33,projects/modellearning/logs/run.googleapis.com%2Fstdout,,2024-02-29T20:23:34.726606786Z,sscartquery,northamerica-northeast1,modellearning,sscartquery-00011-jzl,sscartquery,cloud_run_revision,INFO,functions/Logic.java,2024-02-29T20:23:34.682124Z
65e0e7c6000925b3248f27e1,functions/Logic.java,service,cpu:=740000000  rt:=757853448,cloudfunctions,00d087f5e0fb53247b367efd3d5bd3eb6ec2079ea1f90edc419a49866437bf458cfeca444aeaa3b7daf5636b05c06cb47d5f161f950d27b45213cc036890ef6262ebf3,projects/modellearning/logs/run.googleapis.com%2Fstdout,,2024-02-29T20:23:34.726606786Z,sscartquery,northamerica-northeast1,modellearning,sscartquery-00011-jzl,sscartquery,cloud_run_revision,INFO,functions/Logic.java,2024-02-29T20:23:34.599475Z
65e0e7c60007bae452709028,functions/Logic.java,service,cpu:=320000000  rt:=318438496,cloudfunctions,00d087f5e07bdae58c1f4da3364551cac54ac5362bf1a9581e7d4bf9a32f14aae9b89d873ef09e84a16dbd253a49be122c24eb757e668e06c6c2cc19262d914e45e911,projects/modellearning/logs/run.googleapis.com%2Fstdout,,2024-02-29T20:23:34.726606786Z,sscartquery,northamerica-northeast1,modellearning,sscartquery-00011-jzl,sscartquery,cloud_run_revision,INFO,functions/Logic.java,2024-02-29T20:23:34.506596Z
65e0e7c60006dddd74a01f9c,functions/Logic.java,service,cpu:=350000000  rt:=598797972,cloudfunctions,00d087f5e0c28364f40a88ea65440fad99d864800ea3cc4f8b70fe4c04ce8ea9bd6aa21cc40c9f2508c1dde8fc79b324f27e029f2d84aed35c039754a5d33a775a009f,projects/modellearning/logs/run.googleapis.com%2Fstdout,,2024-02-29T20:23:34.726606786Z,sscartquery,northamerica-northeast1,modellearning,sscartquery-00011-jzl,sscartquery,cloud_run_revision,INFO,functions/Logic.java,2024-02-29T20:23:34.450013Z
65e0e7c600027e3e5b813636,functions/Logic.java,service,cpu:=2360000000  rt:=1416842942,cloudfunctions,00d087f5e096f10c047c63271bf3ad0a02126a02b2e38fa8048979e18ea67d746ffa403f88d9a80d0fd5b28bb55609f2a74100003294e282c98f0e4563ee611fd74e6e,projects/modellearning/logs/run.googleapis.com%2Fstdout,,2024-02-29T20:23:34.393058228Z,sscartquery,northamerica-northeast1,modellearning,sscartquery-00011-jzl,sscartquery,cloud_run_revision,INFO,functions/Logic.java,2024-02-29T20:23:34.163390Z
65e0e7c600016633dac66413,functions/Logic.java,service,cpu:=520000000  rt:=543962702,cloudfunctions,00d087f5e0b82d4393d4a7bbb7f14727933f8b96724a91b37d40394984760349848f0c657a1b55ad143d87d15617c08a8ba76acddb65a7eb3b550a40e4aceccdfb8d33,projects/modellearning/logs/run.googleapis.com%2Fstdout,,2024-02-29T20:23:34.393058228Z,sscartquery,northamerica-northeast1,modellearning,sscartquery-00011-jzl,sscartquery,cloud_run_revision,INFO,functions/Logic.java,2024-02-29T20:23:34.091699Z
65e0e7c5000e42527d869af5,functions/Logic.java,service,cpu:=1190000000  rt:=2001693793,cloudfunctions,00d087f5e04921ffa2ae878763f0217abb165fe4fe9a2e8a027ba11aed30e41dbddf4fc8615626ade2ce81a05b33cc0543a90b189fc41ef2749e7ddb07fe1c9b9eae6c,projects/modellearning/logs/run.googleapis.com%2Fstdout,,2024-02-29T20:23:34.059401789Z,sscartquery,northamerica-northeast1,modellearning,sscartquery-00011-jzl,sscartquery,cloud_run_revision,INFO,functions/Logic.java,2024-02-29T20:23:33.934482Z
65e0e7c5000e4241c33b9146,functions/Logic.java,service,cpu:=620000000  rt:=637935714,cloudfunctions,00d087f5e07bdae58c1f4da3364551cac54ac5362bf1a9581e7d4bf9a32f14aae9b89d873ef09e84a16dbd253a49be122c24eb757e668e06c6c2cc19262d914e45e911,projects/modellearning/logs/run.googleapis.com%2Fstdout,,2024-02-29T20:23:34.059401789Z,sscartquery,northamerica-northeast1,modellearning,sscartquery-00011-jzl,sscartquery,cloud_run_revision,INFO,functions/Logic.java,2024-02-29T20:23:33.934465Z
65e0e7c5000bcbc5e581aa73,functions/Logic.java,service,cpu:=580000000  rt:=582519564,cloudfunctions,00d087f5e0fb53247b367efd3d5bd3eb6ec2079ea1f90edc419a49866437bf458cfeca444aeaa3b7daf5636b05c06cb47d5f161f950d27b45213cc036890ef6262ebf3,projects/modellearning/logs/run.googleapis.com%2Fstdout,,2024-02-29T20:23:34.059401789Z,sscartquery,northamerica-northeast1,modellearning,sscartquery-00011-jzl,sscartquery,cloud_run_revision,INFO,functions/Logic.java,2024-02-29T20:23:33.773061Z
65e0e7c5000251f7f583bbc3,functions/Logic.java,service,cpu:=930000000  rt:=955589444,cloudfunctions,00d087f5e0fb53247b367efd3d5bd3eb6ec2079ea1f90edc419a49866437bf458cfeca444aeaa3b7daf5636b05c06cb47d5f161f950d27b45213cc036890ef6262ebf3,projects/modellearning/logs/run.googleapis.com%2Fstdout,,2024-02-29T20:23:33.394508810Z,sscartquery,northamerica-northeast1,modellearning,sscartquery-00011-jzl,sscartquery,cloud_run_revision,INFO,functions/Logic.java,2024-02-29T20:23:33.152055Z
65e0e7c500020d80aaa9d98e,functions/Logic.java,service,cpu:=4650000000  rt:=4107976319,cloudfunctions,00d087f5e0b82d4393d4a7bbb7f14727933f8b96724a91b37d40394984760349848f0c657a1b55ad143d87d15617c08a8ba76acddb65a7eb3b550a40e4aceccdfb8d33,projects/modellearning/logs/run.googleapis.com%2Fstdout,,2024-02-29T20:23:33.394508810Z,sscartquery,northamerica-northeast1,modellearning,sscartquery-00011-jzl,sscartquery,cloud_run_revision,INFO,functions/Logic.java,2024-02-29T20:23:33.134528Z
65e0e7c50000f904bec8878a,functions/Logic.java,service,cpu:=140000000  rt:=317669353,cloudfunctions,00d087f5e096f10c047c63271bf3ad0a02126a02b2e38fa8048979e18ea67d746ffa403f88d9a80d0fd5b28bb55609f2a74100003294e282c98f0e4563ee611fd74e6e,projects/modellearning/logs/run.googleapis.com%2Fstdout,,2024-02-29T20:23:33.394508810Z,sscartquery,northamerica-northeast1,modellearning,sscartquery-00011-jzl,sscartquery,cloud_run_revision,INFO,functions/Logic.java,2024-02-29T20:23:33.063748Z
65e0e7c4000ec1579685b70b,functions/Logic.java,service,cpu:=1040000000  rt:=1097115115,cloudfunctions,00d087f5e07bdae58c1f4da3364551cac54ac5362bf1a9581e7d4bf9a32f14aae9b89d873ef09e84a16dbd253a49be122c24eb757e668e06c6c2cc19262d914e45e911,projects/modellearning/logs/run.googleapis.com%2Fstdout,,2024-02-29T20:23:33.060961511Z,sscartquery,northamerica-northeast1,modellearning,sscartquery-00011-jzl,sscartquery,cloud_run_revision,INFO,functions/Logic.java,2024-02-29T20:23:32.966999Z
65e0e7c40005a60e7ef5e85a,functions/Logic.java,service,cpu:=250000000  rt:=578935661,cloudfunctions,00d087f5e096f10c047c63271bf3ad0a02126a02b2e38fa8048979e18ea67d746ffa403f88d9a80d0fd5b28bb55609f2a74100003294e282c98f0e4563ee611fd74e6e,projects/modellearning/logs/run.googleapis.com%2Fstdout,,2024-02-29T20:23:32.395380594Z,sscartquery,northamerica-northeast1,modellearning,sscartquery-00011-jzl,sscartquery,cloud_run_revision,INFO,functions/Logic.java,2024-02-29T20:23:32.370190Z
65e0e7c4000218cd79e3bfac,functions/Logic.java,service,cpu:=2210000000  rt:=2260971978,cloudfunctions,00d087f5e0fb53247b367efd3d5bd3eb6ec2079ea1f90edc419a49866437bf458cfeca444aeaa3b7daf5636b05c06cb47d5f161f950d27b45213cc036890ef6262ebf3,projects/modellearning/logs/run.googleapis.com%2Fstdout,,2024-02-29T20:23:32.395380594Z,sscartquery,northamerica-northeast1,modellearning,sscartquery-00011-jzl,sscartquery,cloud_run_revision,INFO,functions/Logic.java,2024-02-29T20:23:32.137421Z
65e0e7c400020cd05cf82363,functions/Logic.java,service,cpu:=2530000000  rt:=2698616816,cloudfunctions,00d087f5e025f1412d457ac9df76d9971bbb653901e64de3964b6771b432461e319b79b0f00c478208807a6c7a3fbf8874fe0596d4f63281afed598300217590a2678e,projects/modellearning/logs/run.googleapis.com%2Fstdout,,2024-02-29T20:23:32.395380594Z,sscartquery,northamerica-northeast1,modellearning,sscartquery-00011-jzl,sscartquery,cloud_run_revision,INFO,functions/Logic.java,2024-02-29T20:23:32.134352Z
65e0e7c40001006083caec08,functions/Logic.java,service,cpu:=-2630000000  rt:=2849354759,cloudfunctions,00d087f5e0508b90f669d2e778e5edb119d2cf95bbdf1d474990a4029916e734b09cb9a2fbea2793facea51d590b84a7b32d827e55698dd1314956e833b1573e692dea,projects/modellearning/logs/run.googleapis.com%2Fstdout,,2024-02-29T20:23:32.395380594Z,sscartquery,northamerica-northeast1,modellearning,sscartquery-00011-jzl,sscartquery,cloud_run_revision,INFO,functions/Logic.java,2024-02-29T20:23:32.065632Z
65e0e7c3000c118421c4ca83,functions/Logic.java,service,cpu:=540000000  rt:=579810014,cloudfunctions,00d087f5e07bdae58c1f4da3364551cac54ac5362bf1a9581e7d4bf9a32f14aae9b89d873ef09e84a16dbd253a49be122c24eb757e668e06c6c2cc19262d914e45e911,projects/modellearning/logs/run.googleapis.com%2Fstdout,,2024-02-29T20:23:32.061220225Z,sscartquery,northamerica-northeast1,modellearning,sscartquery-00011-jzl,sscartquery,cloud_run_revision,INFO,functions/Logic.java,2024-02-29T20:23:31.790916Z
65e0e7c30005e06ed9eecc61,functions/Logic.java,service,cpu:=350000000  rt:=363335870,cloudfunctions,00d087f5e04921ffa2ae878763f0217abb165fe4fe9a2e8a027ba11aed30e41dbddf4fc8615626ade2ce81a05b33cc0543a90b189fc41ef2749e7ddb07fe1c9b9eae6c,projects/modellearning/logs/run.googleapis.com%2Fstdout,,2024-02-29T20:23:31.395322733Z,sscartquery,northamerica-northeast1,modellearning,sscartquery-00011-jzl,sscartquery,cloud_run_revision,INFO,functions/Logic.java,2024-02-29T20:23:31.385134Z
65e0e7c2000dda808ff09982,functions/Logic.java,service,cpu:=680000000  rt:=705120996,cloudfunctions,00d087f5e096f10c047c63271bf3ad0a02126a02b2e38fa8048979e18ea67d746ffa403f88d9a80d0fd5b28bb55609f2a74100003294e282c98f0e4563ee611fd74e6e,projects/modellearning/logs/run.googleapis.com%2Fstdout,,2024-02-29T20:23:31.062266781Z,sscartquery,northamerica-northeast1,modellearning,sscartquery-00011-jzl,sscartquery,cloud_run_revision,INFO,functions/Logic.java,2024-02-29T20:23:30.907904Z
65e0e7c2000a63ba61f0b41b,functions/Logic.java,service,cpu:=1050000000  rt:=1085960246,cloudfunctions,00d087f5e07bdae58c1f4da3364551cac54ac5362bf1a9581e7d4bf9a32f14aae9b89d873ef09e84a16dbd253a49be122c24eb757e668e06c6c2cc19262d914e45e911,projects/modellearning/logs/run.googleapis.com%2Fstdout,,2024-02-29T20:23:30.729271784Z,sscartquery,northamerica-northeast1,modellearning,sscartquery-00011-jzl,sscartquery,cloud_run_revision,INFO,functions/Logic.java,2024-02-29T20:23:30.680890Z
65e0e7c20008721e9499c7be,functions/Logic.java,service,cpu:=16450000000  rt:=1293161405,cloudfunctions,00d087f5e04921ffa2ae878763f0217abb165fe4fe9a2e8a027ba11aed30e41dbddf4fc8615626ade2ce81a05b33cc0543a90b189fc41ef2749e7ddb07fe1c9b9eae6c,projects/modellearning/logs/run.googleapis.com%2Fstdout,,2024-02-29T20:23:30.729271784Z,sscartquery,northamerica-northeast1,modellearning,sscartquery-00011-jzl,sscartquery,cloud_run_revision,INFO,functions/Logic.java,2024-02-29T20:23:30.553502Z
65e0e7c20006a1374b22f508,functions/Logic.java,service,cpu:=650000000  rt:=1218568937,cloudfunctions,00d087f5e0508b90f669d2e778e5edb119d2cf95bbdf1d474990a4029916e734b09cb9a2fbea2793facea51d590b84a7b32d827e55698dd1314956e833b1573e692dea,projects/modellearning/logs/run.googleapis.com%2Fstdout,,2024-02-29T20:23:30.729271784Z,sscartquery,northamerica-northeast1,modellearning,sscartquery-00011-jzl,sscartquery,cloud_run_revision,INFO,functions/Logic.java,2024-02-29T20:23:30.434487Z
65e0e7c2000553acb405c5af,functions/Logic.java,service,cpu:=600000000  rt:=1088830600,cloudfunctions,00d087f5e04921ffa2ae878763f0217abb165fe4fe9a2e8a027ba11aed30e41dbddf4fc8615626ade2ce81a05b33cc0543a90b189fc41ef2749e7ddb07fe1c9b9eae6c,projects/modellearning/logs/run.googleapis.com%2Fstdout,,2024-02-29T20:23:30.396253444Z,sscartquery,northamerica-northeast1,modellearning,sscartquery-00011-jzl,sscartquery,cloud_run_revision,INFO,functions/Logic.java,2024-02-29T20:23:30.349100Z
65e0e7c20004af3930475d52,functions/Logic.java,service,cpu:=20000000  rt:=11707354,cloudfunctions,00d087f5e0c28364f40a88ea65440fad99d864800ea3cc4f8b70fe4c04ce8ea9bd6aa21cc40c9f2508c1dde8fc79b324f27e029f2d84aed35c039754a5d33a775a009f,projects/modellearning/logs/run.googleapis.com%2Fstdout,,2024-02-29T20:23:30.396253444Z,sscartquery,northamerica-northeast1,modellearning,sscartquery-00011-jzl,sscartquery,cloud_run_revision,INFO,functions/Logic.java,2024-02-29T20:23:30.307001Z
65e0e7c20002a19d083f98d8,functions/Logic.java,service,cpu:=220000000  rt:=214551504,cloudfunctions,00d087f5e096f10c047c63271bf3ad0a02126a02b2e38fa8048979e18ea67d746ffa403f88d9a80d0fd5b28bb55609f2a74100003294e282c98f0e4563ee611fd74e6e,projects/modellearning/logs/run.googleapis.com%2Fstdout,,2024-02-29T20:23:30.396253444Z,sscartquery,northamerica-northeast1,modellearning,sscartquery-00011-jzl,sscartquery,cloud_run_revision,INFO,functions/Logic.java,2024-02-29T20:23:30.172445Z
65e0e7c1000db221023938ac,functions/Logic.java,service,cpu:=5230000000  rt:=4022842376,cloudfunctions,00d087f5e096f10c047c63271bf3ad0a02126a02b2e38fa8048979e18ea67d746ffa403f88d9a80d0fd5b28bb55609f2a74100003294e282c98f0e4563ee611fd74e6e,projects/modellearning/logs/run.googleapis.com%2Fstdout,,2024-02-29T20:23:30.064099707Z,sscartquery,northamerica-northeast1,modellearning,sscartquery-00011-jzl,sscartquery,cloud_run_revision,INFO,functions/Logic.java,2024-02-29T20:23:29.897569Z
65e0e7c1000cbb90b253b5a0,functions/Logic.java,service,cpu:=450000000  rt:=808630454,cloudfunctions,00d087f5e0b82d4393d4a7bbb7f14727933f8b96724a91b37d40394984760349848f0c657a1b55ad143d87d15617c08a8ba76acddb65a7eb3b550a40e4aceccdfb8d33,projects/modellearning/logs/run.googleapis.com%2Fstdout,,2024-02-29T20:23:30.064099707Z,sscartquery,northamerica-northeast1,modellearning,sscartquery-00011-jzl,sscartquery,cloud_run_revision,INFO,functions/Logic.java,2024-02-29T20:23:29.834448Z
65e0e7c1000b34f8645600ec,functions/Logic.java,service,cpu:=9070000000  rt:=298663746,cloudfunctions,00d087f5e025f1412d457ac9df76d9971bbb653901e64de3964b6771b432461e319b79b0f00c478208807a6c7a3fbf8874fe0596d4f63281afed598300217590a2678e,projects/modellearning/logs/run.googleapis.com%2Fstdout,,2024-02-29T20:23:30.064099707Z,sscartquery,northamerica-northeast1,modellearning,sscartquery-00011-jzl,sscartquery,cloud_run_revision,INFO,functions/Logic.java,2024-02-29T20:23:29.734456Z
65e0e7c10009ae51d276cc8a,functions/Logic.java,service,cpu:=1700000000  rt:=1769427710,cloudfunctions,00d087f5e0fb53247b367efd3d5bd3eb6ec2079ea1f90edc419a49866437bf458cfeca444aeaa3b7daf5636b05c06cb47d5f161f950d27b45213cc036890ef6262ebf3,projects/modellearning/logs/run.googleapis.com%2Fstdout,,2024-02-29T20:23:29.731564127Z,sscartquery,northamerica-northeast1,modellearning,sscartquery-00011-jzl,sscartquery,cloud_run_revision,INFO,functions/Logic.java,2024-02-29T20:23:29.634449Z
65e0e7c1000827c2bb9a71f3,functions/Logic.java,service,cpu:=-1790000000  rt:=2753125837,cloudfunctions,00d087f5e07bdae58c1f4da3364551cac54ac5362bf1a9581e7d4bf9a32f14aae9b89d873ef09e84a16dbd253a49be122c24eb757e668e06c6c2cc19262d914e45e911,projects/modellearning/logs/run.googleapis.com%2Fstdout,,2024-02-29T20:23:29.731564127Z,sscartquery,northamerica-northeast1,modellearning,sscartquery-00011-jzl,sscartquery,cloud_run_revision,INFO,functions/Logic.java,2024-02-29T20:23:29.534466Z
65e0e7c10008278e6488fcc1,functions/Logic.java,service,cpu:=1350000000  rt:=2753091711,cloudfunctions,00d087f5e07bdae58c1f4da3364551cac54ac5362bf1a9581e7d4bf9a32f14aae9b89d873ef09e84a16dbd253a49be122c24eb757e668e06c6c2cc19262d914e45e911,projects/modellearning/logs/run.googleapis.com%2Fstdout,,2024-02-29T20:23:29.731564127Z,sscartquery,northamerica-northeast1,modellearning,sscartquery-00011-jzl,sscartquery,cloud_run_revision,INFO,functions/Logic.java,2024-02-29T20:23:29.534414Z
65e0e7c0000e41e74da72c4c,functions/Logic.java,service,cpu:=380000000  rt:=3059738724,cloudfunctions,00d087f5e096f10c047c63271bf3ad0a02126a02b2e38fa8048979e18ea67d746ffa403f88d9a80d0fd5b28bb55609f2a74100003294e282c98f0e4563ee611fd74e6e,projects/modellearning/logs/run.googleapis.com%2Fstdout,,2024-02-29T20:23:29.065653194Z,sscartquery,northamerica-northeast1,modellearning,sscartquery-00011-jzl,sscartquery,cloud_run_revision,INFO,functions/Logic.java,2024-02-29T20:23:28.934375Z
65e0e7c0000396dc6c074e37,functions/Logic.java,service,cpu:=150000000  rt:=150801439,cloudfunctions,00d087f5e04921ffa2ae878763f0217abb165fe4fe9a2e8a027ba11aed30e41dbddf4fc8615626ade2ce81a05b33cc0543a90b189fc41ef2749e7ddb07fe1c9b9eae6c,projects/modellearning/logs/run.googleapis.com%2Fstdout,,2024-02-29T20:23:28.398904667Z,sscartquery,northamerica-northeast1,modellearning,sscartquery-00011-jzl,sscartquery,cloud_run_revision,INFO,functions/Logic.java,2024-02-29T20:23:28.235228Z
65e0e7c00001b2c7c436fc95,functions/Logic.java,service,cpu:=-2610000000  rt:=1076750083,cloudfunctions,00d087f5e0c28364f40a88ea65440fad99d864800ea3cc4f8b70fe4c04ce8ea9bd6aa21cc40c9f2508c1dde8fc79b324f27e029f2d84aed35c039754a5d33a775a009f,projects/modellearning/logs/run.googleapis.com%2Fstdout,,2024-02-29T20:23:28.398904667Z,sscartquery,northamerica-northeast1,modellearning,sscartquery-00011-jzl,sscartquery,cloud_run_revision,INFO,functions/Logic.java,2024-02-29T20:23:28.111303Z
65e0e7bf000bda3a735880f4,functions/Logic.java,service,cpu:=1090000000  rt:=1109482915,cloudfunctions,00d087f5e0b82d4393d4a7bbb7f14727933f8b96724a91b37d40394984760349848f0c657a1b55ad143d87d15617c08a8ba76acddb65a7eb3b550a40e4aceccdfb8d33,projects/modellearning/logs/run.googleapis.com%2Fstdout,,2024-02-29T20:23:28.065276945Z,sscartquery,northamerica-northeast1,modellearning,sscartquery-00011-jzl,sscartquery,cloud_run_revision,INFO,functions/Logic.java,2024-02-29T20:23:27.776762Z
65e0e7bf000b44f5d75dbeb5,functions/Logic.java,service,cpu:=450000000  rt:=460667911,cloudfunctions,00d087f5e0508b90f669d2e778e5edb119d2cf95bbdf1d474990a4029916e734b09cb9a2fbea2793facea51d590b84a7b32d827e55698dd1314956e833b1573e692dea,projects/modellearning/logs/run.googleapis.com%2Fstdout,,2024-02-29T20:23:28.065276945Z,sscartquery,northamerica-northeast1,modellearning,sscartquery-00011-jzl,sscartquery,cloud_run_revision,INFO,functions/Logic.java,2024-02-29T20:23:27.738549Z
65e0e7bf0009f6f5a5e1ed6d,functions/Logic.java,service,cpu:=1170000000  rt:=1219408667,cloudfunctions,00d087f5e025f1412d457ac9df76d9971bbb653901e64de3964b6771b432461e319b79b0f00c478208807a6c7a3fbf8874fe0596d4f63281afed598300217590a2678e,projects/modellearning/logs/run.googleapis.com%2Fstdout,,2024-02-29T20:23:27.732405948Z,sscartquery,northamerica-northeast1,modellearning,sscartquery-00011-jzl,sscartquery,cloud_run_revision,INFO,functions/Logic.java,2024-02-29T20:23:27.653045Z
65e0e7bf0009ae5804cbf774,functions/Logic.java,service,cpu:=-6020000000  rt:=1901901349,cloudfunctions,00d087f5e0fb53247b367efd3d5bd3eb6ec2079ea1f90edc419a49866437bf458cfeca444aeaa3b7daf5636b05c06cb47d5f161f950d27b45213cc036890ef6262ebf3,projects/modellearning/logs/run.googleapis.com%2Fstdout,,2024-02-29T20:23:27.732405948Z,sscartquery,northamerica-northeast1,modellearning,sscartquery-00011-jzl,sscartquery,cloud_run_revision,INFO,functions/Logic.java,2024-02-29T20:23:27.634456Z
65e0e7bf00051ae7dd1353bf,functions/Logic.java,service,cpu:=150000000  rt:=300068306,cloudfunctions,00d087f5e0c28364f40a88ea65440fad99d864800ea3cc4f8b70fe4c04ce8ea9bd6aa21cc40c9f2508c1dde8fc79b324f27e029f2d84aed35c039754a5d33a775a009f,projects/modellearning/logs/run.googleapis.com%2Fstdout,,2024-02-29T20:23:27.399163702Z,sscartquery,northamerica-northeast1,modellearning,sscartquery-00011-jzl,sscartquery,cloud_run_revision,INFO,functions/Logic.java,2024-02-29T20:23:27.334567Z
65e0e7bf00047ba2eee7a48c,functions/Logic.java,service,cpu:=3930000000  rt:=4114972168,cloudfunctions,00d087f5e04921ffa2ae878763f0217abb165fe4fe9a2e8a027ba11aed30e41dbddf4fc8615626ade2ce81a05b33cc0543a90b189fc41ef2749e7ddb07fe1c9b9eae6c,projects/modellearning/logs/run.googleapis.com%2Fstdout,,2024-02-29T20:23:27.399163702Z,sscartquery,northamerica-northeast1,modellearning,sscartquery-00011-jzl,sscartquery,cloud_run_revision,INFO,functions/Logic.java,2024-02-29T20:23:27.293794Z
65e0e7bf00008759e460d10c,functions/Logic.java,service,cpu:=140000000  rt:=144488388,cloudfunctions,00d087f5e0d2ec86d3e5125cd7f8c8da0159c6c9245f96f8b661fd58a2c43ac7b7746cbd693c48c899aa0e18c79c8f6e29e46ee53925108e8c6a70ca451f1b05c9a9d7,projects/modellearning/logs/run.googleapis.com%2Fstdout,,2024-02-29T20:23:27.065896983Z,sscartquery,northamerica-northeast1,modellearning,sscartquery-00011-jzl,sscartquery,cloud_run_revision,INFO,functions/Logic.java,2024-02-29T20:23:27.034649Z
65e0e7bf0000217be4947b97,functions/Logic.java,service,cpu:=830000000  rt:=847975032,cloudfunctions,00d087f5e0508b90f669d2e778e5edb119d2cf95bbdf1d474990a4029916e734b09cb9a2fbea2793facea51d590b84a7b32d827e55698dd1314956e833b1573e692dea,projects/modellearning/logs/run.googleapis.com%2Fstdout,,2024-02-29T20:23:27.065896983Z,sscartquery,northamerica-northeast1,modellearning,sscartquery-00011-jzl,sscartquery,cloud_run_revision,INFO,functions/Logic.java,2024-02-29T20:23:27.008571Z
65e0e7be000a21f2eb2c2d64,functions/Logic.java,service,cpu:=530000000  rt:=931619698,cloudfunctions,00d087f5e0fb53247b367efd3d5bd3eb6ec2079ea1f90edc419a49866437bf458cfeca444aeaa3b7daf5636b05c06cb47d5f161f950d27b45213cc036890ef6262ebf3,projects/modellearning/logs/run.googleapis.com%2Fstdout,,2024-02-29T20:23:26.732976585Z,sscartquery,northamerica-northeast1,modellearning,sscartquery-00011-jzl,sscartquery,cloud_run_revision,INFO,functions/Logic.java,2024-02-29T20:23:26.664050Z
65e0e7be0007c403bf494e01,functions/Logic.java,service,cpu:=160000000  rt:=161230418,cloudfunctions,00d087f5e0b82d4393d4a7bbb7f14727933f8b96724a91b37d40394984760349848f0c657a1b55ad143d87d15617c08a8ba76acddb65a7eb3b550a40e4aceccdfb8d33,projects/modellearning/logs/run.googleapis.com%2Fstdout,,2024-02-29T20:23:26.732976585Z,sscartquery,northamerica-northeast1,modellearning,sscartquery-00011-jzl,sscartquery,cloud_run_revision,INFO,functions/Logic.java,2024-02-29T20:23:26.508931Z
65e0e7be0005f10ab71c5a5f,functions/Logic.java,service,cpu:=540000000  rt:=549572587,cloudfunctions,00d087f5e07bdae58c1f4da3364551cac54ac5362bf1a9581e7d4bf9a32f14aae9b89d873ef09e84a16dbd253a49be122c24eb757e668e06c6c2cc19262d914e45e911,projects/modellearning/logs/run.googleapis.com%2Fstdout,,2024-02-29T20:23:26.399375162Z,sscartquery,northamerica-northeast1,modellearning,sscartquery-00011-jzl,sscartquery,cloud_run_revision,INFO,functions/Logic.java,2024-02-29T20:23:26.389386Z
65e0e7be000314a42f580ede,functions/Logic.java,service,cpu:=2870000000  rt:=2963810735,cloudfunctions,00d087f5e025f1412d457ac9df76d9971bbb653901e64de3964b6771b432461e319b79b0f00c478208807a6c7a3fbf8874fe0596d4f63281afed598300217590a2678e,projects/modellearning/logs/run.googleapis.com%2Fstdout,,2024-02-29T20:23:26.399375162Z,sscartquery,northamerica-northeast1,modellearning,sscartquery-00011-jzl,sscartquery,cloud_run_revision,INFO,functions/Logic.java,2024-02-29T20:23:26.201892Z
65e0e7be00011c8ed457fe3c,functions/Logic.java,service,cpu:=600000000  rt:=607798757,cloudfunctions,00d087f5e0b82d4393d4a7bbb7f14727933f8b96724a91b37d40394984760349848f0c657a1b55ad143d87d15617c08a8ba76acddb65a7eb3b550a40e4aceccdfb8d33,projects/modellearning/logs/run.googleapis.com%2Fstdout,,2024-02-29T20:23:26.399375162Z,sscartquery,northamerica-northeast1,modellearning,sscartquery-00011-jzl,sscartquery,cloud_run_revision,INFO,functions/Logic.java,2024-02-29T20:23:26.072846Z
65e0e7be00000f9b9fb3997c,functions/Logic.java,service,cpu:=1630000000  rt:=1702415347,cloudfunctions,00d087f5e0508b90f669d2e778e5edb119d2cf95bbdf1d474990a4029916e734b09cb9a2fbea2793facea51d590b84a7b32d827e55698dd1314956e833b1573e692dea,projects/modellearning/logs/run.googleapis.com%2Fstdout,,2024-02-29T20:23:26.066209993Z,sscartquery,northamerica-northeast1,modellearning,sscartquery-00011-jzl,sscartquery,cloud_run_revision,INFO,functions/Logic.java,2024-02-29T20:23:26.003995Z
65e0e7bd000db9052e72e9b2,functions/Logic.java,service,cpu:=10000000  rt:=24422969,cloudfunctions,00d087f5e096f10c047c63271bf3ad0a02126a02b2e38fa8048979e18ea67d746ffa403f88d9a80d0fd5b28bb55609f2a74100003294e282c98f0e4563ee611fd74e6e,projects/modellearning/logs/run.googleapis.com%2Fstdout,,2024-02-29T20:23:26.066209993Z,sscartquery,northamerica-northeast1,modellearning,sscartquery-00011-jzl,sscartquery,cloud_run_revision,INFO,functions/Logic.java,2024-02-29T20:23:25.899333Z
65e0e7bd000b34fcfd5b4529,functions/Logic.java,service,cpu:=600000000  rt:=1183673653,cloudfunctions,00d087f5e096f10c047c63271bf3ad0a02126a02b2e38fa8048979e18ea67d746ffa403f88d9a80d0fd5b28bb55609f2a74100003294e282c98f0e4563ee611fd74e6e,projects/modellearning/logs/run.googleapis.com%2Fstdout,,2024-02-29T20:23:26.066209993Z,sscartquery,northamerica-northeast1,modellearning,sscartquery-00011-jzl,sscartquery,cloud_run_revision,INFO,functions/Logic.java,2024-02-29T20:23:25.734460Z
65e0e7bd000867423c52a8ee,functions/Logic.java,service,cpu:=1080000000  rt:=1111902368,cloudfunctions,00d087f5e07bdae58c1f4da3364551cac54ac5362bf1a9581e7d4bf9a32f14aae9b89d873ef09e84a16dbd253a49be122c24eb757e668e06c6c2cc19262d914e45e911,projects/modellearning/logs/run.googleapis.com%2Fstdout,,2024-02-29T20:23:25.733820211Z,sscartquery,northamerica-northeast1,modellearning,sscartquery-00011-jzl,sscartquery,cloud_run_revision,INFO,functions/Logic.java,2024-02-29T20:23:25.550722Z
65e0e7bd0005a3e9ce937570,functions/Logic.java,service,cpu:=310000000  rt:=314337406,cloudfunctions,00d087f5e0b82d4393d4a7bbb7f14727933f8b96724a91b37d40394984760349848f0c657a1b55ad143d87d15617c08a8ba76acddb65a7eb3b550a40e4aceccdfb8d33,projects/modellearning/logs/run.googleapis.com%2Fstdout,,2024-02-29T20:23:25.401066721Z,sscartquery,northamerica-northeast1,modellearning,sscartquery-00011-jzl,sscartquery,cloud_run_revision,INFO,functions/Logic.java,2024-02-29T20:23:25.369641Z
65e0e7bc000b5d1c1f03a33a,functions/Logic.java,service,cpu:=4990000000  rt:=1243019260,cloudfunctions,00d087f5e0b82d4393d4a7bbb7f14727933f8b96724a91b37d40394984760349848f0c657a1b55ad143d87d15617c08a8ba76acddb65a7eb3b550a40e4aceccdfb8d33,projects/modellearning/logs/run.googleapis.com%2Fstdout,,2024-02-29T20:23:25.068156210Z,sscartquery,northamerica-northeast1,modellearning,sscartquery-00011-jzl,sscartquery,cloud_run_revision,INFO,functions/Logic.java,2024-02-29T20:23:24.744732Z
65e0e7bc000b3d5a3e79cfb8,functions/Logic.java,service,cpu:=650000000  rt:=1234952609,cloudfunctions,00d087f5e0b82d4393d4a7bbb7f14727933f8b96724a91b37d40394984760349848f0c657a1b55ad143d87d15617c08a8ba76acddb65a7eb3b550a40e4aceccdfb8d33,projects/modellearning/logs/run.googleapis.com%2Fstdout,,2024-02-29T20:23:25.068156210Z,sscartquery,northamerica-northeast1,modellearning,sscartquery-00011-jzl,sscartquery,cloud_run_revision,INFO,functions/Logic.java,2024-02-29T20:23:24.736602Z
65e0e7bc0008feaee4ffec97,functions/Logic.java,service,cpu:=-2060000000  rt:=2890651616,cloudfunctions,00d087f5e0fb53247b367efd3d5bd3eb6ec2079ea1f90edc419a49866437bf458cfeca444aeaa3b7daf5636b05c06cb47d5f161f950d27b45213cc036890ef6262ebf3,projects/modellearning/logs/run.googleapis.com%2Fstdout,,2024-02-29T20:23:24.735168690Z,sscartquery,northamerica-northeast1,modellearning,sscartquery-00011-jzl,sscartquery,cloud_run_revision,INFO,functions/Logic.java,2024-02-29T20:23:24.589486Z
65e0e7bc000609aa08dff585,functions/Logic.java,service,cpu:=140000000  rt:=151444459,cloudfunctions,00d087f5e096f10c047c63271bf3ad0a02126a02b2e38fa8048979e18ea67d746ffa403f88d9a80d0fd5b28bb55609f2a74100003294e282c98f0e4563ee611fd74e6e,projects/modellearning/logs/run.googleapis.com%2Fstdout,,2024-02-29T20:23:24.401481190Z,sscartquery,northamerica-northeast1,modellearning,sscartquery-00011-jzl,sscartquery,cloud_run_revision,INFO,functions/Logic.java,2024-02-29T20:23:24.395690Z
65e0e7bc0004bd0456101bdb,functions/Logic.java,service,cpu:=830000000  rt:=857165049,cloudfunctions,00d087f5e07bdae58c1f4da3364551cac54ac5362bf1a9581e7d4bf9a32f14aae9b89d873ef09e84a16dbd253a49be122c24eb757e668e06c6c2cc19262d914e45e911,projects/modellearning/logs/run.googleapis.com%2Fstdout,,2024-02-29T20:23:24.401481190Z,sscartquery,northamerica-northeast1,modellearning,sscartquery-00011-jzl,sscartquery,cloud_run_revision,INFO,functions/Logic.java,2024-02-29T20:23:24.310532Z
65e0e7bc000086fcecd34212,functions/Logic.java,service,cpu:=770000000  rt:=784387223,cloudfunctions,00d087f5e0508b90f669d2e778e5edb119d2cf95bbdf1d474990a4029916e734b09cb9a2fbea2793facea51d590b84a7b32d827e55698dd1314956e833b1573e692dea,projects/modellearning/logs/run.googleapis.com%2Fstdout,,2024-02-29T20:23:24.069404043Z,sscartquery,northamerica-northeast1,modellearning,sscartquery-00011-jzl,sscartquery,cloud_run_revision,INFO,functions/Logic.java,2024-02-29T20:23:24.034556Z
65e0e7bb00092d7c3e1b202b,functions/Logic.java,service,cpu:=290000000  rt:=286715006,cloudfunctions,00d087f5e096f10c047c63271bf3ad0a02126a02b2e38fa8048979e18ea67d746ffa403f88d9a80d0fd5b28bb55609f2a74100003294e282c98f0e4563ee611fd74e6e,projects/modellearning/logs/run.googleapis.com%2Fstdout,,2024-02-29T20:23:23.735137807Z,sscartquery,northamerica-northeast1,modellearning,sscartquery-00011-jzl,sscartquery,cloud_run_revision,INFO,functions/Logic.java,2024-02-29T20:23:23.601468Z
65e0e7bb00032c30520496ce,functions/Logic.java,service,cpu:=1700000000  rt:=1788731322,cloudfunctions,00d087f5e07bdae58c1f4da3364551cac54ac5362bf1a9581e7d4bf9a32f14aae9b89d873ef09e84a16dbd253a49be122c24eb757e668e06c6c2cc19262d914e45e911,projects/modellearning/logs/run.googleapis.com%2Fstdout,,2024-02-29T20:23:23.402999192Z,sscartquery,northamerica-northeast1,modellearning,sscartquery-00011-jzl,sscartquery,cloud_run_revision,INFO,functions/Logic.java,2024-02-29T20:23:23.207920Z
65e0e7bb0002d141bf14fdd8,functions/Logic.java,service,cpu:=490000000  rt:=498018510,cloudfunctions,00d087f5e096f10c047c63271bf3ad0a02126a02b2e38fa8048979e18ea67d746ffa403f88d9a80d0fd5b28bb55609f2a74100003294e282c98f0e4563ee611fd74e6e,projects/modellearning/logs/run.googleapis.com%2Fstdout,,2024-02-29T20:23:23.402999192Z,sscartquery,northamerica-northeast1,modellearning,sscartquery-00011-jzl,sscartquery,cloud_run_revision,INFO,functions/Logic.java,2024-02-29T20:23:23.184641Z
65e0e7ba000e7ff3c995a6ce,functions/Logic.java,service,cpu:=19020000000  rt:=1252028144,cloudfunctions,00d087f5e0fb53247b367efd3d5bd3eb6ec2079ea1f90edc419a49866437bf458cfeca444aeaa3b7daf5636b05c06cb47d5f161f950d27b45213cc036890ef6262ebf3,projects/modellearning/logs/run.googleapis.com%2Fstdout,,2024-02-29T20:23:23.069031418Z,sscartquery,northamerica-northeast1,modellearning,sscartquery-00011-jzl,sscartquery,cloud_run_revision,INFO,functions/Logic.java,2024-02-29T20:23:22.950259Z
65e0e7ba000dd117bca0be14,functions/Logic.java,service,cpu:=670000000  rt:=680449493,cloudfunctions,00d087f5e025f1412d457ac9df76d9971bbb653901e64de3964b6771b432461e319b79b0f00c478208807a6c7a3fbf8874fe0596d4f63281afed598300217590a2678e,projects/modellearning/logs/run.googleapis.com%2Fstdout,,2024-02-29T20:23:23.069031418Z,sscartquery,northamerica-northeast1,modellearning,sscartquery-00011-jzl,sscartquery,cloud_run_revision,INFO,functions/Logic.java,2024-02-29T20:23:22.905495Z
65e0e7ba000dc0aa437505cb,functions/Logic.java,service,cpu:=460000000  rt:=467766229,cloudfunctions,00d087f5e0508b90f669d2e778e5edb119d2cf95bbdf1d474990a4029916e734b09cb9a2fbea2793facea51d590b84a7b32d827e55698dd1314956e833b1573e692dea,projects/modellearning/logs/run.googleapis.com%2Fstdout,,2024-02-29T20:23:23.069031418Z,sscartquery,northamerica-northeast1,modellearning,sscartquery-00011-jzl,sscartquery,cloud_run_revision,INFO,functions/Logic.java,2024-02-29T20:23:22.901290Z
65e0e7ba000ad6bd359df68b,functions/Logic.java,service,cpu:=780000000  rt:=809162483,cloudfunctions,00d087f5e04921ffa2ae878763f0217abb165fe4fe9a2e8a027ba11aed30e41dbddf4fc8615626ade2ce81a05b33cc0543a90b189fc41ef2749e7ddb07fe1c9b9eae6c,projects/modellearning/logs/run.googleapis.com%2Fstdout,,2024-02-29T20:23:22.737231042Z,sscartquery,northamerica-northeast1,modellearning,sscartquery-00011-jzl,sscartquery,cloud_run_revision,INFO,functions/Logic.java,2024-02-29T20:23:22.710333Z
65e0e7ba00068267d6981d9f,functions/Logic.java,service,cpu:=30000000  rt:=29321853,cloudfunctions,00d087f5e096f10c047c63271bf3ad0a02126a02b2e38fa8048979e18ea67d746ffa403f88d9a80d0fd5b28bb55609f2a74100003294e282c98f0e4563ee611fd74e6e,projects/modellearning/logs/run.googleapis.com%2Fstdout,,2024-02-29T20:23:22.737231042Z,sscartquery,northamerica-northeast1,modellearning,sscartquery-00011-jzl,sscartquery,cloud_run_revision,INFO,functions/Logic.java,2024-02-29T20:23:22.426599Z
65e0e7ba0004127470fb2411,functions/Logic.java,service,cpu:=1750000000  rt:=2031635511,cloudfunctions,00d087f5e0c28364f40a88ea65440fad99d864800ea3cc4f8b70fe4c04ce8ea9bd6aa21cc40c9f2508c1dde8fc79b324f27e029f2d84aed35c039754a5d33a775a009f,projects/modellearning/logs/run.googleapis.com%2Fstdout,,2024-02-29T20:23:22.404200448Z,sscartquery,northamerica-northeast1,modellearning,sscartquery-00011-jzl,sscartquery,cloud_run_revision,INFO,functions/Logic.java,2024-02-29T20:23:22.266868Z
65e0e7ba00039205ba59196c,functions/Logic.java,service,cpu:=300000000  rt:=476000052,cloudfunctions,00d087f5e0fb53247b367efd3d5bd3eb6ec2079ea1f90edc419a49866437bf458cfeca444aeaa3b7daf5636b05c06cb47d5f161f950d27b45213cc036890ef6262ebf3,projects/modellearning/logs/run.googleapis.com%2Fstdout,,2024-02-29T20:23:22.404200448Z,sscartquery,northamerica-northeast1,modellearning,sscartquery-00011-jzl,sscartquery,cloud_run_revision,INFO,functions/Logic.java,2024-02-29T20:23:22.233989Z
65e0e7b90009ae41a94f2330,functions/Logic.java,service,cpu:=-18040000000  rt:=432813006,cloudfunctions,00d087f5e0fb53247b367efd3d5bd3eb6ec2079ea1f90edc419a49866437bf458cfeca444aeaa3b7daf5636b05c06cb47d5f161f950d27b45213cc036890ef6262ebf3,projects/modellearning/logs/run.googleapis.com%2Fstdout,,2024-02-29T20:23:21.737730649Z,sscartquery,northamerica-northeast1,modellearning,sscartquery-00011-jzl,sscartquery,cloud_run_revision,INFO,functions/Logic.java,2024-02-29T20:23:21.634433Z
65e0e7b90004646a1659f6c9,functions/Logic.java,service,cpu:=300000000  rt:=344709221,cloudfunctions,00d087f5e0b82d4393d4a7bbb7f14727933f8b96724a91b37d40394984760349848f0c657a1b55ad143d87d15617c08a8ba76acddb65a7eb3b550a40e4aceccdfb8d33,projects/modellearning/logs/run.googleapis.com%2Fstdout,,2024-02-29T20:23:21.404012366Z,sscartquery,northamerica-northeast1,modellearning,sscartquery-00011-jzl,sscartquery,cloud_run_revision,INFO,functions/Logic.java,2024-02-29T20:23:21.287850Z
65e0e7b90003190a05457b4c,functions/Logic.java,service,cpu:=2340000000  rt:=2651702881,cloudfunctions,00d087f5e0508b90f669d2e778e5edb119d2cf95bbdf1d474990a4029916e734b09cb9a2fbea2793facea51d590b84a7b32d827e55698dd1314956e833b1573e692dea,projects/modellearning/logs/run.googleapis.com%2Fstdout,,2024-02-29T20:23:21.404012366Z,sscartquery,northamerica-northeast1,modellearning,sscartquery-00011-jzl,sscartquery,cloud_run_revision,INFO,functions/Logic.java,2024-02-29T20:23:21.203018Z
65e0e7b90002bf92cbaad7db,functions/Logic.java,service,cpu:=8470000000  rt:=1524246684,cloudfunctions,00d087f5e096f10c047c63271bf3ad0a02126a02b2e38fa8048979e18ea67d746ffa403f88d9a80d0fd5b28bb55609f2a74100003294e282c98f0e4563ee611fd74e6e,projects/modellearning/logs/run.googleapis.com%2Fstdout,,2024-02-29T20:23:21.404012366Z,sscartquery,northamerica-northeast1,modellearning,sscartquery-00011-jzl,sscartquery,cloud_run_revision,INFO,functions/Logic.java,2024-02-29T20:23:21.180114Z
65e0e7b9000085fa40e4d228,functions/Logic.java,service,cpu:=-9220000000  rt:=914720374,cloudfunctions,00d087f5e025f1412d457ac9df76d9971bbb653901e64de3964b6771b432461e319b79b0f00c478208807a6c7a3fbf8874fe0596d4f63281afed598300217590a2678e,projects/modellearning/logs/run.googleapis.com%2Fstdout,,2024-02-29T20:23:21.072056254Z,sscartquery,northamerica-northeast1,modellearning,sscartquery-00011-jzl,sscartquery,cloud_run_revision,INFO,functions/Logic.java,2024-02-29T20:23:21.034298Z
65e0e7b8000d2fa033d866d1,functions/Logic.java,service,cpu:=340000000  rt:=744532510,cloudfunctions,00d087f5e025f1412d457ac9df76d9971bbb653901e64de3964b6771b432461e319b79b0f00c478208807a6c7a3fbf8874fe0596d4f63281afed598300217590a2678e,projects/modellearning/logs/run.googleapis.com%2Fstdout,,2024-02-29T20:23:21.072056254Z,sscartquery,northamerica-northeast1,modellearning,sscartquery-00011-jzl,sscartquery,cloud_run_revision,INFO,functions/Logic.java,2024-02-29T20:23:20.864160Z
65e0e7b8000b351e1e0d8bb9,functions/Logic.java,service,cpu:=-200000000  rt:=498662964,cloudfunctions,00d087f5e0c28364f40a88ea65440fad99d864800ea3cc4f8b70fe4c04ce8ea9bd6aa21cc40c9f2508c1dde8fc79b324f27e029f2d84aed35c039754a5d33a775a009f,projects/modellearning/logs/run.googleapis.com%2Fstdout,,2024-02-29T20:23:20.739213906Z,sscartquery,northamerica-northeast1,modellearning,sscartquery-00011-jzl,sscartquery,cloud_run_revision,INFO,functions/Logic.java,2024-02-29T20:23:20.734494Z
65e0e7b80008e414b8899963,functions/Logic.java,service,cpu:=3030000000  rt:=2260277494,cloudfunctions,00d087f5e04921ffa2ae878763f0217abb165fe4fe9a2e8a027ba11aed30e41dbddf4fc8615626ade2ce81a05b33cc0543a90b189fc41ef2749e7ddb07fe1c9b9eae6c,projects/modellearning/logs/run.googleapis.com%2Fstdout,,2024-02-29T20:23:20.739213906Z,sscartquery,northamerica-northeast1,modellearning,sscartquery-00011-jzl,sscartquery,cloud_run_revision,INFO,functions/Logic.java,2024-02-29T20:23:20.582676Z
65e0e7b8000893d46c6cc5cc,functions/Logic.java,service,cpu:=3460000000  rt:=2484999436,cloudfunctions,00d087f5e07bdae58c1f4da3364551cac54ac5362bf1a9581e7d4bf9a32f14aae9b89d873ef09e84a16dbd253a49be122c24eb757e668e06c6c2cc19262d914e45e911,projects/modellearning/logs/run.googleapis.com%2Fstdout,,2024-02-29T20:23:20.739213906Z,sscartquery,northamerica-northeast1,modellearning,sscartquery-00011-jzl,sscartquery,cloud_run_revision,INFO,functions/Logic.java,2024-02-29T20:23:20.562132Z
65e0e7b80006182c1c357156,functions/Logic.java,service,cpu:=1830000000  rt:=1893636841,cloudfunctions,00d087f5e0fb53247b367efd3d5bd3eb6ec2079ea1f90edc419a49866437bf458cfeca444aeaa3b7daf5636b05c06cb47d5f161f950d27b45213cc036890ef6262ebf3,projects/modellearning/logs/run.googleapis.com%2Fstdout,,2024-02-29T20:23:20.404939795Z,sscartquery,northamerica-northeast1,modellearning,sscartquery-00011-jzl,sscartquery,cloud_run_revision,INFO,functions/Logic.java,2024-02-29T20:23:20.399404Z
65e0e7b800051a8426702bf9,functions/Logic.java,service,cpu:=400000000  rt:=678410970,cloudfunctions,00d087f5e096f10c047c63271bf3ad0a02126a02b2e38fa8048979e18ea67d746ffa403f88d9a80d0fd5b28bb55609f2a74100003294e282c98f0e4563ee611fd74e6e,projects/modellearning/logs/run.googleapis.com%2Fstdout,,2024-02-29T20:23:20.404939795Z,sscartquery,northamerica-northeast1,modellearning,sscartquery-00011-jzl,sscartquery,cloud_run_revision,INFO,functions/Logic.java,2024-02-29T20:23:20.334468Z
65e0e7b800051a67360d5ddc,functions/Logic.java,service,cpu:=480000000  rt:=504103558,cloudfunctions,00d087f5e0b82d4393d4a7bbb7f14727933f8b96724a91b37d40394984760349848f0c657a1b55ad143d87d15617c08a8ba76acddb65a7eb3b550a40e4aceccdfb8d33,projects/modellearning/logs/run.googleapis.com%2Fstdout,,2024-02-29T20:23:20.404939795Z,sscartquery,northamerica-northeast1,modellearning,sscartquery-00011-jzl,sscartquery,cloud_run_revision,INFO,functions/Logic.java,2024-02-29T20:23:20.334439Z
65e0e7b7000b6f415e110423,functions/Logic.java,service,cpu:=1110000000  rt:=1148261007,cloudfunctions,00d087f5e0d2ec86d3e5125cd7f8c8da0159c6c9245f96f8b661fd58a2c43ac7b7746cbd693c48c899aa0e18c79c8f6e29e46ee53925108e8c6a70ca451f1b05c9a9d7,projects/modellearning/logs/run.googleapis.com%2Fstdout,,2024-02-29T20:23:20.073042164Z,sscartquery,northamerica-northeast1,modellearning,sscartquery-00011-jzl,sscartquery,cloud_run_revision,INFO,functions/Logic.java,2024-02-29T20:23:19.749377Z
65e0e7b7000b3a846657fd2f,functions/Logic.java,service,cpu:=1880000000  rt:=1982368486,cloudfunctions,00d087f5e0b82d4393d4a7bbb7f14727933f8b96724a91b37d40394984760349848f0c657a1b55ad143d87d15617c08a8ba76acddb65a7eb3b550a40e4aceccdfb8d33,projects/modellearning/logs/run.googleapis.com%2Fstdout,,2024-02-29T20:23:19.740201006Z,sscartquery,northamerica-northeast1,modellearning,sscartquery-00011-jzl,sscartquery,cloud_run_revision,INFO,functions/Logic.java,2024-02-29T20:23:19.735876Z
65e0e7b70008280b5513de41,functions/Logic.java,service,cpu:=690000000  rt:=1457235471,cloudfunctions,00d087f5e07bdae58c1f4da3364551cac54ac5362bf1a9581e7d4bf9a32f14aae9b89d873ef09e84a16dbd253a49be122c24eb757e668e06c6c2cc19262d914e45e911,projects/modellearning/logs/run.googleapis.com%2Fstdout,,2024-02-29T20:23:19.740201006Z,sscartquery,northamerica-northeast1,modellearning,sscartquery-00011-jzl,sscartquery,cloud_run_revision,INFO,functions/Logic.java,2024-02-29T20:23:19.534539Z
65e0e7b70003e63cf82883d3,functions/Logic.java,service,cpu:=490000000  rt:=933251983,cloudfunctions,00d087f5e04921ffa2ae878763f0217abb165fe4fe9a2e8a027ba11aed30e41dbddf4fc8615626ade2ce81a05b33cc0543a90b189fc41ef2749e7ddb07fe1c9b9eae6c,projects/modellearning/logs/run.googleapis.com%2Fstdout,,2024-02-29T20:23:19.405986620Z,sscartquery,northamerica-northeast1,modellearning,sscartquery-00011-jzl,sscartquery,cloud_run_revision,INFO,functions/Logic.java,2024-02-29T20:23:19.255548Z
65e0e7b70003965785ee5ffe,functions/Logic.java,service,cpu:=8920000000  rt:=683050669,cloudfunctions,00d087f5e0508b90f669d2e778e5edb119d2cf95bbdf1d474990a4029916e734b09cb9a2fbea2793facea51d590b84a7b32d827e55698dd1314956e833b1573e692dea,projects/modellearning/logs/run.googleapis.com%2Fstdout,,2024-02-29T20:23:19.405986620Z,sscartquery,northamerica-northeast1,modellearning,sscartquery-00011-jzl,sscartquery,cloud_run_revision,INFO,functions/Logic.java,2024-02-29T20:23:19.235095Z
65e0e7b70000869a252b80ff,functions/Logic.java,service,cpu:=920000000  rt:=991976379,cloudfunctions,00d087f5e025f1412d457ac9df76d9971bbb653901e64de3964b6771b432461e319b79b0f00c478208807a6c7a3fbf8874fe0596d4f63281afed598300217590a2678e,projects/modellearning/logs/run.googleapis.com%2Fstdout,,2024-02-29T20:23:19.073941761Z,sscartquery,northamerica-northeast1,modellearning,sscartquery-00011-jzl,sscartquery,cloud_run_revision,INFO,functions/Logic.java,2024-02-29T20:23:19.034458Z
65e0e7b6000f41f08df5d82b,functions/Logic.java,service,cpu:=380000000  rt:=405090145,cloudfunctions,00d087f5e0c28364f40a88ea65440fad99d864800ea3cc4f8b70fe4c04ce8ea9bd6aa21cc40c9f2508c1dde8fc79b324f27e029f2d84aed35c039754a5d33a775a009f,projects/modellearning/logs/run.googleapis.com%2Fstdout,,2024-02-29T20:23:19.073941761Z,sscartquery,northamerica-northeast1,modellearning,sscartquery-00011-jzl,sscartquery,cloud_run_revision,INFO,functions/Logic.java,2024-02-29T20:23:18.999920Z
65e0e7b6000cbc13fff199a4,functions/Logic.java,service,cpu:=-3020000000  rt:=683662628,cloudfunctions,00d087f5e096f10c047c63271bf3ad0a02126a02b2e38fa8048979e18ea67d746ffa403f88d9a80d0fd5b28bb55609f2a74100003294e282c98f0e4563ee611fd74e6e,projects/modellearning/logs/run.googleapis.com%2Fstdout,,2024-02-29T20:23:19.073941761Z,sscartquery,northamerica-northeast1,modellearning,sscartquery-00011-jzl,sscartquery,cloud_run_revision,INFO,functions/Logic.java,2024-02-29T20:23:18.834579Z
65e0e7b60009d0bcbe42c3b5,functions/Logic.java,service,cpu:=5340000000  rt:=91725370,cloudfunctions,00d087f5e0508b90f669d2e778e5edb119d2cf95bbdf1d474990a4029916e734b09cb9a2fbea2793facea51d590b84a7b32d827e55698dd1314956e833b1573e692dea,projects/modellearning/logs/run.googleapis.com%2Fstdout,,2024-02-29T20:23:18.740808537Z,sscartquery,northamerica-northeast1,modellearning,sscartquery-00011-jzl,sscartquery,cloud_run_revision,INFO,functions/Logic.java,2024-02-29T20:23:18.643260Z
65e0e7b600064e9496b21823,functions/Logic.java,service,cpu:=1980000000  rt:=2035215735,cloudfunctions,00d087f5e0fb53247b367efd3d5bd3eb6ec2079ea1f90edc419a49866437bf458cfeca444aeaa3b7daf5636b05c06cb47d5f161f950d27b45213cc036890ef6262ebf3,projects/modellearning/logs/run.googleapis.com%2Fstdout,,2024-02-29T20:23:18.740808537Z,sscartquery,northamerica-northeast1,modellearning,sscartquery-00011-jzl,sscartquery,cloud_run_revision,INFO,functions/Logic.java,2024-02-29T20:23:18.413332Z
65e0e7b60003249333b3e387,functions/Logic.java,service,cpu:=460000000  rt:=469084004,cloudfunctions,00d087f5e04921ffa2ae878763f0217abb165fe4fe9a2e8a027ba11aed30e41dbddf4fc8615626ade2ce81a05b33cc0543a90b189fc41ef2749e7ddb07fe1c9b9eae6c,projects/modellearning/logs/run.googleapis.com%2Fstdout,,2024-02-29T20:23:18.406673810Z,sscartquery,northamerica-northeast1,modellearning,sscartquery-00011-jzl,sscartquery,cloud_run_revision,INFO,functions/Logic.java,2024-02-29T20:23:18.205971Z
65e0e7b60000c03f433ca85f,functions/Logic.java,service,cpu:=90000000  rt:=292132035,cloudfunctions,00d087f5e07bdae58c1f4da3364551cac54ac5362bf1a9581e7d4bf9a32f14aae9b89d873ef09e84a16dbd253a49be122c24eb757e668e06c6c2cc19262d914e45e911,projects/modellearning/logs/run.googleapis.com%2Fstdout,,2024-02-29T20:23:18.075007142Z,sscartquery,northamerica-northeast1,modellearning,sscartquery-00011-jzl,sscartquery,cloud_run_revision,INFO,functions/Logic.java,2024-02-29T20:23:18.049215Z
65e0e7b5000d6985fe9bfb8b,functions/Logic.java,service,cpu:=2260000000  rt:=2331804456,cloudfunctions,00d087f5e025f1412d457ac9df76d9971bbb653901e64de3964b6771b432461e319b79b0f00c478208807a6c7a3fbf8874fe0596d4f63281afed598300217590a2678e,projects/modellearning/logs/run.googleapis.com%2Fstdout,,2024-02-29T20:23:18.075007142Z,sscartquery,northamerica-northeast1,modellearning,sscartquery-00011-jzl,sscartquery,cloud_run_revision,INFO,functions/Logic.java,2024-02-29T20:23:17.878981Z
65e0e7b5000d1abd6b73c9dc,functions/Logic.java,service,cpu:=200000000  rt:=197278229,cloudfunctions,00d087f5e096f10c047c63271bf3ad0a02126a02b2e38fa8048979e18ea67d746ffa403f88d9a80d0fd5b28bb55609f2a74100003294e282c98f0e4563ee611fd74e6e,projects/modellearning/logs/run.googleapis.com%2Fstdout,,2024-02-29T20:23:18.075007142Z,sscartquery,northamerica-northeast1,modellearning,sscartquery-00011-jzl,sscartquery,cloud_run_revision,INFO,functions/Logic.java,2024-02-29T20:23:17.858813Z
65e0e7b500082e0b2feefab3,functions/Logic.java,service,cpu:=1340000000  rt:=1413886831,cloudfunctions,00d087f5e0b82d4393d4a7bbb7f14727933f8b96724a91b37d40394984760349848f0c657a1b55ad143d87d15617c08a8ba76acddb65a7eb3b550a40e4aceccdfb8d33,projects/modellearning/logs/run.googleapis.com%2Fstdout,,2024-02-29T20:23:17.740875445Z,sscartquery,northamerica-northeast1,modellearning,sscartquery-00011-jzl,sscartquery,cloud_run_revision,INFO,functions/Logic.java,2024-02-29T20:23:17.536075Z
65e0e7b500048c3c39accf05,functions/Logic.java,service,cpu:=550000000  rt:=562649573,cloudfunctions,00d087f5e04921ffa2ae878763f0217abb165fe4fe9a2e8a027ba11aed30e41dbddf4fc8615626ade2ce81a05b33cc0543a90b189fc41ef2749e7ddb07fe1c9b9eae6c,projects/modellearning/logs/run.googleapis.com%2Fstdout,,2024-02-29T20:23:17.407766090Z,sscartquery,northamerica-northeast1,modellearning,sscartquery-00011-jzl,sscartquery,cloud_run_revision,INFO,functions/Logic.java,2024-02-29T20:23:17.298044Z
65e0e7b4000f414640d48839,functions/Logic.java,service,cpu:=180000000  rt:=180986976,cloudfunctions,00d087f5e0508b90f669d2e778e5edb119d2cf95bbdf1d474990a4029916e734b09cb9a2fbea2793facea51d590b84a7b32d827e55698dd1314956e833b1573e692dea,projects/modellearning/logs/run.googleapis.com%2Fstdout,,2024-02-29T20:23:17.076086815Z,sscartquery,northamerica-northeast1,modellearning,sscartquery-00011-jzl,sscartquery,cloud_run_revision,INFO,functions/Logic.java,2024-02-29T20:23:16.999750Z
65e0e7b40009af150678254e,functions/Logic.java,service,cpu:=190000000  rt:=211840862,cloudfunctions,00d087f5e096f10c047c63271bf3ad0a02126a02b2e38fa8048979e18ea67d746ffa403f88d9a80d0fd5b28bb55609f2a74100003294e282c98f0e4563ee611fd74e6e,projects/modellearning/logs/run.googleapis.com%2Fstdout,,2024-02-29T20:23:16.742857601Z,sscartquery,northamerica-northeast1,modellearning,sscartquery-00011-jzl,sscartquery,cloud_run_revision,INFO,functions/Logic.java,2024-02-29T20:23:16.634645Z
65e0e7b40005d970d82d61b0,functions/Logic.java,service,cpu:=1410000000  rt:=1478606109,cloudfunctions,00d087f5e07bdae58c1f4da3364551cac54ac5362bf1a9581e7d4bf9a32f14aae9b89d873ef09e84a16dbd253a49be122c24eb757e668e06c6c2cc19262d914e45e911,projects/modellearning/logs/run.googleapis.com%2Fstdout,,2024-02-29T20:23:16.409063454Z,sscartquery,northamerica-northeast1,modellearning,sscartquery-00011-jzl,sscartquery,cloud_run_revision,INFO,functions/Logic.java,2024-02-29T20:23:16.383344Z
65e0e7b4000329bd4f3eabfb,functions/Logic.java,service,cpu:=830000000  rt:=841429437,cloudfunctions,00d087f5e0fb53247b367efd3d5bd3eb6ec2079ea1f90edc419a49866437bf458cfeca444aeaa3b7daf5636b05c06cb47d5f161f950d27b45213cc036890ef6262ebf3,projects/modellearning/logs/run.googleapis.com%2Fstdout,,2024-02-29T20:23:16.409063454Z,sscartquery,northamerica-northeast1,modellearning,sscartquery-00011-jzl,sscartquery,cloud_run_revision,INFO,functions/Logic.java,2024-02-29T20:23:16.207293Z
65e0e7b400022671fe4a6d22,functions/Logic.java,service,cpu:=420000000  rt:=446098798,cloudfunctions,00d087f5e0508b90f669d2e778e5edb119d2cf95bbdf1d474990a4029916e734b09cb9a2fbea2793facea51d590b84a7b32d827e55698dd1314956e833b1573e692dea,projects/modellearning/logs/run.googleapis.com%2Fstdout,,2024-02-29T20:23:16.409063454Z,sscartquery,northamerica-northeast1,modellearning,sscartquery-00011-jzl,sscartquery,cloud_run_revision,INFO,functions/Logic.java,2024-02-29T20:23:16.140913Z
65e0e7b400021426066e09a5,functions/Logic.java,service,cpu:=640000000  rt:=649553080,cloudfunctions,00d087f5e04921ffa2ae878763f0217abb165fe4fe9a2e8a027ba11aed30e41dbddf4fc8615626ade2ce81a05b33cc0543a90b189fc41ef2749e7ddb07fe1c9b9eae6c,projects/modellearning/logs/run.googleapis.com%2Fstdout,,2024-02-29T20:23:16.409063454Z,sscartquery,northamerica-northeast1,modellearning,sscartquery-00011-jzl,sscartquery,cloud_run_revision,INFO,functions/Logic.java,2024-02-29T20:23:16.136230Z
65e0e7b40001886c62d466b8,functions/Logic.java,service,cpu:=150000000  rt:=146330897,cloudfunctions,00d087f5e096f10c047c63271bf3ad0a02126a02b2e38fa8048979e18ea67d746ffa403f88d9a80d0fd5b28bb55609f2a74100003294e282c98f0e4563ee611fd74e6e,projects/modellearning/logs/run.googleapis.com%2Fstdout,,2024-02-29T20:23:16.409063454Z,sscartquery,northamerica-northeast1,modellearning,sscartquery-00011-jzl,sscartquery,cloud_run_revision,INFO,functions/Logic.java,2024-02-29T20:23:16.100460Z
65e0e7b3000ad0c09a9f33e2,functions/Logic.java,service,cpu:=1870000000  rt:=1973912716,cloudfunctions,00d087f5e0b82d4393d4a7bbb7f14727933f8b96724a91b37d40394984760349848f0c657a1b55ad143d87d15617c08a8ba76acddb65a7eb3b550a40e4aceccdfb8d33,projects/modellearning/logs/run.googleapis.com%2Fstdout,,2024-02-29T20:23:15.742822501Z,sscartquery,northamerica-northeast1,modellearning,sscartquery-00011-jzl,sscartquery,cloud_run_revision,INFO,functions/Logic.java,2024-02-29T20:23:15.708800Z
65e0e7b3000a6c447d428df0,functions/Logic.java,service,cpu:=3590000000  rt:=3711578438,cloudfunctions,00d087f5e096f10c047c63271bf3ad0a02126a02b2e38fa8048979e18ea67d746ffa403f88d9a80d0fd5b28bb55609f2a74100003294e282c98f0e4563ee611fd74e6e,projects/modellearning/logs/run.googleapis.com%2Fstdout,,2024-02-29T20:23:15.742822501Z,sscartquery,northamerica-northeast1,modellearning,sscartquery-00011-jzl,sscartquery,cloud_run_revision,INFO,functions/Logic.java,2024-02-29T20:23:15.683076Z
65e0e7b3000856d26cfab133,functions/Logic.java,service,cpu:=1800000000  rt:=1866222965,cloudfunctions,00d087f5e0508b90f669d2e778e5edb119d2cf95bbdf1d474990a4029916e734b09cb9a2fbea2793facea51d590b84a7b32d827e55698dd1314956e833b1573e692dea,projects/modellearning/logs/run.googleapis.com%2Fstdout,,2024-02-29T20:23:15.742822501Z,sscartquery,northamerica-northeast1,modellearning,sscartquery-00011-jzl,sscartquery,cloud_run_revision,INFO,functions/Logic.java,2024-02-29T20:23:15.546514Z
65e0e7b30007011270193d53,functions/Logic.java,service,cpu:=1290000000  rt:=2685911365,cloudfunctions,00d087f5e0931dfa9c28b1435b1edaff730b07b179f08d0ce6f7e181791dfaff7e1b3fe5d079114283831c72f18d89fc219db1445f90443b55b45100e3925c5e0fa32e,projects/modellearning/logs/run.googleapis.com%2Fstdout,,2024-02-29T20:23:15.742822501Z,sscartquery,northamerica-northeast1,modellearning,sscartquery-00011-jzl,sscartquery,cloud_run_revision,INFO,functions/Logic.java,2024-02-29T20:23:15.459026Z
65e0e7b300039416466b7dbd,functions/Logic.java,service,cpu:=-15630000000  rt:=878713220,cloudfunctions,00d087f5e0fb53247b367efd3d5bd3eb6ec2079ea1f90edc419a49866437bf458cfeca444aeaa3b7daf5636b05c06cb47d5f161f950d27b45213cc036890ef6262ebf3,projects/modellearning/logs/run.googleapis.com%2Fstdout,,2024-02-29T20:23:15.409822066Z,sscartquery,northamerica-northeast1,modellearning,sscartquery-00011-jzl,sscartquery,cloud_run_revision,INFO,functions/Logic.java,2024-02-29T20:23:15.234518Z
65e0e7b30000cd6abe43d9ea,functions/Logic.java,service,cpu:=310000000  rt:=696849536,cloudfunctions,00d087f5e0fb53247b367efd3d5bd3eb6ec2079ea1f90edc419a49866437bf458cfeca444aeaa3b7daf5636b05c06cb47d5f161f950d27b45213cc036890ef6262ebf3,projects/modellearning/logs/run.googleapis.com%2Fstdout,,2024-02-29T20:23:15.076751123Z,sscartquery,northamerica-northeast1,modellearning,sscartquery-00011-jzl,sscartquery,cloud_run_revision,INFO,functions/Logic.java,2024-02-29T20:23:15.052586Z
65e0e7b200072f224befb9b8,functions/Logic.java,service,cpu:=510000000  rt:=535557535,cloudfunctions,00d087f5e025f1412d457ac9df76d9971bbb653901e64de3964b6771b432461e319b79b0f00c478208807a6c7a3fbf8874fe0596d4f63281afed598300217590a2678e,projects/modellearning/logs/run.googleapis.com%2Fstdout,,2024-02-29T20:23:14.745436454Z,sscartquery,northamerica-northeast1,modellearning,sscartquery-00011-jzl,sscartquery,cloud_run_revision,INFO,functions/Logic.java,2024-02-29T20:23:14.470818Z
65e0e7b200044ed896e50d60,functions/Logic.java,service,cpu:=290000000  rt:=316210623,cloudfunctions,00d087f5e04921ffa2ae878763f0217abb165fe4fe9a2e8a027ba11aed30e41dbddf4fc8615626ade2ce81a05b33cc0543a90b189fc41ef2749e7ddb07fe1c9b9eae6c,projects/modellearning/logs/run.googleapis.com%2Fstdout,,2024-02-29T20:23:14.410919126Z,sscartquery,northamerica-northeast1,modellearning,sscartquery-00011-jzl,sscartquery,cloud_run_revision,INFO,functions/Logic.java,2024-02-29T20:23:14.282328Z
65e0e7b20000b7f8f6dbcb9d,functions/Logic.java,service,cpu:=370000000  rt:=371508085,cloudfunctions,00d087f5e0fb53247b367efd3d5bd3eb6ec2079ea1f90edc419a49866437bf458cfeca444aeaa3b7daf5636b05c06cb47d5f161f950d27b45213cc036890ef6262ebf3,projects/modellearning/logs/run.googleapis.com%2Fstdout,,2024-02-29T20:23:14.078766530Z,sscartquery,northamerica-northeast1,modellearning,sscartquery-00011-jzl,sscartquery,cloud_run_revision,INFO,functions/Logic.java,2024-02-29T20:23:14.047096Z
65e0e7b1000d0da1693a0aa7,functions/Logic.java,service,cpu:=20000000  rt:=13003878,cloudfunctions,00d087f5e07bdae58c1f4da3364551cac54ac5362bf1a9581e7d4bf9a32f14aae9b89d873ef09e84a16dbd253a49be122c24eb757e668e06c6c2cc19262d914e45e911,projects/modellearning/logs/run.googleapis.com%2Fstdout,,2024-02-29T20:23:14.078766530Z,sscartquery,northamerica-northeast1,modellearning,sscartquery-00011-jzl,sscartquery,cloud_run_revision,INFO,functions/Logic.java,2024-02-29T20:23:13.855457Z
65e0e7b1000ba6dff18f68a8,functions/Logic.java,service,cpu:=1100000000  rt:=1128007178,cloudfunctions,00d087f5e0d2ec86d3e5125cd7f8c8da0159c6c9245f96f8b661fd58a2c43ac7b7746cbd693c48c899aa0e18c79c8f6e29e46ee53925108e8c6a70ca451f1b05c9a9d7,projects/modellearning/logs/run.googleapis.com%2Fstdout,,2024-02-29T20:23:14.078766530Z,sscartquery,northamerica-northeast1,modellearning,sscartquery-00011-jzl,sscartquery,cloud_run_revision,INFO,functions/Logic.java,2024-02-29T20:23:13.763615Z
65e0e7b1000ae393df6d344d,functions/Logic.java,service,cpu:=1350000000  rt:=1380896789,cloudfunctions,00d087f5e0c28364f40a88ea65440fad99d864800ea3cc4f8b70fe4c04ce8ea9bd6aa21cc40c9f2508c1dde8fc79b324f27e029f2d84aed35c039754a5d33a775a009f,projects/modellearning/logs/run.googleapis.com%2Fstdout,,2024-02-29T20:23:13.745359168Z,sscartquery,northamerica-northeast1,modellearning,sscartquery-00011-jzl,sscartquery,cloud_run_revision,INFO,functions/Logic.java,2024-02-29T20:23:13.713619Z
65e0e7b1000827a8c0aa7cdc,functions/Logic.java,service,cpu:=3150000000  rt:=3265535198,cloudfunctions,00d087f5e04921ffa2ae878763f0217abb165fe4fe9a2e8a027ba11aed30e41dbddf4fc8615626ade2ce81a05b33cc0543a90b189fc41ef2749e7ddb07fe1c9b9eae6c,projects/modellearning/logs/run.googleapis.com%2Fstdout,,2024-02-29T20:23:13.745359168Z,sscartquery,northamerica-northeast1,modellearning,sscartquery-00011-jzl,sscartquery,cloud_run_revision,INFO,functions/Logic.java,2024-02-29T20:23:13.534440Z
65e0e7b10006a40fbc42d94e,functions/Logic.java,service,cpu:=330000000  rt:=663919247,cloudfunctions,00d087f5e0931dfa9c28b1435b1edaff730b07b179f08d0ce6f7e181791dfaff7e1b3fe5d079114283831c72f18d89fc219db1445f90443b55b45100e3925c5e0fa32e,projects/modellearning/logs/run.googleapis.com%2Fstdout,,2024-02-29T20:23:13.745359168Z,sscartquery,northamerica-northeast1,modellearning,sscartquery-00011-jzl,sscartquery,cloud_run_revision,INFO,functions/Logic.java,2024-02-29T20:23:13.435215Z
65e0e7b100033bc8216bd112,functions/Logic.java,service,cpu:=2040000000  rt:=2114764258,cloudfunctions,00d087f5e025f1412d457ac9df76d9971bbb653901e64de3964b6771b432461e319b79b0f00c478208807a6c7a3fbf8874fe0596d4f63281afed598300217590a2678e,projects/modellearning/logs/run.googleapis.com%2Fstdout,,2024-02-29T20:23:13.411487234Z,sscartquery,northamerica-northeast1,modellearning,sscartquery-00011-jzl,sscartquery,cloud_run_revision,INFO,functions/Logic.java,2024-02-29T20:23:13.211912Z
65e0e7b10000b29544ee1c44,functions/Logic.java,service,cpu:=740000000  rt:=757045784,cloudfunctions,00d087f5e07bdae58c1f4da3364551cac54ac5362bf1a9581e7d4bf9a32f14aae9b89d873ef09e84a16dbd253a49be122c24eb757e668e06c6c2cc19262d914e45e911,projects/modellearning/logs/run.googleapis.com%2Fstdout,,2024-02-29T20:23:13.078648331Z,sscartquery,northamerica-northeast1,modellearning,sscartquery-00011-jzl,sscartquery,cloud_run_revision,INFO,functions/Logic.java,2024-02-29T20:23:13.045717Z
65e0e7b0000e641d2b70a65f,functions/Logic.java,service,cpu:=120000000  rt:=132636621,cloudfunctions,00d087f5e06379a276e4a585f3c5060b28341f9ba1aae00b35146eef3c6bfe293ee854779cb36f3cc9ba10b75867900165815dba5f5fb35677f9397372dd0e41039340,projects/modellearning/logs/run.googleapis.com%2Fstdout,,2024-02-29T20:23:13.078648331Z,sscartquery,northamerica-northeast1,modellearning,sscartquery-00011-jzl,sscartquery,cloud_run_revision,INFO,functions/Logic.java,2024-02-29T20:23:12.943133Z
65e0e7b0000cbbe46dc0645a,functions/Logic.java,service,cpu:=1890000000  rt:=1981160704,cloudfunctions,00d087f5e0b82d4393d4a7bbb7f14727933f8b96724a91b37d40394984760349848f0c657a1b55ad143d87d15617c08a8ba76acddb65a7eb3b550a40e4aceccdfb8d33,projects/modellearning/logs/run.googleapis.com%2Fstdout,,2024-02-29T20:23:13.078648331Z,sscartquery,northamerica-northeast1,modellearning,sscartquery-00011-jzl,sscartquery,cloud_run_revision,INFO,functions/Logic.java,2024-02-29T20:23:12.834532Z
65e0e7b0000c610996968bcb,functions/Logic.java,service,cpu:=930000000  rt:=1196526251,cloudfunctions,00d087f5e0fb53247b367efd3d5bd3eb6ec2079ea1f90edc419a49866437bf458cfeca444aeaa3b7daf5636b05c06cb47d5f161f950d27b45213cc036890ef6262ebf3,projects/modellearning/logs/run.googleapis.com%2Fstdout,,2024-02-29T20:23:13.078648331Z,sscartquery,northamerica-northeast1,modellearning,sscartquery-00011-jzl,sscartquery,cloud_run_revision,INFO,functions/Logic.java,2024-02-29T20:23:12.811273Z
65e0e7b0000c1ac54f87f13e,functions/Logic.java,service,cpu:=820000000  rt:=836251355,cloudfunctions,00d087f5e0508b90f669d2e778e5edb119d2cf95bbdf1d474990a4029916e734b09cb9a2fbea2793facea51d590b84a7b32d827e55698dd1314956e833b1573e692dea,projects/modellearning/logs/run.googleapis.com%2Fstdout,,2024-02-29T20:23:13.078648331Z,sscartquery,northamerica-northeast1,modellearning,sscartquery-00011-jzl,sscartquery,cloud_run_revision,INFO,functions/Logic.java,2024-02-29T20:23:12.793285Z
65e0e7b00006f81e6cd0f260,functions/Logic.java,service,cpu:=1560000000  rt:=1600775302,cloudfunctions,00d087f5e0d2ec86d3e5125cd7f8c8da0159c6c9245f96f8b661fd58a2c43ac7b7746cbd693c48c899aa0e18c79c8f6e29e46ee53925108e8c6a70ca451f1b05c9a9d7,projects/modellearning/logs/run.googleapis.com%2Fstdout,,2024-02-29T20:23:12.745599623Z,sscartquery,northamerica-northeast1,modellearning,sscartquery-00011-jzl,sscartquery,cloud_run_revision,INFO,functions/Logic.java,2024-02-29T20:23:12.456734Z
65e0e7b00003fce63890fbbe,functions/Logic.java,service,cpu:=50000000  rt:=48780213,cloudfunctions,00d087f5e0c28364f40a88ea65440fad99d864800ea3cc4f8b70fe4c04ce8ea9bd6aa21cc40c9f2508c1dde8fc79b324f27e029f2d84aed35c039754a5d33a775a009f,projects/modellearning/logs/run.googleapis.com%2Fstdout,,2024-02-29T20:23:12.413826168Z,sscartquery,northamerica-northeast1,modellearning,sscartquery-00011-jzl,sscartquery,cloud_run_revision,INFO,functions/Logic.java,2024-02-29T20:23:12.261350Z
65e0e7b00003941ad8636e43,functions/Logic.java,service,cpu:=1880000000  rt:=1967518600,cloudfunctions,00d087f5e07bdae58c1f4da3364551cac54ac5362bf1a9581e7d4bf9a32f14aae9b89d873ef09e84a16dbd253a49be122c24eb757e668e06c6c2cc19262d914e45e911,projects/modellearning/logs/run.googleapis.com%2Fstdout,,2024-02-29T20:23:12.413826168Z,sscartquery,northamerica-northeast1,modellearning,sscartquery-00011-jzl,sscartquery,cloud_run_revision,INFO,functions/Logic.java,2024-02-29T20:23:12.234522Z
65e0e7b0000393c3f89e071e,functions/Logic.java,service,cpu:=15370000000  rt:=619512088,cloudfunctions,00d087f5e0fb53247b367efd3d5bd3eb6ec2079ea1f90edc419a49866437bf458cfeca444aeaa3b7daf5636b05c06cb47d5f161f950d27b45213cc036890ef6262ebf3,projects/modellearning/logs/run.googleapis.com%2Fstdout,,2024-02-29T20:23:12.413826168Z,sscartquery,northamerica-northeast1,modellearning,sscartquery-00011-jzl,sscartquery,cloud_run_revision,INFO,functions/Logic.java,2024-02-29T20:23:12.234435Z
65e0e7af000d5c6a68a977e9,functions/Logic.java,service,cpu:=-4640000000  rt:=1440812986,cloudfunctions,00d087f5e096f10c047c63271bf3ad0a02126a02b2e38fa8048979e18ea67d746ffa403f88d9a80d0fd5b28bb55609f2a74100003294e282c98f0e4563ee611fd74e6e,projects/modellearning/logs/run.googleapis.com%2Fstdout,,2024-02-29T20:23:12.079860678Z,sscartquery,northamerica-northeast1,modellearning,sscartquery-00011-jzl,sscartquery,cloud_run_revision,INFO,functions/Logic.java,2024-02-29T20:23:11.875626Z
65e0e7af000c1ae748a7240a,functions/Logic.java,service,cpu:=130000000  rt:=129419787,cloudfunctions,00d087f5e0508b90f669d2e778e5edb119d2cf95bbdf1d474990a4029916e734b09cb9a2fbea2793facea51d590b84a7b32d827e55698dd1314956e833b1573e692dea,projects/modellearning/logs/run.googleapis.com%2Fstdout,,2024-02-29T20:23:12.079860678Z,sscartquery,northamerica-northeast1,modellearning,sscartquery-00011-jzl,sscartquery,cloud_run_revision,INFO,functions/Logic.java,2024-02-29T20:23:11.793319Z
65e0e7af00082e56fcf30100,functions/Logic.java,service,cpu:=600000000  rt:=1099887722,cloudfunctions,00d087f5e096f10c047c63271bf3ad0a02126a02b2e38fa8048979e18ea67d746ffa403f88d9a80d0fd5b28bb55609f2a74100003294e282c98f0e4563ee611fd74e6e,projects/modellearning/logs/run.googleapis.com%2Fstdout,,2024-02-29T20:23:11.746781977Z,sscartquery,northamerica-northeast1,modellearning,sscartquery-00011-jzl,sscartquery,cloud_run_revision,INFO,functions/Logic.java,2024-02-29T20:23:11.536150Z
65e0e7af000797d23b4bc5a5,functions/Logic.java,service,cpu:=380000000  rt:=400277801,cloudfunctions,00d087f5e0508b90f669d2e778e5edb119d2cf95bbdf1d474990a4029916e734b09cb9a2fbea2793facea51d590b84a7b32d827e55698dd1314956e833b1573e692dea,projects/modellearning/logs/run.googleapis.com%2Fstdout,,2024-02-29T20:23:11.746781977Z,sscartquery,northamerica-northeast1,modellearning,sscartquery-00011-jzl,sscartquery,cloud_run_revision,INFO,functions/Logic.java,2024-02-29T20:23:11.497618Z
65e0e7af0006a128b47c7be3,functions/Logic.java,service,cpu:=-13540000000  rt:=654977115,cloudfunctions,00d087f5e0fb53247b367efd3d5bd3eb6ec2079ea1f90edc419a49866437bf458cfeca444aeaa3b7daf5636b05c06cb47d5f161f950d27b45213cc036890ef6262ebf3,projects/modellearning/logs/run.googleapis.com%2Fstdout,,2024-02-29T20:23:11.746781977Z,sscartquery,northamerica-northeast1,modellearning,sscartquery-00011-jzl,sscartquery,cloud_run_revision,INFO,functions/Logic.java,2024-02-29T20:23:11.434472Z
65e0e7af000542f8d5cd474e,functions/Logic.java,service,cpu:=2110000000  rt:=2221757402,cloudfunctions,00d087f5e0c28364f40a88ea65440fad99d864800ea3cc4f8b70fe4c04ce8ea9bd6aa21cc40c9f2508c1dde8fc79b324f27e029f2d84aed35c039754a5d33a775a009f,projects/modellearning/logs/run.googleapis.com%2Fstdout,,2024-02-29T20:23:11.413428025Z,sscartquery,northamerica-northeast1,modellearning,sscartquery-00011-jzl,sscartquery,cloud_run_revision,INFO,functions/Logic.java,2024-02-29T20:23:11.344824Z
65e0e7af0004341bcefb91fe,functions/Logic.java,service,cpu:=16720000000  rt:=494761087,cloudfunctions,00d087f5e0fb53247b367efd3d5bd3eb6ec2079ea1f90edc419a49866437bf458cfeca444aeaa3b7daf5636b05c06cb47d5f161f950d27b45213cc036890ef6262ebf3,projects/modellearning/logs/run.googleapis.com%2Fstdout,,2024-02-29T20:23:11.413428025Z,sscartquery,northamerica-northeast1,modellearning,sscartquery-00011-jzl,sscartquery,cloud_run_revision,INFO,functions/Logic.java,2024-02-29T20:23:11.275483Z
65e0e7af00008bb8d264da5e,functions/Logic.java,service,cpu:=2030000000  rt:=2080256852,cloudfunctions,00d087f5e0508b90f669d2e778e5edb119d2cf95bbdf1d474990a4029916e734b09cb9a2fbea2793facea51d590b84a7b32d827e55698dd1314956e833b1573e692dea,projects/modellearning/logs/run.googleapis.com%2Fstdout,,2024-02-29T20:23:11.081397332Z,sscartquery,northamerica-northeast1,modellearning,sscartquery-00011-jzl,sscartquery,cloud_run_revision,INFO,functions/Logic.java,2024-02-29T20:23:11.035768Z
65e0e7ae000e97e06b4c34f9,functions/Logic.java,service,cpu:=1230000000  rt:=2994350837,cloudfunctions,00d087f5e025f1412d457ac9df76d9971bbb653901e64de3964b6771b432461e319b79b0f00c478208807a6c7a3fbf8874fe0596d4f63281afed598300217590a2678e,projects/modellearning/logs/run.googleapis.com%2Fstdout,,2024-02-29T20:23:11.081397332Z,sscartquery,northamerica-northeast1,modellearning,sscartquery-00011-jzl,sscartquery,cloud_run_revision,INFO,functions/Logic.java,2024-02-29T20:23:10.956384Z
65e0e7ae00074c4cd4689567,functions/Logic.java,service,cpu:=860000000  rt:=877060524,cloudfunctions,00d087f5e0b82d4393d4a7bbb7f14727933f8b96724a91b37d40394984760349848f0c657a1b55ad143d87d15617c08a8ba76acddb65a7eb3b550a40e4aceccdfb8d33,projects/modellearning/logs/run.googleapis.com%2Fstdout,,2024-02-29T20:23:10.748572355Z,sscartquery,northamerica-northeast1,modellearning,sscartquery-00011-jzl,sscartquery,cloud_run_revision,INFO,functions/Logic.java,2024-02-29T20:23:10.478284Z
65e0e7ae0001b11111721d37,functions/Logic.java,service,cpu:=-5700000000  rt:=2051148971,cloudfunctions,00d087f5e04921ffa2ae878763f0217abb165fe4fe9a2e8a027ba11aed30e41dbddf4fc8615626ade2ce81a05b33cc0543a90b189fc41ef2749e7ddb07fe1c9b9eae6c,projects/modellearning/logs/run.googleapis.com%2Fstdout,,2024-02-29T20:23:10.414619101Z,sscartquery,northamerica-northeast1,modellearning,sscartquery-00011-jzl,sscartquery,cloud_run_revision,INFO,functions/Logic.java,2024-02-29T20:23:10.110865Z
65e0e7ad000b3b0b5b73a580,functions/Logic.java,service,cpu:=140000000  rt:=146536193,cloudfunctions,00d087f5e07bdae58c1f4da3364551cac54ac5362bf1a9581e7d4bf9a32f14aae9b89d873ef09e84a16dbd253a49be122c24eb757e668e06c6c2cc19262d914e45e911,projects/modellearning/logs/run.googleapis.com%2Fstdout,,2024-02-29T20:23:09.749407964Z,sscartquery,northamerica-northeast1,modellearning,sscartquery-00011-jzl,sscartquery,cloud_run_revision,INFO,functions/Logic.java,2024-02-29T20:23:09.736011Z
65e0e7ad0009b5dff3acb041,functions/Logic.java,service,cpu:=100000000  rt:=110055967,cloudfunctions,00d087f5e0fb53247b367efd3d5bd3eb6ec2079ea1f90edc419a49866437bf458cfeca444aeaa3b7daf5636b05c06cb47d5f161f950d27b45213cc036890ef6262ebf3,projects/modellearning/logs/run.googleapis.com%2Fstdout,,2024-02-29T20:23:09.749407964Z,sscartquery,northamerica-northeast1,modellearning,sscartquery-00011-jzl,sscartquery,cloud_run_revision,INFO,functions/Logic.java,2024-02-29T20:23:09.636383Z
65e0e7ad0009af5d7eb05663,functions/Logic.java,service,cpu:=6700000000  rt:=1574540908,cloudfunctions,00d087f5e04921ffa2ae878763f0217abb165fe4fe9a2e8a027ba11aed30e41dbddf4fc8615626ade2ce81a05b33cc0543a90b189fc41ef2749e7ddb07fe1c9b9eae6c,projects/modellearning/logs/run.googleapis.com%2Fstdout,,2024-02-29T20:23:09.749407964Z,sscartquery,northamerica-northeast1,modellearning,sscartquery-00011-jzl,sscartquery,cloud_run_revision,INFO,functions/Logic.java,2024-02-29T20:23:09.634717Z
65e0e7ad0008d5bfa5f5eedb,functions/Logic.java,service,cpu:=390000000  rt:=400371307,cloudfunctions,00d087f5e0931dfa9c28b1435b1edaff730b07b179f08d0ce6f7e181791dfaff7e1b3fe5d079114283831c72f18d89fc219db1445f90443b55b45100e3925c5e0fa32e,projects/modellearning/logs/run.googleapis.com%2Fstdout,,2024-02-29T20:23:09.749407964Z,sscartquery,northamerica-northeast1,modellearning,sscartquery-00011-jzl,sscartquery,cloud_run_revision,INFO,functions/Logic.java,2024-02-29T20:23:09.579007Z
65e0e7ad000833f89b7d1870,functions/Logic.java,service,cpu:=460000000  rt:=484899747,cloudfunctions,00d087f5e0b82d4393d4a7bbb7f14727933f8b96724a91b37d40394984760349848f0c657a1b55ad143d87d15617c08a8ba76acddb65a7eb3b550a40e4aceccdfb8d33,projects/modellearning/logs/run.googleapis.com%2Fstdout,,2024-02-29T20:23:09.749407964Z,sscartquery,northamerica-northeast1,modellearning,sscartquery-00011-jzl,sscartquery,cloud_run_revision,INFO,functions/Logic.java,2024-02-29T20:23:09.537592Z
65e0e7ad000792e8c9ab2718,functions/Logic.java,service,cpu:=870000000  rt:=900331095,cloudfunctions,00d087f5e07bdae58c1f4da3364551cac54ac5362bf1a9581e7d4bf9a32f14aae9b89d873ef09e84a16dbd253a49be122c24eb757e668e06c6c2cc19262d914e45e911,projects/modellearning/logs/run.googleapis.com%2Fstdout,,2024-02-29T20:23:09.749407964Z,sscartquery,northamerica-northeast1,modellearning,sscartquery-00011-jzl,sscartquery,cloud_run_revision,INFO,functions/Logic.java,2024-02-29T20:23:09.496360Z
65e0e7ad0006a17cc2350e71,functions/Logic.java,service,cpu:=270000000  rt:=280637638,cloudfunctions,00d087f5e0d2ec86d3e5125cd7f8c8da0159c6c9245f96f8b661fd58a2c43ac7b7746cbd693c48c899aa0e18c79c8f6e29e46ee53925108e8c6a70ca451f1b05c9a9d7,projects/modellearning/logs/run.googleapis.com%2Fstdout,,2024-02-29T20:23:09.749407964Z,sscartquery,northamerica-northeast1,modellearning,sscartquery-00011-jzl,sscartquery,cloud_run_revision,INFO,functions/Logic.java,2024-02-29T20:23:09.434556Z
65e0e7ad0005cfa0d33e2c73,functions/Logic.java,service,cpu:=80000000  rt:=76335535,cloudfunctions,00d087f5e0fb53247b367efd3d5bd3eb6ec2079ea1f90edc419a49866437bf458cfeca444aeaa3b7daf5636b05c06cb47d5f161f950d27b45213cc036890ef6262ebf3,projects/modellearning/logs/run.googleapis.com%2Fstdout,,2024-02-29T20:23:09.416458476Z,sscartquery,northamerica-northeast1,modellearning,sscartquery-00011-jzl,sscartquery,cloud_run_revision,INFO,functions/Logic.java,2024-02-29T20:23:09.380832Z
65e0e7ad000395d73bc608d4,functions/Logic.java,service,cpu:=6830000000  rt:=156333605,cloudfunctions,00d087f5e096f10c047c63271bf3ad0a02126a02b2e38fa8048979e18ea67d746ffa403f88d9a80d0fd5b28bb55609f2a74100003294e282c98f0e4563ee611fd74e6e,projects/modellearning/logs/run.googleapis.com%2Fstdout,,2024-02-29T20:23:09.416458476Z,sscartquery,northamerica-northeast1,modellearning,sscartquery-00011-jzl,sscartquery,cloud_run_revision,INFO,functions/Logic.java,2024-02-29T20:23:09.234967Z
65e0e7ad000394e09eb1dd01,functions/Logic.java,service,cpu:=700000000  rt:=1273122553,cloudfunctions,00d087f5e025f1412d457ac9df76d9971bbb653901e64de3964b6771b432461e319b79b0f00c478208807a6c7a3fbf8874fe0596d4f63281afed598300217590a2678e,projects/modellearning/logs/run.googleapis.com%2Fstdout,,2024-02-29T20:23:09.416458476Z,sscartquery,northamerica-northeast1,modellearning,sscartquery-00011-jzl,sscartquery,cloud_run_revision,INFO,functions/Logic.java,2024-02-29T20:23:09.234720Z
65e0e7ad000393badc2f9be0,functions/Logic.java,service,cpu:=640000000  rt:=664941185,cloudfunctions,00d087f5e0fb53247b367efd3d5bd3eb6ec2079ea1f90edc419a49866437bf458cfeca444aeaa3b7daf5636b05c06cb47d5f161f950d27b45213cc036890ef6262ebf3,projects/modellearning/logs/run.googleapis.com%2Fstdout,,2024-02-29T20:23:09.416458476Z,sscartquery,northamerica-northeast1,modellearning,sscartquery-00011-jzl,sscartquery,cloud_run_revision,INFO,functions/Logic.java,2024-02-29T20:23:09.234426Z
65e0e7ad000089d2c104dd99,functions/Logic.java,service,cpu:=420000000  rt:=974730057,cloudfunctions,00d087f5e04921ffa2ae878763f0217abb165fe4fe9a2e8a027ba11aed30e41dbddf4fc8615626ade2ce81a05b33cc0543a90b189fc41ef2749e7ddb07fe1c9b9eae6c,projects/modellearning/logs/run.googleapis.com%2Fstdout,,2024-02-29T20:23:09.080243530Z,sscartquery,northamerica-northeast1,modellearning,sscartquery-00011-jzl,sscartquery,cloud_run_revision,INFO,functions/Logic.java,2024-02-29T20:23:09.035282Z
65e0e7ac000de5788071f3f7,functions/Logic.java,service,cpu:=1300000000  rt:=1324452509,cloudfunctions,00d087f5e0b82d4393d4a7bbb7f14727933f8b96724a91b37d40394984760349848f0c657a1b55ad143d87d15617c08a8ba76acddb65a7eb3b550a40e4aceccdfb8d33,projects/modellearning/logs/run.googleapis.com%2Fstdout,,2024-02-29T20:23:09.080243530Z,sscartquery,northamerica-northeast1,modellearning,sscartquery-00011-jzl,sscartquery,cloud_run_revision,INFO,functions/Logic.java,2024-02-29T20:23:08.910712Z
65e0e7ac0009ae8a3304b12e,functions/Logic.java,service,cpu:=2300000000  rt:=2964551203,cloudfunctions,00d087f5e0508b90f669d2e778e5edb119d2cf95bbdf1d474990a4029916e734b09cb9a2fbea2793facea51d590b84a7b32d827e55698dd1314956e833b1573e692dea,projects/modellearning/logs/run.googleapis.com%2Fstdout,,2024-02-29T20:23:08.748023662Z,sscartquery,northamerica-northeast1,modellearning,sscartquery-00011-jzl,sscartquery,cloud_run_revision,INFO,functions/Logic.java,2024-02-29T20:23:08.634506Z
65e0e7ac0008529a606f2d80,functions/Logic.java,service,cpu:=670000000  rt:=691518398,cloudfunctions,00d087f5e0fb53247b367efd3d5bd3eb6ec2079ea1f90edc419a49866437bf458cfeca444aeaa3b7daf5636b05c06cb47d5f161f950d27b45213cc036890ef6262ebf3,projects/modellearning/logs/run.googleapis.com%2Fstdout,,2024-02-29T20:23:08.748023662Z,sscartquery,northamerica-northeast1,modellearning,sscartquery-00011-jzl,sscartquery,cloud_run_revision,INFO,functions/Logic.java,2024-02-29T20:23:08.545434Z
65e0e7ac0003a26968c1a792,functions/Logic.java,service,cpu:=150000000  rt:=151109774,cloudfunctions,00d087f5e07bdae58c1f4da3364551cac54ac5362bf1a9581e7d4bf9a32f14aae9b89d873ef09e84a16dbd253a49be122c24eb757e668e06c6c2cc19262d914e45e911,projects/modellearning/logs/run.googleapis.com%2Fstdout,,2024-02-29T20:23:08.415398510Z,sscartquery,northamerica-northeast1,modellearning,sscartquery-00011-jzl,sscartquery,cloud_run_revision,INFO,functions/Logic.java,2024-02-29T20:23:08.238185Z
65e0e7ac000086d55a84f693,functions/Logic.java,service,cpu:=7130000000  rt:=744472915,cloudfunctions,00d087f5e07bdae58c1f4da3364551cac54ac5362bf1a9581e7d4bf9a32f14aae9b89d873ef09e84a16dbd253a49be122c24eb757e668e06c6c2cc19262d914e45e911,projects/modellearning/logs/run.googleapis.com%2Fstdout,,2024-02-29T20:23:08.081120559Z,sscartquery,northamerica-northeast1,modellearning,sscartquery-00011-jzl,sscartquery,cloud_run_revision,INFO,functions/Logic.java,2024-02-29T20:23:08.034517Z
65e0e7ab0009af0e5e3d8bd9,functions/Logic.java,service,cpu:=180000000  rt:=344325841,cloudfunctions,00d087f5e07bdae58c1f4da3364551cac54ac5362bf1a9581e7d4bf9a32f14aae9b89d873ef09e84a16dbd253a49be122c24eb757e668e06c6c2cc19262d914e45e911,projects/modellearning/logs/run.googleapis.com%2Fstdout,,2024-02-29T20:23:07.749110718Z,sscartquery,northamerica-northeast1,modellearning,sscartquery-00011-jzl,sscartquery,cloud_run_revision,INFO,functions/Logic.java,2024-02-29T20:23:07.634638Z
65e0e7ab0009ae4a79d800a6,functions/Logic.java,service,cpu:=560000000  rt:=572883055,cloudfunctions,00d087f5e0fb53247b367efd3d5bd3eb6ec2079ea1f90edc419a49866437bf458cfeca444aeaa3b7daf5636b05c06cb47d5f161f950d27b45213cc036890ef6262ebf3,projects/modellearning/logs/run.googleapis.com%2Fstdout,,2024-02-29T20:23:07.749110718Z,sscartquery,northamerica-northeast1,modellearning,sscartquery-00011-jzl,sscartquery,cloud_run_revision,INFO,functions/Logic.java,2024-02-29T20:23:07.634442Z
65e0e7ab0007b9fd6a9a2cff,functions/Logic.java,service,cpu:=8430000000  rt:=4725056466,cloudfunctions,00d087f5e0b82d4393d4a7bbb7f14727933f8b96724a91b37d40394984760349848f0c657a1b55ad143d87d15617c08a8ba76acddb65a7eb3b550a40e4aceccdfb8d33,projects/modellearning/logs/run.googleapis.com%2Fstdout,,2024-02-29T20:23:07.749110718Z,sscartquery,northamerica-northeast1,modellearning,sscartquery-00011-jzl,sscartquery,cloud_run_revision,INFO,functions/Logic.java,2024-02-29T20:23:07.506365Z
65e0e7ab00020cf2abb96434,functions/Logic.java,service,cpu:=390000000  rt:=390276578,cloudfunctions,00d087f5e04921ffa2ae878763f0217abb165fe4fe9a2e8a027ba11aed30e41dbddf4fc8615626ade2ce81a05b33cc0543a90b189fc41ef2749e7ddb07fe1c9b9eae6c,projects/modellearning/logs/run.googleapis.com%2Fstdout,,2024-02-29T20:23:07.416685606Z,sscartquery,northamerica-northeast1,modellearning,sscartquery-00011-jzl,sscartquery,cloud_run_revision,INFO,functions/Logic.java,2024-02-29T20:23:07.134386Z
65e0e7aa000f05b3e3da98d5,functions/Logic.java,service,cpu:=310000000  rt:=324049818,cloudfunctions,00d087f5e0fb53247b367efd3d5bd3eb6ec2079ea1f90edc419a49866437bf458cfeca444aeaa3b7daf5636b05c06cb47d5f161f950d27b45213cc036890ef6262ebf3,projects/modellearning/logs/run.googleapis.com%2Fstdout,,2024-02-29T20:23:07.084041038Z,sscartquery,northamerica-northeast1,modellearning,sscartquery-00011-jzl,sscartquery,cloud_run_revision,INFO,functions/Logic.java,2024-02-29T20:23:06.984499Z
65e0e7aa000b3548cf095256,functions/Logic.java,service,cpu:=8060000000  rt:=1063418498,cloudfunctions,00d087f5e0508b90f669d2e778e5edb119d2cf95bbdf1d474990a4029916e734b09cb9a2fbea2793facea51d590b84a7b32d827e55698dd1314956e833b1573e692dea,projects/modellearning/logs/run.googleapis.com%2Fstdout,,2024-02-29T20:23:06.750042172Z,sscartquery,northamerica-northeast1,modellearning,sscartquery-00011-jzl,sscartquery,cloud_run_revision,INFO,functions/Logic.java,2024-02-29T20:23:06.734536Z
65e0e7aa0009ae8252032500,functions/Logic.java,service,cpu:=1390000000  rt:=1453980362,cloudfunctions,00d087f5e0fb53247b367efd3d5bd3eb6ec2079ea1f90edc419a49866437bf458cfeca444aeaa3b7daf5636b05c06cb47d5f161f950d27b45213cc036890ef6262ebf3,projects/modellearning/logs/run.googleapis.com%2Fstdout,,2024-02-29T20:23:06.750042172Z,sscartquery,northamerica-northeast1,modellearning,sscartquery-00011-jzl,sscartquery,cloud_run_revision,INFO,functions/Logic.java,2024-02-29T20:23:06.634498Z
65e0e7aa0008b0bc75b039bc,functions/Logic.java,service,cpu:=320000000  rt:=358290372,cloudfunctions,00d087f5e025f1412d457ac9df76d9971bbb653901e64de3964b6771b432461e319b79b0f00c478208807a6c7a3fbf8874fe0596d4f63281afed598300217590a2678e,projects/modellearning/logs/run.googleapis.com%2Fstdout,,2024-02-29T20:23:06.750042172Z,sscartquery,northamerica-northeast1,modellearning,sscartquery-00011-jzl,sscartquery,cloud_run_revision,INFO,functions/Logic.java,2024-02-29T20:23:06.569532Z
65e0e7aa0007258eb3f7885c,functions/Logic.java,service,cpu:=-10600000000  rt:=706709563,cloudfunctions,00d087f5e04921ffa2ae878763f0217abb165fe4fe9a2e8a027ba11aed30e41dbddf4fc8615626ade2ce81a05b33cc0543a90b189fc41ef2749e7ddb07fe1c9b9eae6c,projects/modellearning/logs/run.googleapis.com%2Fstdout,,2024-02-29T20:23:06.750042172Z,sscartquery,northamerica-northeast1,modellearning,sscartquery-00011-jzl,sscartquery,cloud_run_revision,INFO,functions/Logic.java,2024-02-29T20:23:06.468366Z
65e0e7aa00051acd4669f1c3,functions/Logic.java,service,cpu:=320000000  rt:=572852587,cloudfunctions,00d087f5e04921ffa2ae878763f0217abb165fe4fe9a2e8a027ba11aed30e41dbddf4fc8615626ade2ce81a05b33cc0543a90b189fc41ef2749e7ddb07fe1c9b9eae6c,projects/modellearning/logs/run.googleapis.com%2Fstdout,,2024-02-29T20:23:06.416201342Z,sscartquery,northamerica-northeast1,modellearning,sscartquery-00011-jzl,sscartquery,cloud_run_revision,INFO,functions/Logic.java,2024-02-29T20:23:06.334541Z
65e0e7aa000086e26649897d,functions/Logic.java,service,cpu:=320000000  rt:=327602890,cloudfunctions,00d087f5e07bdae58c1f4da3364551cac54ac5362bf1a9581e7d4bf9a32f14aae9b89d873ef09e84a16dbd253a49be122c24eb757e668e06c6c2cc19262d914e45e911,projects/modellearning/logs/run.googleapis.com%2Fstdout,,2024-02-29T20:23:06.083209374Z,sscartquery,northamerica-northeast1,modellearning,sscartquery-00011-jzl,sscartquery,cloud_run_revision,INFO,functions/Logic.java,2024-02-29T20:23:06.034530Z
65e0e7a9000df8673779ddfb,functions/Logic.java,service,cpu:=330000000  rt:=329874113,cloudfunctions,00d087f5e025f1412d457ac9df76d9971bbb653901e64de3964b6771b432461e319b79b0f00c478208807a6c7a3fbf8874fe0596d4f63281afed598300217590a2678e,projects/modellearning/logs/run.googleapis.com%2Fstdout,,2024-02-29T20:23:06.083209374Z,sscartquery,northamerica-northeast1,modellearning,sscartquery-00011-jzl,sscartquery,cloud_run_revision,INFO,functions/Logic.java,2024-02-29T20:23:05.915559Z
65e0e7a9000a1e3d6dff4141,functions/Logic.java,service,cpu:=190000000  rt:=186453212,cloudfunctions,00d087f5e07bdae58c1f4da3364551cac54ac5362bf1a9581e7d4bf9a32f14aae9b89d873ef09e84a16dbd253a49be122c24eb757e668e06c6c2cc19262d914e45e911,projects/modellearning/logs/run.googleapis.com%2Fstdout,,2024-02-29T20:23:05.751032736Z,sscartquery,northamerica-northeast1,modellearning,sscartquery-00011-jzl,sscartquery,cloud_run_revision,INFO,functions/Logic.java,2024-02-29T20:23:05.663101Z
65e0e7a90008837f233a4396,functions/Logic.java,service,cpu:=270000000  rt:=274866511,cloudfunctions,00d087f5e025f1412d457ac9df76d9971bbb653901e64de3964b6771b432461e319b79b0f00c478208807a6c7a3fbf8874fe0596d4f63281afed598300217590a2678e,projects/modellearning/logs/run.googleapis.com%2Fstdout,,2024-02-29T20:23:05.751032736Z,sscartquery,northamerica-northeast1,modellearning,sscartquery-00011-jzl,sscartquery,cloud_run_revision,INFO,functions/Logic.java,2024-02-29T20:23:05.557951Z
65e0e7a9000394554817030d,functions/Logic.java,service,cpu:=1040000000  rt:=1398340411,cloudfunctions,00d087f5e07bdae58c1f4da3364551cac54ac5362bf1a9581e7d4bf9a32f14aae9b89d873ef09e84a16dbd253a49be122c24eb757e668e06c6c2cc19262d914e45e911,projects/modellearning/logs/run.googleapis.com%2Fstdout,,2024-02-29T20:23:05.417033798Z,sscartquery,northamerica-northeast1,modellearning,sscartquery-00011-jzl,sscartquery,cloud_run_revision,INFO,functions/Logic.java,2024-02-29T20:23:05.234581Z
65e0e7a8000d40bd5b516e62,functions/Logic.java,service,cpu:=120000000  rt:=119720818,cloudfunctions,00d087f5e0fb53247b367efd3d5bd3eb6ec2079ea1f90edc419a49866437bf458cfeca444aeaa3b7daf5636b05c06cb47d5f161f950d27b45213cc036890ef6262ebf3,projects/modellearning/logs/run.googleapis.com%2Fstdout,,2024-02-29T20:23:05.083863979Z,sscartquery,northamerica-northeast1,modellearning,sscartquery-00011-jzl,sscartquery,cloud_run_revision,INFO,functions/Logic.java,2024-02-29T20:23:04.868541Z
65e0e7a8000cf488674751b9,functions/Logic.java,service,cpu:=1190000000  rt:=2067668835,cloudfunctions,00d087f5e0b82d4393d4a7bbb7f14727933f8b96724a91b37d40394984760349848f0c657a1b55ad143d87d15617c08a8ba76acddb65a7eb3b550a40e4aceccdfb8d33,projects/modellearning/logs/run.googleapis.com%2Fstdout,,2024-02-29T20:23:05.083863979Z,sscartquery,northamerica-northeast1,modellearning,sscartquery-00011-jzl,sscartquery,cloud_run_revision,INFO,functions/Logic.java,2024-02-29T20:23:04.849032Z
65e0e7a8000b3c699d0e51ed,functions/Logic.java,service,cpu:=1450000000  rt:=1517371901,cloudfunctions,00d087f5e0fb53247b367efd3d5bd3eb6ec2079ea1f90edc419a49866437bf458cfeca444aeaa3b7daf5636b05c06cb47d5f161f950d27b45213cc036890ef6262ebf3,projects/modellearning/logs/run.googleapis.com%2Fstdout,,2024-02-29T20:23:04.752036396Z,sscartquery,northamerica-northeast1,modellearning,sscartquery-00011-jzl,sscartquery,cloud_run_revision,INFO,functions/Logic.java,2024-02-29T20:23:04.736361Z
65e0e7a80009b14153cfb815,functions/Logic.java,service,cpu:=-8480000000  rt:=798692305,cloudfunctions,00d087f5e07bdae58c1f4da3364551cac54ac5362bf1a9581e7d4bf9a32f14aae9b89d873ef09e84a16dbd253a49be122c24eb757e668e06c6c2cc19262d914e45e911,projects/modellearning/logs/run.googleapis.com%2Fstdout,,2024-02-29T20:23:04.752036396Z,sscartquery,northamerica-northeast1,modellearning,sscartquery-00011-jzl,sscartquery,cloud_run_revision,INFO,functions/Logic.java,2024-02-29T20:23:04.635201Z
65e0e7a8000393eb3cec4154,functions/Logic.java,service,cpu:=2220000000  rt:=2296950870,cloudfunctions,00d087f5e04921ffa2ae878763f0217abb165fe4fe9a2e8a027ba11aed30e41dbddf4fc8615626ade2ce81a05b33cc0543a90b189fc41ef2749e7ddb07fe1c9b9eae6c,projects/modellearning/logs/run.googleapis.com%2Fstdout,,2024-02-29T20:23:04.419040649Z,sscartquery,northamerica-northeast1,modellearning,sscartquery-00011-jzl,sscartquery,cloud_run_revision,INFO,functions/Logic.java,2024-02-29T20:23:04.234475Z
65e0e7a80001701bbf7d17d3,functions/Logic.java,service,cpu:=260000000  rt:=262660549,cloudfunctions,00d087f5e096f10c047c63271bf3ad0a02126a02b2e38fa8048979e18ea67d746ffa403f88d9a80d0fd5b28bb55609f2a74100003294e282c98f0e4563ee611fd74e6e,projects/modellearning/logs/run.googleapis.com%2Fstdout,,2024-02-29T20:23:04.419040649Z,sscartquery,northamerica-northeast1,modellearning,sscartquery-00011-jzl,sscartquery,cloud_run_revision,INFO,functions/Logic.java,2024-02-29T20:23:04.094235Z
65e0e7a80000e7a42ab25517,functions/Logic.java,service,cpu:=410000000  rt:=623580340,cloudfunctions,00d087f5e025f1412d457ac9df76d9971bbb653901e64de3964b6771b432461e319b79b0f00c478208807a6c7a3fbf8874fe0596d4f63281afed598300217590a2678e,projects/modellearning/logs/run.googleapis.com%2Fstdout,,2024-02-29T20:23:04.085402279Z,sscartquery,northamerica-northeast1,modellearning,sscartquery-00011-jzl,sscartquery,cloud_run_revision,INFO,functions/Logic.java,2024-02-29T20:23:04.059300Z
65e0e7a7000e426469f109c2,functions/Logic.java,service,cpu:=570000000  rt:=584011915,cloudfunctions,00d087f5e0508b90f669d2e778e5edb119d2cf95bbdf1d474990a4029916e734b09cb9a2fbea2793facea51d590b84a7b32d827e55698dd1314956e833b1573e692dea,projects/modellearning/logs/run.googleapis.com%2Fstdout,,2024-02-29T20:23:04.085402279Z,sscartquery,northamerica-northeast1,modellearning,sscartquery-00011-jzl,sscartquery,cloud_run_revision,INFO,functions/Logic.java,2024-02-29T20:23:03.934500Z
65e0e7a7000bb45081253272,functions/Logic.java,service,cpu:=760000000  rt:=331284245,cloudfunctions,00d087f5e025f1412d457ac9df76d9971bbb653901e64de3964b6771b432461e319b79b0f00c478208807a6c7a3fbf8874fe0596d4f63281afed598300217590a2678e,projects/modellearning/logs/run.googleapis.com%2Fstdout,,2024-02-29T20:23:04.085402279Z,sscartquery,northamerica-northeast1,modellearning,sscartquery-00011-jzl,sscartquery,cloud_run_revision,INFO,functions/Logic.java,2024-02-29T20:23:03.767056Z
65e0e7a70002287396f8a854,functions/Logic.java,service,cpu:=3750000000  rt:=3921456457,cloudfunctions,00d087f5e0508b90f669d2e778e5edb119d2cf95bbdf1d474990a4029916e734b09cb9a2fbea2793facea51d590b84a7b32d827e55698dd1314956e833b1573e692dea,projects/modellearning/logs/run.googleapis.com%2Fstdout,,2024-02-29T20:23:03.419904163Z,sscartquery,northamerica-northeast1,modellearning,sscartquery-00011-jzl,sscartquery,cloud_run_revision,INFO,functions/Logic.java,2024-02-29T20:23:03.141427Z
65e0e7a70001a9a39c2c48b6,functions/Logic.java,service,cpu:=480000000  rt:=492159787,cloudfunctions,00d087f5e07bdae58c1f4da3364551cac54ac5362bf1a9581e7d4bf9a32f14aae9b89d873ef09e84a16dbd253a49be122c24eb757e668e06c6c2cc19262d914e45e911,projects/modellearning/logs/run.googleapis.com%2Fstdout,,2024-02-29T20:23:03.419904163Z,sscartquery,northamerica-northeast1,modellearning,sscartquery-00011-jzl,sscartquery,cloud_run_revision,INFO,functions/Logic.java,2024-02-29T20:23:03.108963Z
65e0e7a700015c14e9138164,functions/Logic.java,service,cpu:=1510000000  rt:=1574835823,cloudfunctions,00d087f5e0fb53247b367efd3d5bd3eb6ec2079ea1f90edc419a49866437bf458cfeca444aeaa3b7daf5636b05c06cb47d5f161f950d27b45213cc036890ef6262ebf3,projects/modellearning/logs/run.googleapis.com%2Fstdout,,2024-02-29T20:23:03.419904163Z,sscartquery,northamerica-northeast1,modellearning,sscartquery-00011-jzl,sscartquery,cloud_run_revision,INFO,functions/Logic.java,2024-02-29T20:23:03.089108Z
65e0e7a700008e7d0d9c89d6,functions/Logic.java,service,cpu:=-20000000  rt:=2262031343,cloudfunctions,00d087f5e0c28364f40a88ea65440fad99d864800ea3cc4f8b70fe4c04ce8ea9bd6aa21cc40c9f2508c1dde8fc79b324f27e029f2d84aed35c039754a5d33a775a009f,projects/modellearning/logs/run.googleapis.com%2Fstdout,,2024-02-29T20:23:03.086263715Z,sscartquery,northamerica-northeast1,modellearning,sscartquery-00011-jzl,sscartquery,cloud_run_revision,INFO,functions/Logic.java,2024-02-29T20:23:03.036477Z
65e0e7a6000d3a04dfd787da,functions/Logic.java,service,cpu:=460000000  rt:=468441904,cloudfunctions,00d087f5e025f1412d457ac9df76d9971bbb653901e64de3964b6771b432461e319b79b0f00c478208807a6c7a3fbf8874fe0596d4f63281afed598300217590a2678e,projects/modellearning/logs/run.googleapis.com%2Fstdout,,2024-02-29T20:23:03.086263715Z,sscartquery,northamerica-northeast1,modellearning,sscartquery-00011-jzl,sscartquery,cloud_run_revision,INFO,functions/Logic.java,2024-02-29T20:23:02.866820Z
65e0e7a600062fe4340bcf23,functions/Logic.java,service,cpu:=240000000  rt:=253425322,cloudfunctions,00d087f5e07bdae58c1f4da3364551cac54ac5362bf1a9581e7d4bf9a32f14aae9b89d873ef09e84a16dbd253a49be122c24eb757e668e06c6c2cc19262d914e45e911,projects/modellearning/logs/run.googleapis.com%2Fstdout,,2024-02-29T20:23:02.420066832Z,sscartquery,northamerica-northeast1,modellearning,sscartquery-00011-jzl,sscartquery,cloud_run_revision,INFO,functions/Logic.java,2024-02-29T20:23:02.405476Z
65e0e7a600028a912fa76d24,functions/Logic.java,service,cpu:=410000000  rt:=446664920,cloudfunctions,00d087f5e025f1412d457ac9df76d9971bbb653901e64de3964b6771b432461e319b79b0f00c478208807a6c7a3fbf8874fe0596d4f63281afed598300217590a2678e,projects/modellearning/logs/run.googleapis.com%2Fstdout,,2024-02-29T20:23:02.420066832Z,sscartquery,northamerica-northeast1,modellearning,sscartquery-00011-jzl,sscartquery,cloud_run_revision,INFO,functions/Logic.java,2024-02-29T20:23:02.166545Z
65e0e7a5000cf238ebe2fe4c,functions/Logic.java,service,cpu:=180000000  rt:=179917535,cloudfunctions,00d087f5e0b82d4393d4a7bbb7f14727933f8b96724a91b37d40394984760349848f0c657a1b55ad143d87d15617c08a8ba76acddb65a7eb3b550a40e4aceccdfb8d33,projects/modellearning/logs/run.googleapis.com%2Fstdout,,2024-02-29T20:23:02.086960892Z,sscartquery,northamerica-northeast1,modellearning,sscartquery-00011-jzl,sscartquery,cloud_run_revision,INFO,functions/Logic.java,2024-02-29T20:23:01.848440Z
65e0e7a5000cbc4c09ce473f,functions/Logic.java,service,cpu:=520000000  rt:=1060266096,cloudfunctions,00d087f5e0c28364f40a88ea65440fad99d864800ea3cc4f8b70fe4c04ce8ea9bd6aa21cc40c9f2508c1dde8fc79b324f27e029f2d84aed35c039754a5d33a775a009f,projects/modellearning/logs/run.googleapis.com%2Fstdout,,2024-02-29T20:23:02.086960892Z,sscartquery,northamerica-northeast1,modellearning,sscartquery-00011-jzl,sscartquery,cloud_run_revision,INFO,functions/Logic.java,2024-02-29T20:23:01.834636Z
65e0e7a5000b8718ad493c49,functions/Logic.java,service,cpu:=3460000000  rt:=3585700423,cloudfunctions,00d087f5e07bdae58c1f4da3364551cac54ac5362bf1a9581e7d4bf9a32f14aae9b89d873ef09e84a16dbd253a49be122c24eb757e668e06c6c2cc19262d914e45e911,projects/modellearning/logs/run.googleapis.com%2Fstdout,,2024-02-29T20:23:02.086960892Z,sscartquery,northamerica-northeast1,modellearning,sscartquery-00011-jzl,sscartquery,cloud_run_revision,INFO,functions/Logic.java,2024-02-29T20:23:01.755480Z
65e0e7a5000610bd9d4c6206,functions/Logic.java,service,cpu:=1460000000  rt:=1522890181,cloudfunctions,00d087f5e096f10c047c63271bf3ad0a02126a02b2e38fa8048979e18ea67d746ffa403f88d9a80d0fd5b28bb55609f2a74100003294e282c98f0e4563ee611fd74e6e,projects/modellearning/logs/run.googleapis.com%2Fstdout,,2024-02-29T20:23:01.421211586Z,sscartquery,northamerica-northeast1,modellearning,sscartquery-00011-jzl,sscartquery,cloud_run_revision,INFO,functions/Logic.java,2024-02-29T20:23:01.397501Z
65e0e7a500052d04837b54de,functions/Logic.java,service,cpu:=370000000  rt:=371217711,cloudfunctions,00d087f5e0fb53247b367efd3d5bd3eb6ec2079ea1f90edc419a49866437bf458cfeca444aeaa3b7daf5636b05c06cb47d5f161f950d27b45213cc036890ef6262ebf3,projects/modellearning/logs/run.googleapis.com%2Fstdout,,2024-02-29T20:23:01.421211586Z,sscartquery,northamerica-northeast1,modellearning,sscartquery-00011-jzl,sscartquery,cloud_run_revision,INFO,functions/Logic.java,2024-02-29T20:23:01.339204Z
65e0e7a50000d8416612918c,functions/Logic.java,service,cpu:=11550000000  rt:=11964196118,cloudfunctions,00d087f5e04921ffa2ae878763f0217abb165fe4fe9a2e8a027ba11aed30e41dbddf4fc8615626ade2ce81a05b33cc0543a90b189fc41ef2749e7ddb07fe1c9b9eae6c,projects/modellearning/logs/run.googleapis.com%2Fstdout,,2024-02-29T20:23:01.088862352Z,sscartquery,northamerica-northeast1,modellearning,sscartquery-00011-jzl,sscartquery,cloud_run_revision,INFO,functions/Logic.java,2024-02-29T20:23:01.055361Z
65e0e7a50000872ce8559670,functions/Logic.java,service,cpu:=210000000  rt:=232837952,cloudfunctions,00d087f5e0d2ec86d3e5125cd7f8c8da0159c6c9245f96f8b661fd58a2c43ac7b7746cbd693c48c899aa0e18c79c8f6e29e46ee53925108e8c6a70ca451f1b05c9a9d7,projects/modellearning/logs/run.googleapis.com%2Fstdout,,2024-02-29T20:23:01.088862352Z,sscartquery,northamerica-northeast1,modellearning,sscartquery-00011-jzl,sscartquery,cloud_run_revision,INFO,functions/Logic.java,2024-02-29T20:23:01.034604Z
65e0e7a4000e42b32d42329f,functions/Logic.java,service,cpu:=550000000  rt:=571273053,cloudfunctions,00d087f5e0fb53247b367efd3d5bd3eb6ec2079ea1f90edc419a49866437bf458cfeca444aeaa3b7daf5636b05c06cb47d5f161f950d27b45213cc036890ef6262ebf3,projects/modellearning/logs/run.googleapis.com%2Fstdout,,2024-02-29T20:23:01.088862352Z,sscartquery,northamerica-northeast1,modellearning,sscartquery-00011-jzl,sscartquery,cloud_run_revision,INFO,functions/Logic.java,2024-02-29T20:23:00.934579Z
65e0e7a4000e42043b799567,functions/Logic.java,service,cpu:=550000000  rt:=558286724,cloudfunctions,00d087f5e025f1412d457ac9df76d9971bbb653901e64de3964b6771b432461e319b79b0f00c478208807a6c7a3fbf8874fe0596d4f63281afed598300217590a2678e,projects/modellearning/logs/run.googleapis.com%2Fstdout,,2024-02-29T20:23:01.088862352Z,sscartquery,northamerica-northeast1,modellearning,sscartquery-00011-jzl,sscartquery,cloud_run_revision,INFO,functions/Logic.java,2024-02-29T20:23:00.934404Z
65e0e7a4000d330ca98bd7a4,functions/Logic.java,service,cpu:=2050000000  rt:=2110833238,cloudfunctions,00d087f5e0b82d4393d4a7bbb7f14727933f8b96724a91b37d40394984760349848f0c657a1b55ad143d87d15617c08a8ba76acddb65a7eb3b550a40e4aceccdfb8d33,projects/modellearning/logs/run.googleapis.com%2Fstdout,,2024-02-29T20:23:01.088862352Z,sscartquery,northamerica-northeast1,modellearning,sscartquery-00011-jzl,sscartquery,cloud_run_revision,INFO,functions/Logic.java,2024-02-29T20:23:00.865036Z
65e0e7a4000a7f4ce40c36f5,functions/Logic.java,service,cpu:=670000000  rt:=681281555,cloudfunctions,00d087f5e0931dfa9c28b1435b1edaff730b07b179f08d0ce6f7e181791dfaff7e1b3fe5d079114283831c72f18d89fc219db1445f90443b55b45100e3925c5e0fa32e,projects/modellearning/logs/run.googleapis.com%2Fstdout,,2024-02-29T20:23:00.754988765Z,sscartquery,northamerica-northeast1,modellearning,sscartquery-00011-jzl,sscartquery,cloud_run_revision,INFO,functions/Logic.java,2024-02-29T20:23:00.687948Z
65e0e7a40009c84b2afc2ea8,functions/Logic.java,service,cpu:=560000000  rt:=602896823,cloudfunctions,00d087f5e0d2ec86d3e5125cd7f8c8da0159c6c9245f96f8b661fd58a2c43ac7b7746cbd693c48c899aa0e18c79c8f6e29e46ee53925108e8c6a70ca451f1b05c9a9d7,projects/modellearning/logs/run.googleapis.com%2Fstdout,,2024-02-29T20:23:00.754988765Z,sscartquery,northamerica-northeast1,modellearning,sscartquery-00011-jzl,sscartquery,cloud_run_revision,INFO,functions/Logic.java,2024-02-29T20:23:00.641099Z
65e0e7a40009aee4cf920f0e,functions/Logic.java,service,cpu:=1860000000  rt:=61668543,cloudfunctions,00d087f5e0c28364f40a88ea65440fad99d864800ea3cc4f8b70fe4c04ce8ea9bd6aa21cc40c9f2508c1dde8fc79b324f27e029f2d84aed35c039754a5d33a775a009f,projects/modellearning/logs/run.googleapis.com%2Fstdout,,2024-02-29T20:23:00.754988765Z,sscartquery,northamerica-northeast1,modellearning,sscartquery-00011-jzl,sscartquery,cloud_run_revision,INFO,functions/Logic.java,2024-02-29T20:23:00.634596Z
65e0e7a40002aa4350eedf34,functions/Logic.java,service,cpu:=700000000  rt:=742179131,cloudfunctions,00d087f5e0fb53247b367efd3d5bd3eb6ec2079ea1f90edc419a49866437bf458cfeca444aeaa3b7daf5636b05c06cb47d5f161f950d27b45213cc036890ef6262ebf3,projects/modellearning/logs/run.googleapis.com%2Fstdout,,2024-02-29T20:23:00.421819874Z,sscartquery,northamerica-northeast1,modellearning,sscartquery-00011-jzl,sscartquery,cloud_run_revision,INFO,functions/Logic.java,2024-02-29T20:23:00.174659Z
65e0e7a40001750a2b50052f,functions/Logic.java,service,cpu:=2120000000  rt:=3012510626,cloudfunctions,00d087f5e025f1412d457ac9df76d9971bbb653901e64de3964b6771b432461e319b79b0f00c478208807a6c7a3fbf8874fe0596d4f63281afed598300217590a2678e,projects/modellearning/logs/run.googleapis.com%2Fstdout,,2024-02-29T20:23:00.421819874Z,sscartquery,northamerica-northeast1,modellearning,sscartquery-00011-jzl,sscartquery,cloud_run_revision,INFO,functions/Logic.java,2024-02-29T20:23:00.095498Z
65e0e7a40000f575639d21e8,functions/Logic.java,service,cpu:=580000000  rt:=594920455,cloudfunctions,00d087f5e0c28364f40a88ea65440fad99d864800ea3cc4f8b70fe4c04ce8ea9bd6aa21cc40c9f2508c1dde8fc79b324f27e029f2d84aed35c039754a5d33a775a009f,projects/modellearning/logs/run.googleapis.com%2Fstdout,,2024-02-29T20:23:00.089231058Z,sscartquery,northamerica-northeast1,modellearning,sscartquery-00011-jzl,sscartquery,cloud_run_revision,INFO,functions/Logic.java,2024-02-29T20:23:00.062837Z
65e0e7a400002eae80c24898,functions/Logic.java,service,cpu:=510000000  rt:=533742009,cloudfunctions,00d087f5e0d2ec86d3e5125cd7f8c8da0159c6c9245f96f8b661fd58a2c43ac7b7746cbd693c48c899aa0e18c79c8f6e29e46ee53925108e8c6a70ca451f1b05c9a9d7,projects/modellearning/logs/run.googleapis.com%2Fstdout,,2024-02-29T20:23:00.089231058Z,sscartquery,northamerica-northeast1,modellearning,sscartquery-00011-jzl,sscartquery,cloud_run_revision,INFO,functions/Logic.java,2024-02-29T20:23:00.011950Z
65e0e7a3000f32ca193c5723,functions/Logic.java,service,cpu:=310000000  rt:=336597696,cloudfunctions,00d087f5e0931dfa9c28b1435b1edaff730b07b179f08d0ce6f7e181791dfaff7e1b3fe5d079114283831c72f18d89fc219db1445f90443b55b45100e3925c5e0fa32e,projects/modellearning/logs/run.googleapis.com%2Fstdout,,2024-02-29T20:23:00.089231058Z,sscartquery,northamerica-northeast1,modellearning,sscartquery-00011-jzl,sscartquery,cloud_run_revision,INFO,functions/Logic.java,2024-02-29T20:22:59.996042Z
65e0e7a3000b787d4435d403,functions/Logic.java,service,cpu:=380000000  rt:=890691305,cloudfunctions,00d087f5e096f10c047c63271bf3ad0a02126a02b2e38fa8048979e18ea67d746ffa403f88d9a80d0fd5b28bb55609f2a74100003294e282c98f0e4563ee611fd74e6e,projects/modellearning/logs/run.googleapis.com%2Fstdout,,2024-02-29T20:22:59.757448640Z,sscartquery,northamerica-northeast1,modellearning,sscartquery-00011-jzl,sscartquery,cloud_run_revision,INFO,functions/Logic.java,2024-02-29T20:22:59.751741Z
65e0e7a3000b35c65bb622a7,functions/Logic.java,service,cpu:=3930000000  rt:=873478147,cloudfunctions,00d087f5e096f10c047c63271bf3ad0a02126a02b2e38fa8048979e18ea67d746ffa403f88d9a80d0fd5b28bb55609f2a74100003294e282c98f0e4563ee611fd74e6e,projects/modellearning/logs/run.googleapis.com%2Fstdout,,2024-02-29T20:22:59.757448640Z,sscartquery,northamerica-northeast1,modellearning,sscartquery-00011-jzl,sscartquery,cloud_run_revision,INFO,functions/Logic.java,2024-02-29T20:22:59.734662Z
65e0e7a30006a166eaaf8b22,functions/Logic.java,service,cpu:=870000000  rt:=980896043,cloudfunctions,00d087f5e0d2ec86d3e5125cd7f8c8da0159c6c9245f96f8b661fd58a2c43ac7b7746cbd693c48c899aa0e18c79c8f6e29e46ee53925108e8c6a70ca451f1b05c9a9d7,projects/modellearning/logs/run.googleapis.com%2Fstdout,,2024-02-29T20:22:59.757448640Z,sscartquery,northamerica-northeast1,modellearning,sscartquery-00011-jzl,sscartquery,cloud_run_revision,INFO,functions/Logic.java,2024-02-29T20:22:59.434534Z
65e0e7a300056aaa3979b5d8,functions/Logic.java,service,cpu:=360000000  rt:=389691819,cloudfunctions,00d087f5e0fb53247b367efd3d5bd3eb6ec2079ea1f90edc419a49866437bf458cfeca444aeaa3b7daf5636b05c06cb47d5f161f950d27b45213cc036890ef6262ebf3,projects/modellearning/logs/run.googleapis.com%2Fstdout,,2024-02-29T20:22:59.423595941Z,sscartquery,northamerica-northeast1,modellearning,sscartquery-00011-jzl,sscartquery,cloud_run_revision,INFO,functions/Logic.java,2024-02-29T20:22:59.354986Z
65e0e7a3000394aba5c716a1,functions/Logic.java,service,cpu:=-10840000000  rt:=2151398891,cloudfunctions,00d087f5e025f1412d457ac9df76d9971bbb653901e64de3964b6771b432461e319b79b0f00c478208807a6c7a3fbf8874fe0596d4f63281afed598300217590a2678e,projects/modellearning/logs/run.googleapis.com%2Fstdout,,2024-02-29T20:22:59.423595941Z,sscartquery,northamerica-northeast1,modellearning,sscartquery-00011-jzl,sscartquery,cloud_run_revision,INFO,functions/Logic.java,2024-02-29T20:22:59.234667Z
65e0e7a2000de8ec85246b30,functions/Logic.java,service,cpu:=2350000000  rt:=2428119904,cloudfunctions,00d087f5e0508b90f669d2e778e5edb119d2cf95bbdf1d474990a4029916e734b09cb9a2fbea2793facea51d590b84a7b32d827e55698dd1314956e833b1573e692dea,projects/modellearning/logs/run.googleapis.com%2Fstdout,,2024-02-29T20:22:59.089957356Z,sscartquery,northamerica-northeast1,modellearning,sscartquery-00011-jzl,sscartquery,cloud_run_revision,INFO,functions/Logic.java,2024-02-29T20:22:58.911596Z
65e0e7a2000db96baf3a57f4,functions/Logic.java,service,cpu:=330000000  rt:=339743550,cloudfunctions,00d087f5e0fb53247b367efd3d5bd3eb6ec2079ea1f90edc419a49866437bf458cfeca444aeaa3b7daf5636b05c06cb47d5f161f950d27b45213cc036890ef6262ebf3,projects/modellearning/logs/run.googleapis.com%2Fstdout,,2024-02-29T20:22:59.089957356Z,sscartquery,northamerica-northeast1,modellearning,sscartquery-00011-jzl,sscartquery,cloud_run_revision,INFO,functions/Logic.java,2024-02-29T20:22:58.899435Z
65e0e7a20009aea7265ce818,functions/Logic.java,service,cpu:=280000000  rt:=344010194,cloudfunctions,00d087f5e0c28364f40a88ea65440fad99d864800ea3cc4f8b70fe4c04ce8ea9bd6aa21cc40c9f2508c1dde8fc79b324f27e029f2d84aed35c039754a5d33a775a009f,projects/modellearning/logs/run.googleapis.com%2Fstdout,,2024-02-29T20:22:58.757138805Z,sscartquery,northamerica-northeast1,modellearning,sscartquery-00011-jzl,sscartquery,cloud_run_revision,INFO,functions/Logic.java,2024-02-29T20:22:58.634535Z
65e0e7a20008737bfbf4aefc,functions/Logic.java,service,cpu:=3540000000  rt:=3673388772,cloudfunctions,00d087f5e0b82d4393d4a7bbb7f14727933f8b96724a91b37d40394984760349848f0c657a1b55ad143d87d15617c08a8ba76acddb65a7eb3b550a40e4aceccdfb8d33,projects/modellearning/logs/run.googleapis.com%2Fstdout,,2024-02-29T20:22:58.757138805Z,sscartquery,northamerica-northeast1,modellearning,sscartquery-00011-jzl,sscartquery,cloud_run_revision,INFO,functions/Logic.java,2024-02-29T20:22:58.553851Z
65e0e7a200087235ed5613b9,functions/Logic.java,service,cpu:=130000000  rt:=130245276,cloudfunctions,00d087f5e0fb53247b367efd3d5bd3eb6ec2079ea1f90edc419a49866437bf458cfeca444aeaa3b7daf5636b05c06cb47d5f161f950d27b45213cc036890ef6262ebf3,projects/modellearning/logs/run.googleapis.com%2Fstdout,,2024-02-29T20:22:58.757138805Z,sscartquery,northamerica-northeast1,modellearning,sscartquery-00011-jzl,sscartquery,cloud_run_revision,INFO,functions/Logic.java,2024-02-29T20:22:58.553525Z
65e0e7a20006da7095b24312,functions/Logic.java,service,cpu:=900000000  rt:=909382602,cloudfunctions,00d087f5e0d2ec86d3e5125cd7f8c8da0159c6c9245f96f8b661fd58a2c43ac7b7746cbd693c48c899aa0e18c79c8f6e29e46ee53925108e8c6a70ca451f1b05c9a9d7,projects/modellearning/logs/run.googleapis.com%2Fstdout,,2024-02-29T20:22:58.757138805Z,sscartquery,northamerica-northeast1,modellearning,sscartquery-00011-jzl,sscartquery,cloud_run_revision,INFO,functions/Logic.java,2024-02-29T20:22:58.449136Z
65e0e7a20005779745c0644b,functions/Logic.java,service,cpu:=420000000  rt:=447248791,cloudfunctions,00d087f5e0fb53247b367efd3d5bd3eb6ec2079ea1f90edc419a49866437bf458cfeca444aeaa3b7daf5636b05c06cb47d5f161f950d27b45213cc036890ef6262ebf3,projects/modellearning/logs/run.googleapis.com%2Fstdout,,2024-02-29T20:22:58.424684120Z,sscartquery,northamerica-northeast1,modellearning,sscartquery-00011-jzl,sscartquery,cloud_run_revision,INFO,functions/Logic.java,2024-02-29T20:22:58.358295Z
65e0e7a1000f2780ba9bf170,functions/Logic.java,service,cpu:=460000000  rt:=465743947,cloudfunctions,00d087f5e096f10c047c63271bf3ad0a02126a02b2e38fa8048979e18ea67d746ffa403f88d9a80d0fd5b28bb55609f2a74100003294e282c98f0e4563ee611fd74e6e,projects/modellearning/logs/run.googleapis.com%2Fstdout,,2024-02-29T20:22:58.092057886Z,sscartquery,northamerica-northeast1,modellearning,sscartquery-00011-jzl,sscartquery,cloud_run_revision,INFO,functions/Logic.java,2024-02-29T20:22:57.993152Z
65e0e7a1000eab39e08e0fa2,functions/Logic.java,service,cpu:=800000000  rt:=808193957,cloudfunctions,00d087f5e07bdae58c1f4da3364551cac54ac5362bf1a9581e7d4bf9a32f14aae9b89d873ef09e84a16dbd253a49be122c24eb757e668e06c6c2cc19262d914e45e911,projects/modellearning/logs/run.googleapis.com%2Fstdout,,2024-02-29T20:22:58.092057886Z,sscartquery,northamerica-northeast1,modellearning,sscartquery-00011-jzl,sscartquery,cloud_run_revision,INFO,functions/Logic.java,2024-02-29T20:22:57.961337Z
65e0e7a1000e429a030cebec,functions/Logic.java,service,cpu:=2760000000  rt:=3299227805,cloudfunctions,00d087f5e0c28364f40a88ea65440fad99d864800ea3cc4f8b70fe4c04ce8ea9bd6aa21cc40c9f2508c1dde8fc79b324f27e029f2d84aed35c039754a5d33a775a009f,projects/modellearning/logs/run.googleapis.com%2Fstdout,,2024-02-29T20:22:58.092057886Z,sscartquery,northamerica-northeast1,modellearning,sscartquery-00011-jzl,sscartquery,cloud_run_revision,INFO,functions/Logic.java,2024-02-29T20:22:57.934554Z
65e0e7a10008784f81b26388,functions/Logic.java,service,cpu:=2230000000  rt:=2298166146,cloudfunctions,00d087f5e0fb53247b367efd3d5bd3eb6ec2079ea1f90edc419a49866437bf458cfeca444aeaa3b7daf5636b05c06cb47d5f161f950d27b45213cc036890ef6262ebf3,projects/modellearning/logs/run.googleapis.com%2Fstdout,,2024-02-29T20:22:57.758082426Z,sscartquery,northamerica-northeast1,modellearning,sscartquery-00011-jzl,sscartquery,cloud_run_revision,INFO,functions/Logic.java,2024-02-29T20:22:57.555087Z
65e0e7a0000cbbbb87a31dcb,functions/Logic.java,service,cpu:=470000000  rt:=493397706,cloudfunctions,00d087f5e096f10c047c63271bf3ad0a02126a02b2e38fa8048979e18ea67d746ffa403f88d9a80d0fd5b28bb55609f2a74100003294e282c98f0e4563ee611fd74e6e,projects/modellearning/logs/run.googleapis.com%2Fstdout,,2024-02-29T20:22:57.093663506Z,sscartquery,northamerica-northeast1,modellearning,sscartquery-00011-jzl,sscartquery,cloud_run_revision,INFO,functions/Logic.java,2024-02-29T20:22:56.834491Z
65e0e7a0000bdfd7b3c85791,functions/Logic.java,service,cpu:=1180000000  rt:=1212269255,cloudfunctions,00d087f5e0d2ec86d3e5125cd7f8c8da0159c6c9245f96f8b661fd58a2c43ac7b7746cbd693c48c899aa0e18c79c8f6e29e46ee53925108e8c6a70ca451f1b05c9a9d7,projects/modellearning/logs/run.googleapis.com%2Fstdout,,2024-02-29T20:22:57.093663506Z,sscartquery,northamerica-northeast1,modellearning,sscartquery-00011-jzl,sscartquery,cloud_run_revision,INFO,functions/Logic.java,2024-02-29T20:22:56.778199Z
65e0e7a0000a85ed115a3fd9,functions/Logic.java,service,cpu:=3850000000  rt:=5532826286,cloudfunctions,00d087f5e07bdae58c1f4da3364551cac54ac5362bf1a9581e7d4bf9a32f14aae9b89d873ef09e84a16dbd253a49be122c24eb757e668e06c6c2cc19262d914e45e911,projects/modellearning/logs/run.googleapis.com%2Fstdout,,2024-02-29T20:22:56.759200Z,sscartquery,northamerica-northeast1,modellearning,sscartquery-00011-jzl,sscartquery,cloud_run_revision,INFO,functions/Logic.java,2024-02-29T20:22:56.689645Z
65e0e7a00008279ec893644f,functions/Logic.java,service,cpu:=600000000  rt:=954356955,cloudfunctions,00d087f5e025f1412d457ac9df76d9971bbb653901e64de3964b6771b432461e319b79b0f00c478208807a6c7a3fbf8874fe0596d4f63281afed598300217590a2678e,projects/modellearning/logs/run.googleapis.com%2Fstdout,,2024-02-29T20:22:56.759200Z,sscartquery,northamerica-northeast1,modellearning,sscartquery-00011-jzl,sscartquery,cloud_run_revision,INFO,functions/Logic.java,2024-02-29T20:22:56.534430Z
65e0e7a00006da3fc357760f,functions/Logic.java,service,cpu:=-3370000000  rt:=869212392,cloudfunctions,00d087f5e025f1412d457ac9df76d9971bbb653901e64de3964b6771b432461e319b79b0f00c478208807a6c7a3fbf8874fe0596d4f63281afed598300217590a2678e,projects/modellearning/logs/run.googleapis.com%2Fstdout,,2024-02-29T20:22:56.759200Z,sscartquery,northamerica-northeast1,modellearning,sscartquery-00011-jzl,sscartquery,cloud_run_revision,INFO,functions/Logic.java,2024-02-29T20:22:56.449087Z
65e0e7a000059963b4afcc4f,functions/Logic.java,service,cpu:=200000000  rt:=198944482,cloudfunctions,00d087f5e0508b90f669d2e778e5edb119d2cf95bbdf1d474990a4029916e734b09cb9a2fbea2793facea51d590b84a7b32d827e55698dd1314956e833b1573e692dea,projects/modellearning/logs/run.googleapis.com%2Fstdout,,2024-02-29T20:22:56.426854428Z,sscartquery,northamerica-northeast1,modellearning,sscartquery-00011-jzl,sscartquery,cloud_run_revision,INFO,functions/Logic.java,2024-02-29T20:22:56.366947Z
65e0e7a00000869d68757feb,functions/Logic.java,service,cpu:=460000000  rt:=472124990,cloudfunctions,00d087f5e0508b90f669d2e778e5edb119d2cf95bbdf1d474990a4029916e734b09cb9a2fbea2793facea51d590b84a7b32d827e55698dd1314956e833b1573e692dea,projects/modellearning/logs/run.googleapis.com%2Fstdout,,2024-02-29T20:22:56.094270072Z,sscartquery,northamerica-northeast1,modellearning,sscartquery-00011-jzl,sscartquery,cloud_run_revision,INFO,functions/Logic.java,2024-02-29T20:22:56.034461Z
65e0e79f000cbbf80c8f768d,functions/Logic.java,service,cpu:=1590000000  rt:=1657674571,cloudfunctions,00d087f5e096f10c047c63271bf3ad0a02126a02b2e38fa8048979e18ea67d746ffa403f88d9a80d0fd5b28bb55609f2a74100003294e282c98f0e4563ee611fd74e6e,projects/modellearning/logs/run.googleapis.com%2Fstdout,,2024-02-29T20:22:56.094270072Z,sscartquery,northamerica-northeast1,modellearning,sscartquery-00011-jzl,sscartquery,cloud_run_revision,INFO,functions/Logic.java,2024-02-29T20:22:55.834552Z
65e0e79f0008979d9ed9e159,functions/Logic.java,service,cpu:=2400000000  rt:=927700060,cloudfunctions,00d087f5e0c28364f40a88ea65440fad99d864800ea3cc4f8b70fe4c04ce8ea9bd6aa21cc40c9f2508c1dde8fc79b324f27e029f2d84aed35c039754a5d33a775a009f,projects/modellearning/logs/run.googleapis.com%2Fstdout,,2024-02-29T20:22:55.760468214Z,sscartquery,northamerica-northeast1,modellearning,sscartquery-00011-jzl,sscartquery,cloud_run_revision,INFO,functions/Logic.java,2024-02-29T20:22:55.563101Z
65e0e79f0008279c6a564fa8,functions/Logic.java,service,cpu:=1110000000  rt:=1160468795,cloudfunctions,00d087f5e0508b90f669d2e778e5edb119d2cf95bbdf1d474990a4029916e734b09cb9a2fbea2793facea51d590b84a7b32d827e55698dd1314956e833b1573e692dea,projects/modellearning/logs/run.googleapis.com%2Fstdout,,2024-02-29T20:22:55.760468214Z,sscartquery,northamerica-northeast1,modellearning,sscartquery-00011-jzl,sscartquery,cloud_run_revision,INFO,functions/Logic.java,2024-02-29T20:22:55.534428Z
65e0e79f00020d91e9f36507,functions/Logic.java,service,cpu:=6440000000  rt:=3978282972,cloudfunctions,00d087f5e07bdae58c1f4da3364551cac54ac5362bf1a9581e7d4bf9a32f14aae9b89d873ef09e84a16dbd253a49be122c24eb757e668e06c6c2cc19262d914e45e911,projects/modellearning/logs/run.googleapis.com%2Fstdout,,2024-02-29T20:22:55.428173766Z,sscartquery,northamerica-northeast1,modellearning,sscartquery-00011-jzl,sscartquery,cloud_run_revision,INFO,functions/Logic.java,2024-02-29T20:22:55.134545Z
65e0e79e000e7ec0ab7286bf,functions/Logic.java,service,cpu:=1450000000  rt:=1509150781,cloudfunctions,00d087f5e0fb53247b367efd3d5bd3eb6ec2079ea1f90edc419a49866437bf458cfeca444aeaa3b7daf5636b05c06cb47d5f161f950d27b45213cc036890ef6262ebf3,projects/modellearning/logs/run.googleapis.com%2Fstdout,,2024-02-29T20:22:55.094620412Z,sscartquery,northamerica-northeast1,modellearning,sscartquery-00011-jzl,sscartquery,cloud_run_revision,INFO,functions/Logic.java,2024-02-29T20:22:54.949952Z
65e0e79e000e4253f4e150b2,functions/Logic.java,service,cpu:=1060000000  rt:=1078644466,cloudfunctions,00d087f5e025f1412d457ac9df76d9971bbb653901e64de3964b6771b432461e319b79b0f00c478208807a6c7a3fbf8874fe0596d4f63281afed598300217590a2678e,projects/modellearning/logs/run.googleapis.com%2Fstdout,,2024-02-29T20:22:55.094620412Z,sscartquery,northamerica-northeast1,modellearning,sscartquery-00011-jzl,sscartquery,cloud_run_revision,INFO,functions/Logic.java,2024-02-29T20:22:54.934483Z
65e0e79e000bda3e051ce8fd,functions/Logic.java,service,cpu:=250000000  rt:=262221999,cloudfunctions,00d087f5e0b82d4393d4a7bbb7f14727933f8b96724a91b37d40394984760349848f0c657a1b55ad143d87d15617c08a8ba76acddb65a7eb3b550a40e4aceccdfb8d33,projects/modellearning/logs/run.googleapis.com%2Fstdout,,2024-02-29T20:22:55.094620412Z,sscartquery,northamerica-northeast1,modellearning,sscartquery-00011-jzl,sscartquery,cloud_run_revision,INFO,functions/Logic.java,2024-02-29T20:22:54.776766Z
65e0e79e00051bb6f698e5fd,functions/Logic.java,service,cpu:=510000000  rt:=556889191,cloudfunctions,00d087f5e0b82d4393d4a7bbb7f14727933f8b96724a91b37d40394984760349848f0c657a1b55ad143d87d15617c08a8ba76acddb65a7eb3b550a40e4aceccdfb8d33,projects/modellearning/logs/run.googleapis.com%2Fstdout,,2024-02-29T20:22:54.429058942Z,sscartquery,northamerica-northeast1,modellearning,sscartquery-00011-jzl,sscartquery,cloud_run_revision,INFO,functions/Logic.java,2024-02-29T20:22:54.334774Z
65e0e79e0003cb1624287c47,functions/Logic.java,service,cpu:=110000000  rt:=111862389,cloudfunctions,00d087f5e0508b90f669d2e778e5edb119d2cf95bbdf1d474990a4029916e734b09cb9a2fbea2793facea51d590b84a7b32d827e55698dd1314956e833b1573e692dea,projects/modellearning/logs/run.googleapis.com%2Fstdout,,2024-02-29T20:22:54.429058942Z,sscartquery,northamerica-northeast1,modellearning,sscartquery-00011-jzl,sscartquery,cloud_run_revision,INFO,functions/Logic.java,2024-02-29T20:22:54.248598Z
65e0e79d000f2ea1cdd7ee92,functions/Logic.java,service,cpu:=80000000  rt:=74930515,cloudfunctions,00d087f5e0508b90f669d2e778e5edb119d2cf95bbdf1d474990a4029916e734b09cb9a2fbea2793facea51d590b84a7b32d827e55698dd1314956e833b1573e692dea,projects/modellearning/logs/run.googleapis.com%2Fstdout,,2024-02-29T20:22:54.095309534Z,sscartquery,northamerica-northeast1,modellearning,sscartquery-00011-jzl,sscartquery,cloud_run_revision,INFO,functions/Logic.java,2024-02-29T20:22:53.994977Z
65e0e79d000da0604aa1e8d9,functions/Logic.java,service,cpu:=170000000  rt:=176910114,cloudfunctions,00d087f5e0508b90f669d2e778e5edb119d2cf95bbdf1d474990a4029916e734b09cb9a2fbea2793facea51d590b84a7b32d827e55698dd1314956e833b1573e692dea,projects/modellearning/logs/run.googleapis.com%2Fstdout,,2024-02-29T20:22:54.095309534Z,sscartquery,northamerica-northeast1,modellearning,sscartquery-00011-jzl,sscartquery,cloud_run_revision,INFO,functions/Logic.java,2024-02-29T20:22:53.893024Z
65e0e79d000895d191e616b4,functions/Logic.java,service,cpu:=770000000  rt:=826732248,cloudfunctions,00d087f5e025f1412d457ac9df76d9971bbb653901e64de3964b6771b432461e319b79b0f00c478208807a6c7a3fbf8874fe0596d4f63281afed598300217590a2678e,projects/modellearning/logs/run.googleapis.com%2Fstdout,,2024-02-29T20:22:53.762547359Z,sscartquery,northamerica-northeast1,modellearning,sscartquery-00011-jzl,sscartquery,cloud_run_revision,INFO,functions/Logic.java,2024-02-29T20:22:53.562641Z
65e0e79d000870cd9c2805a5,functions/Logic.java,service,cpu:=70000000  rt:=67468773,cloudfunctions,00d087f5e0b82d4393d4a7bbb7f14727933f8b96724a91b37d40394984760349848f0c657a1b55ad143d87d15617c08a8ba76acddb65a7eb3b550a40e4aceccdfb8d33,projects/modellearning/logs/run.googleapis.com%2Fstdout,,2024-02-29T20:22:53.762547359Z,sscartquery,northamerica-northeast1,modellearning,sscartquery-00011-jzl,sscartquery,cloud_run_revision,INFO,functions/Logic.java,2024-02-29T20:22:53.553165Z
65e0e79d00082757a33e7636,functions/Logic.java,service,cpu:=320000000  rt:=347802105,cloudfunctions,00d087f5e0508b90f669d2e778e5edb119d2cf95bbdf1d474990a4029916e734b09cb9a2fbea2793facea51d590b84a7b32d827e55698dd1314956e833b1573e692dea,projects/modellearning/logs/run.googleapis.com%2Fstdout,,2024-02-29T20:22:53.762547359Z,sscartquery,northamerica-northeast1,modellearning,sscartquery-00011-jzl,sscartquery,cloud_run_revision,INFO,functions/Logic.java,2024-02-29T20:22:53.534359Z
65e0e79d0005a4b369b74fd7,functions/Logic.java,service,cpu:=300000000  rt:=303360849,cloudfunctions,00d087f5e0b82d4393d4a7bbb7f14727933f8b96724a91b37d40394984760349848f0c657a1b55ad143d87d15617c08a8ba76acddb65a7eb3b550a40e4aceccdfb8d33,projects/modellearning/logs/run.googleapis.com%2Fstdout,,2024-02-29T20:22:53.429760713Z,sscartquery,northamerica-northeast1,modellearning,sscartquery-00011-jzl,sscartquery,cloud_run_revision,INFO,functions/Logic.java,2024-02-29T20:22:53.369843Z
65e0e79d0002d404a5a60c5a,functions/Logic.java,service,cpu:=110000000  rt:=119987786,cloudfunctions,00d087f5e0fb53247b367efd3d5bd3eb6ec2079ea1f90edc419a49866437bf458cfeca444aeaa3b7daf5636b05c06cb47d5f161f950d27b45213cc036890ef6262ebf3,projects/modellearning/logs/run.googleapis.com%2Fstdout,,2024-02-29T20:22:53.429760713Z,sscartquery,northamerica-northeast1,modellearning,sscartquery-00011-jzl,sscartquery,cloud_run_revision,INFO,functions/Logic.java,2024-02-29T20:22:53.185348Z
65e0e79d0000db63e0c6c880,functions/Logic.java,service,cpu:=2930000000  rt:=3030682647,cloudfunctions,00d087f5e0fb53247b367efd3d5bd3eb6ec2079ea1f90edc419a49866437bf458cfeca444aeaa3b7daf5636b05c06cb47d5f161f950d27b45213cc036890ef6262ebf3,projects/modellearning/logs/run.googleapis.com%2Fstdout,,2024-02-29T20:22:53.095658880Z,sscartquery,northamerica-northeast1,modellearning,sscartquery-00011-jzl,sscartquery,cloud_run_revision,INFO,functions/Logic.java,2024-02-29T20:22:53.056163Z
65e0e79d0000865ac7036bb2,functions/Logic.java,service,cpu:=3090000000  rt:=88577860,cloudfunctions,00d087f5e0508b90f669d2e778e5edb119d2cf95bbdf1d474990a4029916e734b09cb9a2fbea2793facea51d590b84a7b32d827e55698dd1314956e833b1573e692dea,projects/modellearning/logs/run.googleapis.com%2Fstdout,,2024-02-29T20:22:53.095658880Z,sscartquery,northamerica-northeast1,modellearning,sscartquery-00011-jzl,sscartquery,cloud_run_revision,INFO,functions/Logic.java,2024-02-29T20:22:53.034394Z
65e0e79c000f3800fc8db560,functions/Logic.java,service,cpu:=1110000000  rt:=1146408269,cloudfunctions,00d087f5e096f10c047c63271bf3ad0a02126a02b2e38fa8048979e18ea67d746ffa403f88d9a80d0fd5b28bb55609f2a74100003294e282c98f0e4563ee611fd74e6e,projects/modellearning/logs/run.googleapis.com%2Fstdout,,2024-02-29T20:22:53.095658880Z,sscartquery,northamerica-northeast1,modellearning,sscartquery-00011-jzl,sscartquery,cloud_run_revision,INFO,functions/Logic.java,2024-02-29T20:22:52.997376Z
65e0e79c000f219ee2e7716f,functions/Logic.java,service,cpu:=2120000000  rt:=2220901182,cloudfunctions,00d087f5e0b82d4393d4a7bbb7f14727933f8b96724a91b37d40394984760349848f0c657a1b55ad143d87d15617c08a8ba76acddb65a7eb3b550a40e4aceccdfb8d33,projects/modellearning/logs/run.googleapis.com%2Fstdout,,2024-02-29T20:22:53.095658880Z,sscartquery,northamerica-northeast1,modellearning,sscartquery-00011-jzl,sscartquery,cloud_run_revision,INFO,functions/Logic.java,2024-02-29T20:22:52.991646Z
65e0e79c000ef9635e592f60,functions/Logic.java,service,cpu:=20000000  rt:=35443858,cloudfunctions,00d087f5e0508b90f669d2e778e5edb119d2cf95bbdf1d474990a4029916e734b09cb9a2fbea2793facea51d590b84a7b32d827e55698dd1314956e833b1573e692dea,projects/modellearning/logs/run.googleapis.com%2Fstdout,,2024-02-29T20:22:53.095658880Z,sscartquery,northamerica-northeast1,modellearning,sscartquery-00011-jzl,sscartquery,cloud_run_revision,INFO,functions/Logic.java,2024-02-29T20:22:52.981347Z
65e0e79c0006a1662ab25e00,functions/Logic.java,service,cpu:=310000000  rt:=343004933,cloudfunctions,00d087f5e025f1412d457ac9df76d9971bbb653901e64de3964b6771b432461e319b79b0f00c478208807a6c7a3fbf8874fe0596d4f63281afed598300217590a2678e,projects/modellearning/logs/run.googleapis.com%2Fstdout,,2024-02-29T20:22:52.762955976Z,sscartquery,northamerica-northeast1,modellearning,sscartquery-00011-jzl,sscartquery,cloud_run_revision,INFO,functions/Logic.java,2024-02-29T20:22:52.434534Z
65e0e79c0001232042cfa4fd,functions/Logic.java,service,cpu:=13440000000  rt:=3084589008,cloudfunctions,00d087f5e025f1412d457ac9df76d9971bbb653901e64de3964b6771b432461e319b79b0f00c478208807a6c7a3fbf8874fe0596d4f63281afed598300217590a2678e,projects/modellearning/logs/run.googleapis.com%2Fstdout,,2024-02-29T20:22:52.097182475Z,sscartquery,northamerica-northeast1,modellearning,sscartquery-00011-jzl,sscartquery,cloud_run_revision,INFO,functions/Logic.java,2024-02-29T20:22:52.074528Z
65e0e79c000086f5859b8e39,functions/Logic.java,service,cpu:=450000000  rt:=455079798,cloudfunctions,00d087f5e0c28364f40a88ea65440fad99d864800ea3cc4f8b70fe4c04ce8ea9bd6aa21cc40c9f2508c1dde8fc79b324f27e029f2d84aed35c039754a5d33a775a009f,projects/modellearning/logs/run.googleapis.com%2Fstdout,,2024-02-29T20:22:52.097182475Z,sscartquery,northamerica-northeast1,modellearning,sscartquery-00011-jzl,sscartquery,cloud_run_revision,INFO,functions/Logic.java,2024-02-29T20:22:52.034549Z
65e0e79b000b3596eec1fe18,functions/Logic.java,service,cpu:=340000000  rt:=376045448,cloudfunctions,00d087f5e096f10c047c63271bf3ad0a02126a02b2e38fa8048979e18ea67d746ffa403f88d9a80d0fd5b28bb55609f2a74100003294e282c98f0e4563ee611fd74e6e,projects/modellearning/logs/run.googleapis.com%2Fstdout,,2024-02-29T20:22:51.764205679Z,sscartquery,northamerica-northeast1,modellearning,sscartquery-00011-jzl,sscartquery,cloud_run_revision,INFO,functions/Logic.java,2024-02-29T20:22:51.734614Z
65e0e79b0009af5a68d0e67e,functions/Logic.java,service,cpu:=110000000  rt:=114648542,cloudfunctions,00d087f5e0508b90f669d2e778e5edb119d2cf95bbdf1d474990a4029916e734b09cb9a2fbea2793facea51d590b84a7b32d827e55698dd1314956e833b1573e692dea,projects/modellearning/logs/run.googleapis.com%2Fstdout,,2024-02-29T20:22:51.764205679Z,sscartquery,northamerica-northeast1,modellearning,sscartquery-00011-jzl,sscartquery,cloud_run_revision,INFO,functions/Logic.java,2024-02-29T20:22:51.634714Z
65e0e79b00060a84787c00fe,functions/Logic.java,service,cpu:=270000000  rt:=282243790,cloudfunctions,00d087f5e0508b90f669d2e778e5edb119d2cf95bbdf1d474990a4029916e734b09cb9a2fbea2793facea51d590b84a7b32d827e55698dd1314956e833b1573e692dea,projects/modellearning/logs/run.googleapis.com%2Fstdout,,2024-02-29T20:22:51.430405746Z,sscartquery,northamerica-northeast1,modellearning,sscartquery-00011-jzl,sscartquery,cloud_run_revision,INFO,functions/Logic.java,2024-02-29T20:22:51.395908Z
65e0e79b000113db095f8aa1,functions/Logic.java,service,cpu:=170000000  rt:=298662814,cloudfunctions,00d087f5e07bdae58c1f4da3364551cac54ac5362bf1a9581e7d4bf9a32f14aae9b89d873ef09e84a16dbd253a49be122c24eb757e668e06c6c2cc19262d914e45e911,projects/modellearning/logs/run.googleapis.com%2Fstdout,,2024-02-29T20:22:51.097616645Z,sscartquery,northamerica-northeast1,modellearning,sscartquery-00011-jzl,sscartquery,cloud_run_revision,INFO,functions/Logic.java,2024-02-29T20:22:51.070619Z
65e0e79a000c2c6aacd5f75b,functions/Logic.java,service,cpu:=920000000  rt:=936328772,cloudfunctions,00d087f5e0508b90f669d2e778e5edb119d2cf95bbdf1d474990a4029916e734b09cb9a2fbea2793facea51d590b84a7b32d827e55698dd1314956e833b1573e692dea,projects/modellearning/logs/run.googleapis.com%2Fstdout,,2024-02-29T20:22:51.097616645Z,sscartquery,northamerica-northeast1,modellearning,sscartquery-00011-jzl,sscartquery,cloud_run_revision,INFO,functions/Logic.java,2024-02-29T20:22:50.797802Z
65e0e79a000b3e495375d249,functions/Logic.java,service,cpu:=350000000  rt:=348265606,cloudfunctions,00d087f5e096f10c047c63271bf3ad0a02126a02b2e38fa8048979e18ea67d746ffa403f88d9a80d0fd5b28bb55609f2a74100003294e282c98f0e4563ee611fd74e6e,projects/modellearning/logs/run.googleapis.com%2Fstdout,,2024-02-29T20:22:50.765514762Z,sscartquery,northamerica-northeast1,modellearning,sscartquery-00011-jzl,sscartquery,cloud_run_revision,INFO,functions/Logic.java,2024-02-29T20:22:50.736841Z
65e0e79a000ac39311df1c8f,functions/Logic.java,service,cpu:=450000000  rt:=472450012,cloudfunctions,00d087f5e0b82d4393d4a7bbb7f14727933f8b96724a91b37d40394984760349848f0c657a1b55ad143d87d15617c08a8ba76acddb65a7eb3b550a40e4aceccdfb8d33,projects/modellearning/logs/run.googleapis.com%2Fstdout,,2024-02-29T20:22:50.765514762Z,sscartquery,northamerica-northeast1,modellearning,sscartquery-00011-jzl,sscartquery,cloud_run_revision,INFO,functions/Logic.java,2024-02-29T20:22:50.705427Z
65e0e79a0009adc3409d2557,functions/Logic.java,service,cpu:=190000000  rt:=268280012,cloudfunctions,00d087f5e07bdae58c1f4da3364551cac54ac5362bf1a9581e7d4bf9a32f14aae9b89d873ef09e84a16dbd253a49be122c24eb757e668e06c6c2cc19262d914e45e911,projects/modellearning/logs/run.googleapis.com%2Fstdout,,2024-02-29T20:22:50.765514762Z,sscartquery,northamerica-northeast1,modellearning,sscartquery-00011-jzl,sscartquery,cloud_run_revision,INFO,functions/Logic.java,2024-02-29T20:22:50.634307Z
65e0e79a0005db2df8e89650,functions/Logic.java,service,cpu:=-1120000000  rt:=17738740,cloudfunctions,00d087f5e07bdae58c1f4da3364551cac54ac5362bf1a9581e7d4bf9a32f14aae9b89d873ef09e84a16dbd253a49be122c24eb757e668e06c6c2cc19262d914e45e911,projects/modellearning/logs/run.googleapis.com%2Fstdout,,2024-02-29T20:22:50.431522640Z,sscartquery,northamerica-northeast1,modellearning,sscartquery-00011-jzl,sscartquery,cloud_run_revision,INFO,functions/Logic.java,2024-02-29T20:22:50.383789Z
65e0e79a0004400090fbdec6,functions/Logic.java,service,cpu:=120000000  rt:=120925842,cloudfunctions,00d087f5e096f10c047c63271bf3ad0a02126a02b2e38fa8048979e18ea67d746ffa403f88d9a80d0fd5b28bb55609f2a74100003294e282c98f0e4563ee611fd74e6e,projects/modellearning/logs/run.googleapis.com%2Fstdout,,2024-02-29T20:22:50.431522640Z,sscartquery,northamerica-northeast1,modellearning,sscartquery-00011-jzl,sscartquery,cloud_run_revision,INFO,functions/Logic.java,2024-02-29T20:22:50.278528Z
65e0e79a0003ec3b74b30d09,functions/Logic.java,service,cpu:=-2460000000  rt:=188756553,cloudfunctions,00d087f5e07bdae58c1f4da3364551cac54ac5362bf1a9581e7d4bf9a32f14aae9b89d873ef09e84a16dbd253a49be122c24eb757e668e06c6c2cc19262d914e45e911,projects/modellearning/logs/run.googleapis.com%2Fstdout,,2024-02-29T20:22:50.431522640Z,sscartquery,northamerica-northeast1,modellearning,sscartquery-00011-jzl,sscartquery,cloud_run_revision,INFO,functions/Logic.java,2024-02-29T20:22:50.257083Z
65e0e79a000294f01c529d1f,functions/Logic.java,service,cpu:=790000000  rt:=813904846,cloudfunctions,00d087f5e0b82d4393d4a7bbb7f14727933f8b96724a91b37d40394984760349848f0c657a1b55ad143d87d15617c08a8ba76acddb65a7eb3b550a40e4aceccdfb8d33,projects/modellearning/logs/run.googleapis.com%2Fstdout,,2024-02-29T20:22:50.431522640Z,sscartquery,northamerica-northeast1,modellearning,sscartquery-00011-jzl,sscartquery,cloud_run_revision,INFO,functions/Logic.java,2024-02-29T20:22:50.169200Z
65e0e799000eca5f82bd7283,functions/Logic.java,service,cpu:=2370000000  rt:=2466337152,cloudfunctions,00d087f5e0fb53247b367efd3d5bd3eb6ec2079ea1f90edc419a49866437bf458cfeca444aeaa3b7daf5636b05c06cb47d5f161f950d27b45213cc036890ef6262ebf3,projects/modellearning/logs/run.googleapis.com%2Fstdout,,2024-02-29T20:22:50.099355189Z,sscartquery,northamerica-northeast1,modellearning,sscartquery-00011-jzl,sscartquery,cloud_run_revision,INFO,functions/Logic.java,2024-02-29T20:22:49.969311Z
65e0e799000b3d9ddea8f85b,functions/Logic.java,service,cpu:=1610000000  rt:=1682481883,cloudfunctions,00d087f5e0508b90f669d2e778e5edb119d2cf95bbdf1d474990a4029916e734b09cb9a2fbea2793facea51d590b84a7b32d827e55698dd1314956e833b1573e692dea,projects/modellearning/logs/run.googleapis.com%2Fstdout,,2024-02-29T20:22:49.765571442Z,sscartquery,northamerica-northeast1,modellearning,sscartquery-00011-jzl,sscartquery,cloud_run_revision,INFO,functions/Logic.java,2024-02-29T20:22:49.736669Z
65e0e7990004634c4281f816,functions/Logic.java,service,cpu:=1420000000  rt:=1518950672,cloudfunctions,00d087f5e0b82d4393d4a7bbb7f14727933f8b96724a91b37d40394984760349848f0c657a1b55ad143d87d15617c08a8ba76acddb65a7eb3b550a40e4aceccdfb8d33,projects/modellearning/logs/run.googleapis.com%2Fstdout,,2024-02-29T20:22:49.438935677Z,sscartquery,northamerica-northeast1,modellearning,sscartquery-00011-jzl,sscartquery,cloud_run_revision,INFO,functions/Logic.java,2024-02-29T20:22:49.287564Z
65e0e799000398ae28175e60,functions/Logic.java,service,cpu:=130000000  rt:=245008479,cloudfunctions,00d087f5e025f1412d457ac9df76d9971bbb653901e64de3964b6771b432461e319b79b0f00c478208807a6c7a3fbf8874fe0596d4f63281afed598300217590a2678e,projects/modellearning/logs/run.googleapis.com%2Fstdout,,2024-02-29T20:22:49.438935677Z,sscartquery,northamerica-northeast1,modellearning,sscartquery-00011-jzl,sscartquery,cloud_run_revision,INFO,functions/Logic.java,2024-02-29T20:22:49.235694Z
65e0e7990000d6ee5f881c43,functions/Logic.java,service,cpu:=270000000  rt:=275552753,cloudfunctions,00d087f5e04921ffa2ae878763f0217abb165fe4fe9a2e8a027ba11aed30e41dbddf4fc8615626ade2ce81a05b33cc0543a90b189fc41ef2749e7ddb07fe1c9b9eae6c,projects/modellearning/logs/run.googleapis.com%2Fstdout,,2024-02-29T20:22:49.100138772Z,sscartquery,northamerica-northeast1,modellearning,sscartquery-00011-jzl,sscartquery,cloud_run_revision,INFO,functions/Logic.java,2024-02-29T20:22:49.055022Z
65e0e798000e47b3dd82383e,functions/Logic.java,service,cpu:=-6710000000  rt:=683754418,cloudfunctions,00d087f5e025f1412d457ac9df76d9971bbb653901e64de3964b6771b432461e319b79b0f00c478208807a6c7a3fbf8874fe0596d4f63281afed598300217590a2678e,projects/modellearning/logs/run.googleapis.com%2Fstdout,,2024-02-29T20:22:49.100138772Z,sscartquery,northamerica-northeast1,modellearning,sscartquery-00011-jzl,sscartquery,cloud_run_revision,INFO,functions/Logic.java,2024-02-29T20:22:48.935859Z
65e0e798000e1d8ddc459398,functions/Logic.java,service,cpu:=80000000  rt:=72726548,cloudfunctions,00d087f5e07bdae58c1f4da3364551cac54ac5362bf1a9581e7d4bf9a32f14aae9b89d873ef09e84a16dbd253a49be122c24eb757e668e06c6c2cc19262d914e45e911,projects/modellearning/logs/run.googleapis.com%2Fstdout,,2024-02-29T20:22:49.100138772Z,sscartquery,northamerica-northeast1,modellearning,sscartquery-00011-jzl,sscartquery,cloud_run_revision,INFO,functions/Logic.java,2024-02-29T20:22:48.925069Z
65e0e798000a8bc1940f550b,functions/Logic.java,service,cpu:=250000000  rt:=246855927,cloudfunctions,00d087f5e07bdae58c1f4da3364551cac54ac5362bf1a9581e7d4bf9a32f14aae9b89d873ef09e84a16dbd253a49be122c24eb757e668e06c6c2cc19262d914e45e911,projects/modellearning/logs/run.googleapis.com%2Fstdout,,2024-02-29T20:22:48.766517755Z,sscartquery,northamerica-northeast1,modellearning,sscartquery-00011-jzl,sscartquery,cloud_run_revision,INFO,functions/Logic.java,2024-02-29T20:22:48.691137Z
65e0e7980008c0160c0d053c,functions/Logic.java,service,cpu:=920000000  rt:=1698903968,cloudfunctions,00d087f5e096f10c047c63271bf3ad0a02126a02b2e38fa8048979e18ea67d746ffa403f88d9a80d0fd5b28bb55609f2a74100003294e282c98f0e4563ee611fd74e6e,projects/modellearning/logs/run.googleapis.com%2Fstdout,,2024-02-29T20:22:48.766517755Z,sscartquery,northamerica-northeast1,modellearning,sscartquery-00011-jzl,sscartquery,cloud_run_revision,INFO,functions/Logic.java,2024-02-29T20:22:48.573462Z
65e0e7980008ab9d9a26dcb1,functions/Logic.java,service,cpu:=1570000000  rt:=2207217648,cloudfunctions,00d087f5e04921ffa2ae878763f0217abb165fe4fe9a2e8a027ba11aed30e41dbddf4fc8615626ade2ce81a05b33cc0543a90b189fc41ef2749e7ddb07fe1c9b9eae6c,projects/modellearning/logs/run.googleapis.com%2Fstdout,,2024-02-29T20:22:48.766517755Z,sscartquery,northamerica-northeast1,modellearning,sscartquery-00011-jzl,sscartquery,cloud_run_revision,INFO,functions/Logic.java,2024-02-29T20:22:48.568221Z
65e0e798000829220e3f0c3c,functions/Logic.java,service,cpu:=750000000  rt:=1660187683,cloudfunctions,00d087f5e096f10c047c63271bf3ad0a02126a02b2e38fa8048979e18ea67d746ffa403f88d9a80d0fd5b28bb55609f2a74100003294e282c98f0e4563ee611fd74e6e,projects/modellearning/logs/run.googleapis.com%2Fstdout,,2024-02-29T20:22:48.766517755Z,sscartquery,northamerica-northeast1,modellearning,sscartquery-00011-jzl,sscartquery,cloud_run_revision,INFO,functions/Logic.java,2024-02-29T20:22:48.534818Z
65e0e79800026239d20d3310,functions/Logic.java,service,cpu:=1060000000  rt:=1071340122,cloudfunctions,00d087f5e0c28364f40a88ea65440fad99d864800ea3cc4f8b70fe4c04ce8ea9bd6aa21cc40c9f2508c1dde8fc79b324f27e029f2d84aed35c039754a5d33a775a009f,projects/modellearning/logs/run.googleapis.com%2Fstdout,,2024-02-29T20:22:48.434691187Z,sscartquery,northamerica-northeast1,modellearning,sscartquery-00011-jzl,sscartquery,cloud_run_revision,INFO,functions/Logic.java,2024-02-29T20:22:48.156217Z
65e0e797000cbd786cbd01e4,functions/Logic.java,service,cpu:=-3300000000  rt:=1473884909,cloudfunctions,00d087f5e04921ffa2ae878763f0217abb165fe4fe9a2e8a027ba11aed30e41dbddf4fc8615626ade2ce81a05b33cc0543a90b189fc41ef2749e7ddb07fe1c9b9eae6c,projects/modellearning/logs/run.googleapis.com%2Fstdout,,2024-02-29T20:22:48.101809087Z,sscartquery,northamerica-northeast1,modellearning,sscartquery-00011-jzl,sscartquery,cloud_run_revision,INFO,functions/Logic.java,2024-02-29T20:22:47.834936Z
65e0e7970009d114db70a67e,functions/Logic.java,service,cpu:=5590000000  rt:=6593078900,cloudfunctions,00d087f5e0508b90f669d2e778e5edb119d2cf95bbdf1d474990a4029916e734b09cb9a2fbea2793facea51d590b84a7b32d827e55698dd1314956e833b1573e692dea,projects/modellearning/logs/run.googleapis.com%2Fstdout,,2024-02-29T20:22:47.768211789Z,sscartquery,northamerica-northeast1,modellearning,sscartquery-00011-jzl,sscartquery,cloud_run_revision,INFO,functions/Logic.java,2024-02-29T20:22:47.643348Z
65e0e7970006a18797708b34,functions/Logic.java,service,cpu:=810000000  rt:=831131368,cloudfunctions,00d087f5e025f1412d457ac9df76d9971bbb653901e64de3964b6771b432461e319b79b0f00c478208807a6c7a3fbf8874fe0596d4f63281afed598300217590a2678e,projects/modellearning/logs/run.googleapis.com%2Fstdout,,2024-02-29T20:22:47.768211789Z,sscartquery,northamerica-northeast1,modellearning,sscartquery-00011-jzl,sscartquery,cloud_run_revision,INFO,functions/Logic.java,2024-02-29T20:22:47.434567Z
65e0e7970004613fa9142fb3,functions/Logic.java,service,cpu:=330000000  rt:=330054521,cloudfunctions,00d087f5e0fb53247b367efd3d5bd3eb6ec2079ea1f90edc419a49866437bf458cfeca444aeaa3b7daf5636b05c06cb47d5f161f950d27b45213cc036890ef6262ebf3,projects/modellearning/logs/run.googleapis.com%2Fstdout,,2024-02-29T20:22:47.434686990Z,sscartquery,northamerica-northeast1,modellearning,sscartquery-00011-jzl,sscartquery,cloud_run_revision,INFO,functions/Logic.java,2024-02-29T20:22:47.287039Z
65e0e797000312629d526bb6,functions/Logic.java,service,cpu:=2700000000  rt:=2786935124,cloudfunctions,00d087f5e07bdae58c1f4da3364551cac54ac5362bf1a9581e7d4bf9a32f14aae9b89d873ef09e84a16dbd253a49be122c24eb757e668e06c6c2cc19262d914e45e911,projects/modellearning/logs/run.googleapis.com%2Fstdout,,2024-02-29T20:22:47.434686990Z,sscartquery,northamerica-northeast1,modellearning,sscartquery-00011-jzl,sscartquery,cloud_run_revision,INFO,functions/Logic.java,2024-02-29T20:22:47.201314Z
65e0e7970003101585059737,functions/Logic.java,service,cpu:=2490000000  rt:=3246621715,cloudfunctions,00d087f5e0b82d4393d4a7bbb7f14727933f8b96724a91b37d40394984760349848f0c657a1b55ad143d87d15617c08a8ba76acddb65a7eb3b550a40e4aceccdfb8d33,projects/modellearning/logs/run.googleapis.com%2Fstdout,,2024-02-29T20:22:47.434686990Z,sscartquery,northamerica-northeast1,modellearning,sscartquery-00011-jzl,sscartquery,cloud_run_revision,INFO,functions/Logic.java,2024-02-29T20:22:47.200725Z
65e0e796000e43478def2d3e,functions/Logic.java,service,cpu:=3330000000  rt:=3776115275,cloudfunctions,00d087f5e0fb53247b367efd3d5bd3eb6ec2079ea1f90edc419a49866437bf458cfeca444aeaa3b7daf5636b05c06cb47d5f161f950d27b45213cc036890ef6262ebf3,projects/modellearning/logs/run.googleapis.com%2Fstdout,,2024-02-29T20:22:47.102470155Z,sscartquery,northamerica-northeast1,modellearning,sscartquery-00011-jzl,sscartquery,cloud_run_revision,INFO,functions/Logic.java,2024-02-29T20:22:46.934727Z
65e0e796000ce58538dd1f02,functions/Logic.java,service,cpu:=820000000  rt:=158863839,cloudfunctions,00d087f5e096f10c047c63271bf3ad0a02126a02b2e38fa8048979e18ea67d746ffa403f88d9a80d0fd5b28bb55609f2a74100003294e282c98f0e4563ee611fd74e6e,projects/modellearning/logs/run.googleapis.com%2Fstdout,,2024-02-29T20:22:47.102470155Z,sscartquery,northamerica-northeast1,modellearning,sscartquery-00011-jzl,sscartquery,cloud_run_revision,INFO,functions/Logic.java,2024-02-29T20:22:46.845189Z
65e0e79600061fcb6c27a549,functions/Logic.java,service,cpu:=370000000  rt:=375584826,cloudfunctions,00d087f5e025f1412d457ac9df76d9971bbb653901e64de3964b6771b432461e319b79b0f00c478208807a6c7a3fbf8874fe0596d4f63281afed598300217590a2678e,projects/modellearning/logs/run.googleapis.com%2Fstdout,,2024-02-29T20:22:46.435384795Z,sscartquery,northamerica-northeast1,modellearning,sscartquery-00011-jzl,sscartquery,cloud_run_revision,INFO,functions/Logic.java,2024-02-29T20:22:46.401355Z
65e0e79600039d283b968ce6,functions/Logic.java,service,cpu:=2090000000  rt:=1275686204,cloudfunctions,00d087f5e096f10c047c63271bf3ad0a02126a02b2e38fa8048979e18ea67d746ffa403f88d9a80d0fd5b28bb55609f2a74100003294e282c98f0e4563ee611fd74e6e,projects/modellearning/logs/run.googleapis.com%2Fstdout,,2024-02-29T20:22:46.435384795Z,sscartquery,northamerica-northeast1,modellearning,sscartquery-00011-jzl,sscartquery,cloud_run_revision,INFO,functions/Logic.java,2024-02-29T20:22:46.236840Z
65e0e7960001657b276741b4,functions/Logic.java,service,cpu:=340000000  rt:=423894133,cloudfunctions,00d087f5e0d2ec86d3e5125cd7f8c8da0159c6c9245f96f8b661fd58a2c43ac7b7746cbd693c48c899aa0e18c79c8f6e29e46ee53925108e8c6a70ca451f1b05c9a9d7,projects/modellearning/logs/run.googleapis.com%2Fstdout,,2024-02-29T20:22:46.103169870Z,sscartquery,northamerica-northeast1,modellearning,sscartquery-00011-jzl,sscartquery,cloud_run_revision,INFO,functions/Logic.java,2024-02-29T20:22:46.091515Z
65e0e79600011530e76774b4,functions/Logic.java,service,cpu:=920000000  rt:=1109877789,cloudfunctions,00d087f5e096f10c047c63271bf3ad0a02126a02b2e38fa8048979e18ea67d746ffa403f88d9a80d0fd5b28bb55609f2a74100003294e282c98f0e4563ee611fd74e6e,projects/modellearning/logs/run.googleapis.com%2Fstdout,,2024-02-29T20:22:46.103169870Z,sscartquery,northamerica-northeast1,modellearning,sscartquery-00011-jzl,sscartquery,cloud_run_revision,INFO,functions/Logic.java,2024-02-29T20:22:46.070960Z
65e0e7960000ae6d19d460e0,functions/Logic.java,service,cpu:=430000000  rt:=1083526738,cloudfunctions,00d087f5e096f10c047c63271bf3ad0a02126a02b2e38fa8048979e18ea67d746ffa403f88d9a80d0fd5b28bb55609f2a74100003294e282c98f0e4563ee611fd74e6e,projects/modellearning/logs/run.googleapis.com%2Fstdout,,2024-02-29T20:22:46.103169870Z,sscartquery,northamerica-northeast1,modellearning,sscartquery-00011-jzl,sscartquery,cloud_run_revision,INFO,functions/Logic.java,2024-02-29T20:22:46.044653Z
65e0e795000cbc78b0bafec4,functions/Logic.java,service,cpu:=200000000  rt:=210479859,cloudfunctions,00d087f5e0c28364f40a88ea65440fad99d864800ea3cc4f8b70fe4c04ce8ea9bd6aa21cc40c9f2508c1dde8fc79b324f27e029f2d84aed35c039754a5d33a775a009f,projects/modellearning/logs/run.googleapis.com%2Fstdout,,2024-02-29T20:22:46.103169870Z,sscartquery,northamerica-northeast1,modellearning,sscartquery-00011-jzl,sscartquery,cloud_run_revision,INFO,functions/Logic.java,2024-02-29T20:22:45.834680Z
65e0e795000bd4d84417800e,functions/Logic.java,service,cpu:=1250000000  rt:=1673784828,cloudfunctions,00d087f5e025f1412d457ac9df76d9971bbb653901e64de3964b6771b432461e319b79b0f00c478208807a6c7a3fbf8874fe0596d4f63281afed598300217590a2678e,projects/modellearning/logs/run.googleapis.com%2Fstdout,,2024-02-29T20:22:46.103169870Z,sscartquery,northamerica-northeast1,modellearning,sscartquery-00011-jzl,sscartquery,cloud_run_revision,INFO,functions/Logic.java,2024-02-29T20:22:45.775384Z
65e0e795000ae59dd98f828b,functions/Logic.java,service,cpu:=120000000  rt:=120190074,cloudfunctions,00d087f5e04921ffa2ae878763f0217abb165fe4fe9a2e8a027ba11aed30e41dbddf4fc8615626ade2ce81a05b33cc0543a90b189fc41ef2749e7ddb07fe1c9b9eae6c,projects/modellearning/logs/run.googleapis.com%2Fstdout,,2024-02-29T20:22:45.770312346Z,sscartquery,northamerica-northeast1,modellearning,sscartquery-00011-jzl,sscartquery,cloud_run_revision,INFO,functions/Logic.java,2024-02-29T20:22:45.714141Z
65e0e79500088cc673119708,functions/Logic.java,service,cpu:=-2830000000  rt:=1605923721,cloudfunctions,00d087f5e0b82d4393d4a7bbb7f14727933f8b96724a91b37d40394984760349848f0c657a1b55ad143d87d15617c08a8ba76acddb65a7eb3b550a40e4aceccdfb8d33,projects/modellearning/logs/run.googleapis.com%2Fstdout,,2024-02-29T20:22:45.770312346Z,sscartquery,northamerica-northeast1,modellearning,sscartquery-00011-jzl,sscartquery,cloud_run_revision,INFO,functions/Logic.java,2024-02-29T20:22:45.560326Z
65e0e7950003a0cf9e67292b,functions/Logic.java,service,cpu:=9470000000  rt:=1601940799,cloudfunctions,00d087f5e04921ffa2ae878763f0217abb165fe4fe9a2e8a027ba11aed30e41dbddf4fc8615626ade2ce81a05b33cc0543a90b189fc41ef2749e7ddb07fe1c9b9eae6c,projects/modellearning/logs/run.googleapis.com%2Fstdout,,2024-02-29T20:22:45.436718261Z,sscartquery,northamerica-northeast1,modellearning,sscartquery-00011-jzl,sscartquery,cloud_run_revision,INFO,functions/Logic.java,2024-02-29T20:22:45.237775Z
65e0e795000086b68adec0f2,functions/Logic.java,service,cpu:=670000000  rt:=1398760669,cloudfunctions,00d087f5e04921ffa2ae878763f0217abb165fe4fe9a2e8a027ba11aed30e41dbddf4fc8615626ade2ce81a05b33cc0543a90b189fc41ef2749e7ddb07fe1c9b9eae6c,projects/modellearning/logs/run.googleapis.com%2Fstdout,,2024-02-29T20:22:45.103927132Z,sscartquery,northamerica-northeast1,modellearning,sscartquery-00011-jzl,sscartquery,cloud_run_revision,INFO,functions/Logic.java,2024-02-29T20:22:45.034486Z
65e0e794000d3065c1af57bb,functions/Logic.java,service,cpu:=5130000000  rt:=762445421,cloudfunctions,00d087f5e025f1412d457ac9df76d9971bbb653901e64de3964b6771b432461e319b79b0f00c478208807a6c7a3fbf8874fe0596d4f63281afed598300217590a2678e,projects/modellearning/logs/run.googleapis.com%2Fstdout,,2024-02-29T20:22:45.103927132Z,sscartquery,northamerica-northeast1,modellearning,sscartquery-00011-jzl,sscartquery,cloud_run_revision,INFO,functions/Logic.java,2024-02-29T20:22:44.864357Z
65e0e7940003947d1a4e93e1,functions/Logic.java,service,cpu:=7920000000  rt:=2988879907,cloudfunctions,00d087f5e07bdae58c1f4da3364551cac54ac5362bf1a9581e7d4bf9a32f14aae9b89d873ef09e84a16dbd253a49be122c24eb757e668e06c6c2cc19262d914e45e911,projects/modellearning/logs/run.googleapis.com%2Fstdout,,2024-02-29T20:22:44.438049344Z,sscartquery,northamerica-northeast1,modellearning,sscartquery-00011-jzl,sscartquery,cloud_run_revision,INFO,functions/Logic.java,2024-02-29T20:22:44.234621Z
65e0e7940000873c11edb68a,functions/Logic.java,service,cpu:=12080000000  rt:=876470107,cloudfunctions,00d087f5e0fb53247b367efd3d5bd3eb6ec2079ea1f90edc419a49866437bf458cfeca444aeaa3b7daf5636b05c06cb47d5f161f950d27b45213cc036890ef6262ebf3,projects/modellearning/logs/run.googleapis.com%2Fstdout,,2024-02-29T20:22:44.105206001Z,sscartquery,northamerica-northeast1,modellearning,sscartquery-00011-jzl,sscartquery,cloud_run_revision,INFO,functions/Logic.java,2024-02-29T20:22:44.034620Z
65e0e793000e42bd92ce5740,functions/Logic.java,service,cpu:=310000000  rt:=489324598,cloudfunctions,00d087f5e0b82d4393d4a7bbb7f14727933f8b96724a91b37d40394984760349848f0c657a1b55ad143d87d15617c08a8ba76acddb65a7eb3b550a40e4aceccdfb8d33,projects/modellearning/logs/run.googleapis.com%2Fstdout,,2024-02-29T20:22:44.105206001Z,sscartquery,northamerica-northeast1,modellearning,sscartquery-00011-jzl,sscartquery,cloud_run_revision,INFO,functions/Logic.java,2024-02-29T20:22:43.934589Z
65e0e79300082782d0ffd2c0,functions/Logic.java,service,cpu:=2740000000  rt:=2288720324,cloudfunctions,00d087f5e07bdae58c1f4da3364551cac54ac5362bf1a9581e7d4bf9a32f14aae9b89d873ef09e84a16dbd253a49be122c24eb757e668e06c6c2cc19262d914e45e911,projects/modellearning/logs/run.googleapis.com%2Fstdout,,2024-02-29T20:22:43.771201974Z,sscartquery,northamerica-northeast1,modellearning,sscartquery-00011-jzl,sscartquery,cloud_run_revision,INFO,functions/Logic.java,2024-02-29T20:22:43.534402Z
65e0e7930000f83cfb13427e,functions/Logic.java,service,cpu:=820000000  rt:=1803271687,cloudfunctions,00d087f5e07bdae58c1f4da3364551cac54ac5362bf1a9581e7d4bf9a32f14aae9b89d873ef09e84a16dbd253a49be122c24eb757e668e06c6c2cc19262d914e45e911,projects/modellearning/logs/run.googleapis.com%2Fstdout,,2024-02-29T20:22:43.106319911Z,sscartquery,northamerica-northeast1,modellearning,sscartquery-00011-jzl,sscartquery,cloud_run_revision,INFO,functions/Logic.java,2024-02-29T20:22:43.063548Z
65e0e793000086514f299338,functions/Logic.java,service,cpu:=-2670000000  rt:=184433954,cloudfunctions,00d087f5e04921ffa2ae878763f0217abb165fe4fe9a2e8a027ba11aed30e41dbddf4fc8615626ade2ce81a05b33cc0543a90b189fc41ef2749e7ddb07fe1c9b9eae6c,projects/modellearning/logs/run.googleapis.com%2Fstdout,,2024-02-29T20:22:43.106319911Z,sscartquery,northamerica-northeast1,modellearning,sscartquery-00011-jzl,sscartquery,cloud_run_revision,INFO,functions/Logic.java,2024-02-29T20:22:43.034385Z
65e0e792000d69e8739ede0f,functions/Logic.java,service,cpu:=240000000  rt:=238689215,cloudfunctions,00d087f5e025f1412d457ac9df76d9971bbb653901e64de3964b6771b432461e319b79b0f00c478208807a6c7a3fbf8874fe0596d4f63281afed598300217590a2678e,projects/modellearning/logs/run.googleapis.com%2Fstdout,,2024-02-29T20:22:43.106319911Z,sscartquery,northamerica-northeast1,modellearning,sscartquery-00011-jzl,sscartquery,cloud_run_revision,INFO,functions/Logic.java,2024-02-29T20:22:42.879080Z
65e0e792000cee07aeaa2cc4,functions/Logic.java,service,cpu:=9780000000  rt:=1797573827,cloudfunctions,00d087f5e0508b90f669d2e778e5edb119d2cf95bbdf1d474990a4029916e734b09cb9a2fbea2793facea51d590b84a7b32d827e55698dd1314956e833b1573e692dea,projects/modellearning/logs/run.googleapis.com%2Fstdout,,2024-02-29T20:22:43.106319911Z,sscartquery,northamerica-northeast1,modellearning,sscartquery-00011-jzl,sscartquery,cloud_run_revision,INFO,functions/Logic.java,2024-02-29T20:22:42.847367Z
65e0e79200003397dd50b698,functions/Logic.java,service,cpu:=430000000  rt:=430718282,cloudfunctions,00d087f5e0fb53247b367efd3d5bd3eb6ec2079ea1f90edc419a49866437bf458cfeca444aeaa3b7daf5636b05c06cb47d5f161f950d27b45213cc036890ef6262ebf3,projects/modellearning/logs/run.googleapis.com%2Fstdout,,2024-02-29T20:22:42.106224535Z,sscartquery,northamerica-northeast1,modellearning,sscartquery-00011-jzl,sscartquery,cloud_run_revision,INFO,functions/Logic.java,2024-02-29T20:22:42.013207Z
65e0e791000b7959d6933d42,functions/Logic.java,service,cpu:=6270000000  rt:=1159948647,cloudfunctions,00d087f5e0b82d4393d4a7bbb7f14727933f8b96724a91b37d40394984760349848f0c657a1b55ad143d87d15617c08a8ba76acddb65a7eb3b550a40e4aceccdfb8d33,projects/modellearning/logs/run.googleapis.com%2Fstdout,,2024-02-29T20:22:41.773990058Z,sscartquery,northamerica-northeast1,modellearning,sscartquery-00011-jzl,sscartquery,cloud_run_revision,INFO,functions/Logic.java,2024-02-29T20:22:41.751961Z
65e0e791000b34ef9bde4425,functions/Logic.java,service,cpu:=4140000000  rt:=684966246,cloudfunctions,00d087f5e0508b90f669d2e778e5edb119d2cf95bbdf1d474990a4029916e734b09cb9a2fbea2793facea51d590b84a7b32d827e55698dd1314956e833b1573e692dea,projects/modellearning/logs/run.googleapis.com%2Fstdout,,2024-02-29T20:22:41.773990058Z,sscartquery,northamerica-northeast1,modellearning,sscartquery-00011-jzl,sscartquery,cloud_run_revision,INFO,functions/Logic.java,2024-02-29T20:22:41.734447Z
65e0e79100089d80cc5ce23b,functions/Logic.java,service,cpu:=210000000  rt:=210731817,cloudfunctions,00d087f5e0fb53247b367efd3d5bd3eb6ec2079ea1f90edc419a49866437bf458cfeca444aeaa3b7daf5636b05c06cb47d5f161f950d27b45213cc036890ef6262ebf3,projects/modellearning/logs/run.googleapis.com%2Fstdout,,2024-02-29T20:22:41.773990058Z,sscartquery,northamerica-northeast1,modellearning,sscartquery-00011-jzl,sscartquery,cloud_run_revision,INFO,functions/Logic.java,2024-02-29T20:22:41.564608Z
65e0e7910006f8eeb5b9076c,functions/Logic.java,service,cpu:=640000000  rt:=648709420,cloudfunctions,00d087f5e025f1412d457ac9df76d9971bbb653901e64de3964b6771b432461e319b79b0f00c478208807a6c7a3fbf8874fe0596d4f63281afed598300217590a2678e,projects/modellearning/logs/run.googleapis.com%2Fstdout,,2024-02-29T20:22:41.773990058Z,sscartquery,northamerica-northeast1,modellearning,sscartquery-00011-jzl,sscartquery,cloud_run_revision,INFO,functions/Logic.java,2024-02-29T20:22:41.456942Z
65e0e791000573a9fb0f1f67,functions/Logic.java,service,cpu:=390000000  rt:=709204004,cloudfunctions,00d087f5e096f10c047c63271bf3ad0a02126a02b2e38fa8048979e18ea67d746ffa403f88d9a80d0fd5b28bb55609f2a74100003294e282c98f0e4563ee611fd74e6e,projects/modellearning/logs/run.googleapis.com%2Fstdout,,2024-02-29T20:22:41.440263309Z,sscartquery,northamerica-northeast1,modellearning,sscartquery-00011-jzl,sscartquery,cloud_run_revision,INFO,functions/Logic.java,2024-02-29T20:22:41.357289Z
65e0e7910003e1aa76881b45,functions/Logic.java,service,cpu:=1450000000  rt:=606400999,cloudfunctions,00d087f5e096f10c047c63271bf3ad0a02126a02b2e38fa8048979e18ea67d746ffa403f88d9a80d0fd5b28bb55609f2a74100003294e282c98f0e4563ee611fd74e6e,projects/modellearning/logs/run.googleapis.com%2Fstdout,,2024-02-29T20:22:41.440263309Z,sscartquery,northamerica-northeast1,modellearning,sscartquery-00011-jzl,sscartquery,cloud_run_revision,INFO,functions/Logic.java,2024-02-29T20:22:41.254378Z
65e0e7910003c90eea40d8ca,functions/Logic.java,service,cpu:=1330000000  rt:=1367980582,cloudfunctions,00d087f5e04921ffa2ae878763f0217abb165fe4fe9a2e8a027ba11aed30e41dbddf4fc8615626ade2ce81a05b33cc0543a90b189fc41ef2749e7ddb07fe1c9b9eae6c,projects/modellearning/logs/run.googleapis.com%2Fstdout,,2024-02-29T20:22:41.440263309Z,sscartquery,northamerica-northeast1,modellearning,sscartquery-00011-jzl,sscartquery,cloud_run_revision,INFO,functions/Logic.java,2024-02-29T20:22:41.248078Z
65e0e7910003a38a0acc0feb,functions/Logic.java,service,cpu:=1850000000  rt:=1888006459,cloudfunctions,00d087f5e0fb53247b367efd3d5bd3eb6ec2079ea1f90edc419a49866437bf458cfeca444aeaa3b7daf5636b05c06cb47d5f161f950d27b45213cc036890ef6262ebf3,projects/modellearning/logs/run.googleapis.com%2Fstdout,,2024-02-29T20:22:41.440263309Z,sscartquery,northamerica-northeast1,modellearning,sscartquery-00011-jzl,sscartquery,cloud_run_revision,INFO,functions/Logic.java,2024-02-29T20:22:41.238474Z
65e0e790000cf305d9cb3297,functions/Logic.java,service,cpu:=150000000  rt:=220321235,cloudfunctions,00d087f5e0508b90f669d2e778e5edb119d2cf95bbdf1d474990a4029916e734b09cb9a2fbea2793facea51d590b84a7b32d827e55698dd1314956e833b1573e692dea,projects/modellearning/logs/run.googleapis.com%2Fstdout,,2024-02-29T20:22:41.107235634Z,sscartquery,northamerica-northeast1,modellearning,sscartquery-00011-jzl,sscartquery,cloud_run_revision,INFO,functions/Logic.java,2024-02-29T20:22:40.848645Z
65e0e790000b454a1e246f9e,functions/Logic.java,service,cpu:=90000000  rt:=146763660,cloudfunctions,00d087f5e0b82d4393d4a7bbb7f14727933f8b96724a91b37d40394984760349848f0c657a1b55ad143d87d15617c08a8ba76acddb65a7eb3b550a40e4aceccdfb8d33,projects/modellearning/logs/run.googleapis.com%2Fstdout,,2024-02-29T20:22:40.774211590Z,sscartquery,northamerica-northeast1,modellearning,sscartquery-00011-jzl,sscartquery,cloud_run_revision,INFO,functions/Logic.java,2024-02-29T20:22:40.738634Z
65e0e790000a82d79bbcfbb2,functions/Logic.java,service,cpu:=270000000  rt:=2753993287,cloudfunctions,00d087f5e025f1412d457ac9df76d9971bbb653901e64de3964b6771b432461e319b79b0f00c478208807a6c7a3fbf8874fe0596d4f63281afed598300217590a2678e,projects/modellearning/logs/run.googleapis.com%2Fstdout,,2024-02-29T20:22:40.774211590Z,sscartquery,northamerica-northeast1,modellearning,sscartquery-00011-jzl,sscartquery,cloud_run_revision,INFO,functions/Logic.java,2024-02-29T20:22:40.688855Z
65e0e7900006ddbb56712f3c,functions/Logic.java,service,cpu:=-8370000000  rt:=298960865,cloudfunctions,00d087f5e0508b90f669d2e778e5edb119d2cf95bbdf1d474990a4029916e734b09cb9a2fbea2793facea51d590b84a7b32d827e55698dd1314956e833b1573e692dea,projects/modellearning/logs/run.googleapis.com%2Fstdout,,2024-02-29T20:22:40.774211590Z,sscartquery,northamerica-northeast1,modellearning,sscartquery-00011-jzl,sscartquery,cloud_run_revision,INFO,functions/Logic.java,2024-02-29T20:22:40.449979Z
65e0e7900006a163f8ab0786,functions/Logic.java,service,cpu:=-3880000000  rt:=264329639,cloudfunctions,00d087f5e0b82d4393d4a7bbb7f14727933f8b96724a91b37d40394984760349848f0c657a1b55ad143d87d15617c08a8ba76acddb65a7eb3b550a40e4aceccdfb8d33,projects/modellearning/logs/run.googleapis.com%2Fstdout,,2024-02-29T20:22:40.441150539Z,sscartquery,northamerica-northeast1,modellearning,sscartquery-00011-jzl,sscartquery,cloud_run_revision,INFO,functions/Logic.java,2024-02-29T20:22:40.434531Z
65e0e78f000e43d35b70c0ca,functions/Logic.java,service,cpu:=1230000000  rt:=1999721164,cloudfunctions,00d087f5e025f1412d457ac9df76d9971bbb653901e64de3964b6771b432461e319b79b0f00c478208807a6c7a3fbf8874fe0596d4f63281afed598300217590a2678e,projects/modellearning/logs/run.googleapis.com%2Fstdout,,2024-02-29T20:22:40.108551470Z,sscartquery,northamerica-northeast1,modellearning,sscartquery-00011-jzl,sscartquery,cloud_run_revision,INFO,functions/Logic.java,2024-02-29T20:22:39.934867Z
65e0e78f000d17422e3346ff,functions/Logic.java,service,cpu:=270000000  rt:=269375855,cloudfunctions,00d087f5e04921ffa2ae878763f0217abb165fe4fe9a2e8a027ba11aed30e41dbddf4fc8615626ade2ce81a05b33cc0543a90b189fc41ef2749e7ddb07fe1c9b9eae6c,projects/modellearning/logs/run.googleapis.com%2Fstdout,,2024-02-29T20:22:40.108551470Z,sscartquery,northamerica-northeast1,modellearning,sscartquery-00011-jzl,sscartquery,cloud_run_revision,INFO,functions/Logic.java,2024-02-29T20:22:39.857922Z
65e0e78f0005c5a00c54bf45,functions/Logic.java,service,cpu:=2340000000  rt:=2443698363,cloudfunctions,00d087f5e04921ffa2ae878763f0217abb165fe4fe9a2e8a027ba11aed30e41dbddf4fc8615626ade2ce81a05b33cc0543a90b189fc41ef2749e7ddb07fe1c9b9eae6c,projects/modellearning/logs/run.googleapis.com%2Fstdout,,2024-02-29T20:22:39.442822754Z,sscartquery,northamerica-northeast1,modellearning,sscartquery-00011-jzl,sscartquery,cloud_run_revision,INFO,functions/Logic.java,2024-02-29T20:22:39.378272Z
65e0e78f00051aac7b112e37,functions/Logic.java,service,cpu:=510000000  rt:=517771511,cloudfunctions,00d087f5e0fb53247b367efd3d5bd3eb6ec2079ea1f90edc419a49866437bf458cfeca444aeaa3b7daf5636b05c06cb47d5f161f950d27b45213cc036890ef6262ebf3,projects/modellearning/logs/run.googleapis.com%2Fstdout,,2024-02-29T20:22:39.442822754Z,sscartquery,northamerica-northeast1,modellearning,sscartquery-00011-jzl,sscartquery,cloud_run_revision,INFO,functions/Logic.java,2024-02-29T20:22:39.334508Z
65e0e78e000e9183eefd52e6,functions/Logic.java,service,cpu:=640000000  rt:=657994440,cloudfunctions,00d087f5e0508b90f669d2e778e5edb119d2cf95bbdf1d474990a4029916e734b09cb9a2fbea2793facea51d590b84a7b32d827e55698dd1314956e833b1573e692dea,projects/modellearning/logs/run.googleapis.com%2Fstdout,,2024-02-29T20:22:39.109869800Z,sscartquery,northamerica-northeast1,modellearning,sscartquery-00011-jzl,sscartquery,cloud_run_revision,INFO,functions/Logic.java,2024-02-29T20:22:38.954755Z
65e0e78e000c23e308ee46fa,functions/Logic.java,service,cpu:=460000000  rt:=483054384,cloudfunctions,00d087f5e07bdae58c1f4da3364551cac54ac5362bf1a9581e7d4bf9a32f14aae9b89d873ef09e84a16dbd253a49be122c24eb757e668e06c6c2cc19262d914e45e911,projects/modellearning/logs/run.googleapis.com%2Fstdout,,2024-02-29T20:22:39.109869800Z,sscartquery,northamerica-northeast1,modellearning,sscartquery-00011-jzl,sscartquery,cloud_run_revision,INFO,functions/Logic.java,2024-02-29T20:22:38.795619Z
65e0e78e000bb97f3a7e05a8,functions/Logic.java,service,cpu:=610000000  rt:=1025849151,cloudfunctions,00d087f5e0b82d4393d4a7bbb7f14727933f8b96724a91b37d40394984760349848f0c657a1b55ad143d87d15617c08a8ba76acddb65a7eb3b550a40e4aceccdfb8d33,projects/modellearning/logs/run.googleapis.com%2Fstdout,,2024-02-29T20:22:38.776944833Z,sscartquery,northamerica-northeast1,modellearning,sscartquery-00011-jzl,sscartquery,cloud_run_revision,INFO,functions/Logic.java,2024-02-29T20:22:38.768383Z
65e0e78e000a58f5a4e6f5b3,functions/Logic.java,service,cpu:=420000000  rt:=428297692,cloudfunctions,00d087f5e0fb53247b367efd3d5bd3eb6ec2079ea1f90edc419a49866437bf458cfeca444aeaa3b7daf5636b05c06cb47d5f161f950d27b45213cc036890ef6262ebf3,projects/modellearning/logs/run.googleapis.com%2Fstdout,,2024-02-29T20:22:38.776944833Z,sscartquery,northamerica-northeast1,modellearning,sscartquery-00011-jzl,sscartquery,cloud_run_revision,INFO,functions/Logic.java,2024-02-29T20:22:38.678133Z
65e0e78e0006d9df092537ec,functions/Logic.java,service,cpu:=7360000000  rt:=706480207,cloudfunctions,00d087f5e0b82d4393d4a7bbb7f14727933f8b96724a91b37d40394984760349848f0c657a1b55ad143d87d15617c08a8ba76acddb65a7eb3b550a40e4aceccdfb8d33,projects/modellearning/logs/run.googleapis.com%2Fstdout,,2024-02-29T20:22:38.776944833Z,sscartquery,northamerica-northeast1,modellearning,sscartquery-00011-jzl,sscartquery,cloud_run_revision,INFO,functions/Logic.java,2024-02-29T20:22:38.448991Z
65e0e78e00032d9c62dc74c4,functions/Logic.java,service,cpu:=1690000000  rt:=2673706259,cloudfunctions,00d087f5e0fb53247b367efd3d5bd3eb6ec2079ea1f90edc419a49866437bf458cfeca444aeaa3b7daf5636b05c06cb47d5f161f950d27b45213cc036890ef6262ebf3,projects/modellearning/logs/run.googleapis.com%2Fstdout,,2024-02-29T20:22:38.443737535Z,sscartquery,northamerica-northeast1,modellearning,sscartquery-00011-jzl,sscartquery,cloud_run_revision,INFO,functions/Logic.java,2024-02-29T20:22:38.208284Z
65e0e78e0000bf03c552d654,functions/Logic.java,service,cpu:=130000000  rt:=130258450,cloudfunctions,00d087f5e0508b90f669d2e778e5edb119d2cf95bbdf1d474990a4029916e734b09cb9a2fbea2793facea51d590b84a7b32d827e55698dd1314956e833b1573e692dea,projects/modellearning/logs/run.googleapis.com%2Fstdout,,2024-02-29T20:22:38.110046506Z,sscartquery,northamerica-northeast1,modellearning,sscartquery-00011-jzl,sscartquery,cloud_run_revision,INFO,functions/Logic.java,2024-02-29T20:22:38.048899Z
65e0e78d000d5868d9f3cdd3,functions/Logic.java,service,cpu:=350000000  rt:=354869522,cloudfunctions,00d087f5e0508b90f669d2e778e5edb119d2cf95bbdf1d474990a4029916e734b09cb9a2fbea2793facea51d590b84a7b32d827e55698dd1314956e833b1573e692dea,projects/modellearning/logs/run.googleapis.com%2Fstdout,,2024-02-29T20:22:38.110046506Z,sscartquery,northamerica-northeast1,modellearning,sscartquery-00011-jzl,sscartquery,cloud_run_revision,INFO,functions/Logic.java,2024-02-29T20:22:37.874600Z
65e0e78d000b355653e5290a,functions/Logic.java,service,cpu:=7870000000  rt:=2199777144,cloudfunctions,00d087f5e0fb53247b367efd3d5bd3eb6ec2079ea1f90edc419a49866437bf458cfeca444aeaa3b7daf5636b05c06cb47d5f161f950d27b45213cc036890ef6262ebf3,projects/modellearning/logs/run.googleapis.com%2Fstdout,,2024-02-29T20:22:37.777678536Z,sscartquery,northamerica-northeast1,modellearning,sscartquery-00011-jzl,sscartquery,cloud_run_revision,INFO,functions/Logic.java,2024-02-29T20:22:37.734550Z
65e0e78d0009aeb0aa6116a2,functions/Logic.java,service,cpu:=-4100000000  rt:=383839240,cloudfunctions,00d087f5e0b82d4393d4a7bbb7f14727933f8b96724a91b37d40394984760349848f0c657a1b55ad143d87d15617c08a8ba76acddb65a7eb3b550a40e4aceccdfb8d33,projects/modellearning/logs/run.googleapis.com%2Fstdout,,2024-02-29T20:22:37.777678536Z,sscartquery,northamerica-northeast1,modellearning,sscartquery-00011-jzl,sscartquery,cloud_run_revision,INFO,functions/Logic.java,2024-02-29T20:22:37.634544Z
65e0e78d00070daf3f0015e4,functions/Logic.java,service,cpu:=180000000  rt:=427971183,cloudfunctions,00d087f5e025f1412d457ac9df76d9971bbb653901e64de3964b6771b432461e319b79b0f00c478208807a6c7a3fbf8874fe0596d4f63281afed598300217590a2678e,projects/modellearning/logs/run.googleapis.com%2Fstdout,,2024-02-29T20:22:37.777678536Z,sscartquery,northamerica-northeast1,modellearning,sscartquery-00011-jzl,sscartquery,cloud_run_revision,INFO,functions/Logic.java,2024-02-29T20:22:37.462255Z
65e0e78d000594f8de0cd7ed,functions/Logic.java,service,cpu:=10120000000  rt:=545967329,cloudfunctions,00d087f5e0508b90f669d2e778e5edb119d2cf95bbdf1d474990a4029916e734b09cb9a2fbea2793facea51d590b84a7b32d827e55698dd1314956e833b1573e692dea,projects/modellearning/logs/run.googleapis.com%2Fstdout,,2024-02-29T20:22:37.445162958Z,sscartquery,northamerica-northeast1,modellearning,sscartquery-00011-jzl,sscartquery,cloud_run_revision,INFO,functions/Logic.java,2024-02-29T20:22:37.365816Z
65e0e78d00051a7bb8450738,functions/Logic.java,service,cpu:=280000000  rt:=514666221,cloudfunctions,00d087f5e0508b90f669d2e778e5edb119d2cf95bbdf1d474990a4029916e734b09cb9a2fbea2793facea51d590b84a7b32d827e55698dd1314956e833b1573e692dea,projects/modellearning/logs/run.googleapis.com%2Fstdout,,2024-02-29T20:22:37.445162958Z,sscartquery,northamerica-northeast1,modellearning,sscartquery-00011-jzl,sscartquery,cloud_run_revision,INFO,functions/Logic.java,2024-02-29T20:22:37.334459Z
65e0e78d0000867e3326e841,functions/Logic.java,service,cpu:=5060000000  rt:=99243220,cloudfunctions,00d087f5e04921ffa2ae878763f0217abb165fe4fe9a2e8a027ba11aed30e41dbddf4fc8615626ade2ce81a05b33cc0543a90b189fc41ef2749e7ddb07fe1c9b9eae6c,projects/modellearning/logs/run.googleapis.com%2Fstdout,,2024-02-29T20:22:37.111624954Z,sscartquery,northamerica-northeast1,modellearning,sscartquery-00011-jzl,sscartquery,cloud_run_revision,INFO,functions/Logic.java,2024-02-29T20:22:37.034430Z
65e0e78c000e424144f4fa06,functions/Logic.java,service,cpu:=470000000  rt:=485776356,cloudfunctions,00d087f5e025f1412d457ac9df76d9971bbb653901e64de3964b6771b432461e319b79b0f00c478208807a6c7a3fbf8874fe0596d4f63281afed598300217590a2678e,projects/modellearning/logs/run.googleapis.com%2Fstdout,,2024-02-29T20:22:37.111624954Z,sscartquery,northamerica-northeast1,modellearning,sscartquery-00011-jzl,sscartquery,cloud_run_revision,INFO,functions/Logic.java,2024-02-29T20:22:36.934465Z
65e0e78b000cbbca798839c2,functions/Logic.java,service,cpu:=2360000000  rt:=2502900507,cloudfunctions,00d087f5e0b82d4393d4a7bbb7f14727933f8b96724a91b37d40394984760349848f0c657a1b55ad143d87d15617c08a8ba76acddb65a7eb3b550a40e4aceccdfb8d33,projects/modellearning/logs/run.googleapis.com%2Fstdout,,2024-02-29T20:22:36.112589715Z,sscartquery,northamerica-northeast1,modellearning,sscartquery-00011-jzl,sscartquery,cloud_run_revision,INFO,functions/Logic.java,2024-02-29T20:22:35.834506Z
65e0e78b00051a3cc243ba1c,functions/Logic.java,service,cpu:=250000000  rt:=366338089,cloudfunctions,00d087f5e0fb53247b367efd3d5bd3eb6ec2079ea1f90edc419a49866437bf458cfeca444aeaa3b7daf5636b05c06cb47d5f161f950d27b45213cc036890ef6262ebf3,projects/modellearning/logs/run.googleapis.com%2Fstdout,,2024-02-29T20:22:35.447257369Z,sscartquery,northamerica-northeast1,modellearning,sscartquery-00011-jzl,sscartquery,cloud_run_revision,INFO,functions/Logic.java,2024-02-29T20:22:35.334396Z
65e0e78a000e4229af24336a,functions/Logic.java,service,cpu:=110000000  rt:=133840299,cloudfunctions,00d087f5e0fb53247b367efd3d5bd3eb6ec2079ea1f90edc419a49866437bf458cfeca444aeaa3b7daf5636b05c06cb47d5f161f950d27b45213cc036890ef6262ebf3,projects/modellearning/logs/run.googleapis.com%2Fstdout,,2024-02-29T20:22:35.114380490Z,sscartquery,northamerica-northeast1,modellearning,sscartquery-00011-jzl,sscartquery,cloud_run_revision,INFO,functions/Logic.java,2024-02-29T20:22:34.934441Z
65e0e78a000d17c4cbcec6d1,functions/Logic.java,service,cpu:=50000000  rt:=49294114,cloudfunctions,00d087f5e025f1412d457ac9df76d9971bbb653901e64de3964b6771b432461e319b79b0f00c478208807a6c7a3fbf8874fe0596d4f63281afed598300217590a2678e,projects/modellearning/logs/run.googleapis.com%2Fstdout,,2024-02-29T20:22:35.114380490Z,sscartquery,northamerica-northeast1,modellearning,sscartquery-00011-jzl,sscartquery,cloud_run_revision,INFO,functions/Logic.java,2024-02-29T20:22:34.858052Z
65e0e78a000ae29c9e9f38de,functions/Logic.java,service,cpu:=3550000000  rt:=3665747345,cloudfunctions,00d087f5e0508b90f669d2e778e5edb119d2cf95bbdf1d474990a4029916e734b09cb9a2fbea2793facea51d590b84a7b32d827e55698dd1314956e833b1573e692dea,projects/modellearning/logs/run.googleapis.com%2Fstdout,,2024-02-29T20:22:34.781389027Z,sscartquery,northamerica-northeast1,modellearning,sscartquery-00011-jzl,sscartquery,cloud_run_revision,INFO,functions/Logic.java,2024-02-29T20:22:34.713372Z
65e0e78a00012baa64ee2c2b,functions/Logic.java,service,cpu:=300000000  rt:=338090030,cloudfunctions,00d087f5e0fb53247b367efd3d5bd3eb6ec2079ea1f90edc419a49866437bf458cfeca444aeaa3b7daf5636b05c06cb47d5f161f950d27b45213cc036890ef6262ebf3,projects/modellearning/logs/run.googleapis.com%2Fstdout,,2024-02-29T20:22:34.114610798Z,sscartquery,northamerica-northeast1,modellearning,sscartquery-00011-jzl,sscartquery,cloud_run_revision,INFO,functions/Logic.java,2024-02-29T20:22:34.076714Z
65e0e789000dd25a0b2963fe,functions/Logic.java,service,cpu:=6260000000  rt:=1167155385,cloudfunctions,00d087f5e04921ffa2ae878763f0217abb165fe4fe9a2e8a027ba11aed30e41dbddf4fc8615626ade2ce81a05b33cc0543a90b189fc41ef2749e7ddb07fe1c9b9eae6c,projects/modellearning/logs/run.googleapis.com%2Fstdout,,2024-02-29T20:22:34.114610798Z,sscartquery,northamerica-northeast1,modellearning,sscartquery-00011-jzl,sscartquery,cloud_run_revision,INFO,functions/Logic.java,2024-02-29T20:22:33.905818Z
65e0e7890009adcb3d698f6c,functions/Logic.java,service,cpu:=430000000  rt:=895769074,cloudfunctions,00d087f5e04921ffa2ae878763f0217abb165fe4fe9a2e8a027ba11aed30e41dbddf4fc8615626ade2ce81a05b33cc0543a90b189fc41ef2749e7ddb07fe1c9b9eae6c,projects/modellearning/logs/run.googleapis.com%2Fstdout,,2024-02-29T20:22:33.780958341Z,sscartquery,northamerica-northeast1,modellearning,sscartquery-00011-jzl,sscartquery,cloud_run_revision,INFO,functions/Logic.java,2024-02-29T20:22:33.634315Z
65e0e78900086798ab0a2929,functions/Logic.java,service,cpu:=820000000  rt:=812220870,cloudfunctions,00d087f5e04921ffa2ae878763f0217abb165fe4fe9a2e8a027ba11aed30e41dbddf4fc8615626ade2ce81a05b33cc0543a90b189fc41ef2749e7ddb07fe1c9b9eae6c,projects/modellearning/logs/run.googleapis.com%2Fstdout,,2024-02-29T20:22:33.780958341Z,sscartquery,northamerica-northeast1,modellearning,sscartquery-00011-jzl,sscartquery,cloud_run_revision,INFO,functions/Logic.java,2024-02-29T20:22:33.550808Z
65e0e789000827a835d35fee,functions/Logic.java,service,cpu:=840000000  rt:=858348017,cloudfunctions,00d087f5e025f1412d457ac9df76d9971bbb653901e64de3964b6771b432461e319b79b0f00c478208807a6c7a3fbf8874fe0596d4f63281afed598300217590a2678e,projects/modellearning/logs/run.googleapis.com%2Fstdout,,2024-02-29T20:22:33.780958341Z,sscartquery,northamerica-northeast1,modellearning,sscartquery-00011-jzl,sscartquery,cloud_run_revision,INFO,functions/Logic.java,2024-02-29T20:22:33.534440Z
65e0e78900051a1e07d5dcc2,functions/Logic.java,service,cpu:=2250000000  rt:=2510621729,cloudfunctions,00d087f5e0fb53247b367efd3d5bd3eb6ec2079ea1f90edc419a49866437bf458cfeca444aeaa3b7daf5636b05c06cb47d5f161f950d27b45213cc036890ef6262ebf3,projects/modellearning/logs/run.googleapis.com%2Fstdout,,2024-02-29T20:22:33.449209158Z,sscartquery,northamerica-northeast1,modellearning,sscartquery-00011-jzl,sscartquery,cloud_run_revision,INFO,functions/Logic.java,2024-02-29T20:22:33.334366Z
65e0e788000ec720410b9770,functions/Logic.java,service,cpu:=20000000  rt:=12436116,cloudfunctions,00d087f5e0b82d4393d4a7bbb7f14727933f8b96724a91b37d40394984760349848f0c657a1b55ad143d87d15617c08a8ba76acddb65a7eb3b550a40e4aceccdfb8d33,projects/modellearning/logs/run.googleapis.com%2Fstdout,,2024-02-29T20:22:33.114770238Z,sscartquery,northamerica-northeast1,modellearning,sscartquery-00011-jzl,sscartquery,cloud_run_revision,INFO,functions/Logic.java,2024-02-29T20:22:32.968480Z
65e0e788000b34889541138c,functions/Logic.java,service,cpu:=990000000  rt:=1040858845,cloudfunctions,00d087f5e0b82d4393d4a7bbb7f14727933f8b96724a91b37d40394984760349848f0c657a1b55ad143d87d15617c08a8ba76acddb65a7eb3b550a40e4aceccdfb8d33,projects/modellearning/logs/run.googleapis.com%2Fstdout,,2024-02-29T20:22:32.782902406Z,sscartquery,northamerica-northeast1,modellearning,sscartquery-00011-jzl,sscartquery,cloud_run_revision,INFO,functions/Logic.java,2024-02-29T20:22:32.734344Z
65e0e788000915ca4d92c7b5,functions/Logic.java,service,cpu:=400000000  rt:=407475633,cloudfunctions,00d087f5e025f1412d457ac9df76d9971bbb653901e64de3964b6771b432461e319b79b0f00c478208807a6c7a3fbf8874fe0596d4f63281afed598300217590a2678e,projects/modellearning/logs/run.googleapis.com%2Fstdout,,2024-02-29T20:22:32.782902406Z,sscartquery,northamerica-northeast1,modellearning,sscartquery-00011-jzl,sscartquery,cloud_run_revision,INFO,functions/Logic.java,2024-02-29T20:22:32.595402Z
65e0e7880000af79495b8d5e,functions/Logic.java,service,cpu:=160000000  rt:=158074237,cloudfunctions,00d087f5e025f1412d457ac9df76d9971bbb653901e64de3964b6771b432461e319b79b0f00c478208807a6c7a3fbf8874fe0596d4f63281afed598300217590a2678e,projects/modellearning/logs/run.googleapis.com%2Fstdout,,2024-02-29T20:22:32.115675770Z,sscartquery,northamerica-northeast1,modellearning,sscartquery-00011-jzl,sscartquery,cloud_run_revision,INFO,functions/Logic.java,2024-02-29T20:22:32.044921Z
65e0e787000ca396125f375f,functions/Logic.java,service,cpu:=60000000  rt:=58814524,cloudfunctions,00d087f5e025f1412d457ac9df76d9971bbb653901e64de3964b6771b432461e319b79b0f00c478208807a6c7a3fbf8874fe0596d4f63281afed598300217590a2678e,projects/modellearning/logs/run.googleapis.com%2Fstdout,,2024-02-29T20:22:32.115675770Z,sscartquery,northamerica-northeast1,modellearning,sscartquery-00011-jzl,sscartquery,cloud_run_revision,INFO,functions/Logic.java,2024-02-29T20:22:31.828310Z
65e0e7870008ee4124dc6628,functions/Logic.java,service,cpu:=120000000  rt:=133757084,cloudfunctions,00d087f5e025f1412d457ac9df76d9971bbb653901e64de3964b6771b432461e319b79b0f00c478208807a6c7a3fbf8874fe0596d4f63281afed598300217590a2678e,projects/modellearning/logs/run.googleapis.com%2Fstdout,,2024-02-29T20:22:31.783510012Z,sscartquery,northamerica-northeast1,modellearning,sscartquery-00011-jzl,sscartquery,cloud_run_revision,INFO,functions/Logic.java,2024-02-29T20:22:31.585281Z
65e0e787000749176de98094,functions/Logic.java,service,cpu:=9790000000  rt:=654199027,cloudfunctions,00d087f5e0fb53247b367efd3d5bd3eb6ec2079ea1f90edc419a49866437bf458cfeca444aeaa3b7daf5636b05c06cb47d5f161f950d27b45213cc036890ef6262ebf3,projects/modellearning/logs/run.googleapis.com%2Fstdout,,2024-02-29T20:22:31.783510012Z,sscartquery,northamerica-northeast1,modellearning,sscartquery-00011-jzl,sscartquery,cloud_run_revision,INFO,functions/Logic.java,2024-02-29T20:22:31.477463Z
65e0e7870003948cde8216b7,functions/Logic.java,service,cpu:=990000000  rt:=1017262715,cloudfunctions,00d087f5e0b82d4393d4a7bbb7f14727933f8b96724a91b37d40394984760349848f0c657a1b55ad143d87d15617c08a8ba76acddb65a7eb3b550a40e4aceccdfb8d33,projects/modellearning/logs/run.googleapis.com%2Fstdout,,2024-02-29T20:22:31.450352445Z,sscartquery,northamerica-northeast1,modellearning,sscartquery-00011-jzl,sscartquery,cloud_run_revision,INFO,functions/Logic.java,2024-02-29T20:22:31.234636Z
65e0e78700001cc06c121c05,functions/Logic.java,service,cpu:=1840000000  rt:=1985493890,cloudfunctions,00d087f5e025f1412d457ac9df76d9971bbb653901e64de3964b6771b432461e319b79b0f00c478208807a6c7a3fbf8874fe0596d4f63281afed598300217590a2678e,projects/modellearning/logs/run.googleapis.com%2Fstdout,,2024-02-29T20:22:31.117644168Z,sscartquery,northamerica-northeast1,modellearning,sscartquery-00011-jzl,sscartquery,cloud_run_revision,INFO,functions/Logic.java,2024-02-29T20:22:31.007360Z
65e0e78600086119e07aa5ef,functions/Logic.java,service,cpu:=30000000  rt:=113674002,cloudfunctions,00d087f5e0fb53247b367efd3d5bd3eb6ec2079ea1f90edc419a49866437bf458cfeca444aeaa3b7daf5636b05c06cb47d5f161f950d27b45213cc036890ef6262ebf3,projects/modellearning/logs/run.googleapis.com%2Fstdout,,2024-02-29T20:22:30.785000415Z,sscartquery,northamerica-northeast1,modellearning,sscartquery-00011-jzl,sscartquery,cloud_run_revision,INFO,functions/Logic.java,2024-02-29T20:22:30.549145Z
65e0e7860006ffdfd1114ebd,functions/Logic.java,service,cpu:=390000000  rt:=568142896,cloudfunctions,00d087f5e04921ffa2ae878763f0217abb165fe4fe9a2e8a027ba11aed30e41dbddf4fc8615626ade2ce81a05b33cc0543a90b189fc41ef2749e7ddb07fe1c9b9eae6c,projects/modellearning/logs/run.googleapis.com%2Fstdout,,2024-02-29T20:22:30.785000415Z,sscartquery,northamerica-northeast1,modellearning,sscartquery-00011-jzl,sscartquery,cloud_run_revision,INFO,functions/Logic.java,2024-02-29T20:22:30.458719Z
65e0e78600051a2673a57384,functions/Logic.java,service,cpu:=-8640000000  rt:=543937200,cloudfunctions,00d087f5e0fb53247b367efd3d5bd3eb6ec2079ea1f90edc419a49866437bf458cfeca444aeaa3b7daf5636b05c06cb47d5f161f950d27b45213cc036890ef6262ebf3,projects/modellearning/logs/run.googleapis.com%2Fstdout,,2024-02-29T20:22:30.451105395Z,sscartquery,northamerica-northeast1,modellearning,sscartquery-00011-jzl,sscartquery,cloud_run_revision,INFO,functions/Logic.java,2024-02-29T20:22:30.334374Z
65e0e78600040c4d932eba7c,functions/Logic.java,service,cpu:=-2510000000  rt:=375344444,cloudfunctions,00d087f5e04921ffa2ae878763f0217abb165fe4fe9a2e8a027ba11aed30e41dbddf4fc8615626ade2ce81a05b33cc0543a90b189fc41ef2749e7ddb07fe1c9b9eae6c,projects/modellearning/logs/run.googleapis.com%2Fstdout,,2024-02-29T20:22:30.451105395Z,sscartquery,northamerica-northeast1,modellearning,sscartquery-00011-jzl,sscartquery,cloud_run_revision,INFO,functions/Logic.java,2024-02-29T20:22:30.265293Z
65e0e785000ea4077f1d0e3f,functions/Logic.java,service,cpu:=1390000000  rt:=1786137606,cloudfunctions,00d087f5e0508b90f669d2e778e5edb119d2cf95bbdf1d474990a4029916e734b09cb9a2fbea2793facea51d590b84a7b32d827e55698dd1314956e833b1573e692dea,projects/modellearning/logs/run.googleapis.com%2Fstdout,,2024-02-29T20:22:30.118516077Z,sscartquery,northamerica-northeast1,modellearning,sscartquery-00011-jzl,sscartquery,cloud_run_revision,INFO,functions/Logic.java,2024-02-29T20:22:29.959495Z
65e0e7850009ae679964a7a2,functions/Logic.java,service,cpu:=1000000000  rt:=1044739832,cloudfunctions,00d087f5e0b82d4393d4a7bbb7f14727933f8b96724a91b37d40394984760349848f0c657a1b55ad143d87d15617c08a8ba76acddb65a7eb3b550a40e4aceccdfb8d33,projects/modellearning/logs/run.googleapis.com%2Fstdout,,2024-02-29T20:22:29.784711502Z,sscartquery,northamerica-northeast1,modellearning,sscartquery-00011-jzl,sscartquery,cloud_run_revision,INFO,functions/Logic.java,2024-02-29T20:22:29.634471Z
65e0e78500021a05fd273497,functions/Logic.java,service,cpu:=2160000000  rt:=2487727813,cloudfunctions,00d087f5e04921ffa2ae878763f0217abb165fe4fe9a2e8a027ba11aed30e41dbddf4fc8615626ade2ce81a05b33cc0543a90b189fc41ef2749e7ddb07fe1c9b9eae6c,projects/modellearning/logs/run.googleapis.com%2Fstdout,,2024-02-29T20:22:29.452719877Z,sscartquery,northamerica-northeast1,modellearning,sscartquery-00011-jzl,sscartquery,cloud_run_revision,INFO,functions/Logic.java,2024-02-29T20:22:29.137733Z
65e0e7850001bb7d5a4b45f0,functions/Logic.java,service,cpu:=130000000  rt:=124176131,cloudfunctions,00d087f5e0fb53247b367efd3d5bd3eb6ec2079ea1f90edc419a49866437bf458cfeca444aeaa3b7daf5636b05c06cb47d5f161f950d27b45213cc036890ef6262ebf3,projects/modellearning/logs/run.googleapis.com%2Fstdout,,2024-02-29T20:22:29.118665554Z,sscartquery,northamerica-northeast1,modellearning,sscartquery-00011-jzl,sscartquery,cloud_run_revision,INFO,functions/Logic.java,2024-02-29T20:22:29.113533Z
65e0e7850000c01fc56216d4,functions/Logic.java,service,cpu:=6280000000  rt:=875985232,cloudfunctions,00d087f5e0508b90f669d2e778e5edb119d2cf95bbdf1d474990a4029916e734b09cb9a2fbea2793facea51d590b84a7b32d827e55698dd1314956e833b1573e692dea,projects/modellearning/logs/run.googleapis.com%2Fstdout,,2024-02-29T20:22:29.118665554Z,sscartquery,northamerica-northeast1,modellearning,sscartquery-00011-jzl,sscartquery,cloud_run_revision,INFO,functions/Logic.java,2024-02-29T20:22:29.049183Z
65e0e784000a53b4b13f9773,functions/Logic.java,service,cpu:=11360000000  rt:=3858322290,cloudfunctions,00d087f5e0fb53247b367efd3d5bd3eb6ec2079ea1f90edc419a49866437bf458cfeca444aeaa3b7daf5636b05c06cb47d5f161f950d27b45213cc036890ef6262ebf3,projects/modellearning/logs/run.googleapis.com%2Fstdout,,2024-02-29T20:22:28.785609190Z,sscartquery,northamerica-northeast1,modellearning,sscartquery-00011-jzl,sscartquery,cloud_run_revision,INFO,functions/Logic.java,2024-02-29T20:22:28.676788Z
65e0e7840008f79b05422fcb,functions/Logic.java,service,cpu:=29380000000  rt:=1165901032,cloudfunctions,00d087f5e025f1412d457ac9df76d9971bbb653901e64de3964b6771b432461e319b79b0f00c478208807a6c7a3fbf8874fe0596d4f63281afed598300217590a2678e,projects/modellearning/logs/run.googleapis.com%2Fstdout,,2024-02-29T20:22:28.785609190Z,sscartquery,northamerica-northeast1,modellearning,sscartquery-00011-jzl,sscartquery,cloud_run_revision,INFO,functions/Logic.java,2024-02-29T20:22:28.587675Z
65e0e7840006b58a270b6d06,functions/Logic.java,service,cpu:=890000000  rt:=949080169,cloudfunctions,00d087f5e0b82d4393d4a7bbb7f14727933f8b96724a91b37d40394984760349848f0c657a1b55ad143d87d15617c08a8ba76acddb65a7eb3b550a40e4aceccdfb8d33,projects/modellearning/logs/run.googleapis.com%2Fstdout,,2024-02-29T20:22:28.452825483Z,sscartquery,northamerica-northeast1,modellearning,sscartquery-00011-jzl,sscartquery,cloud_run_revision,INFO,functions/Logic.java,2024-02-29T20:22:28.439690Z
65e0e78400051a18e6eee0c0,functions/Logic.java,service,cpu:=2060000000  rt:=3516005670,cloudfunctions,00d087f5e0fb53247b367efd3d5bd3eb6ec2079ea1f90edc419a49866437bf458cfeca444aeaa3b7daf5636b05c06cb47d5f161f950d27b45213cc036890ef6262ebf3,projects/modellearning/logs/run.googleapis.com%2Fstdout,,2024-02-29T20:22:28.452825483Z,sscartquery,northamerica-northeast1,modellearning,sscartquery-00011-jzl,sscartquery,cloud_run_revision,INFO,functions/Logic.java,2024-02-29T20:22:28.334360Z
65e0e783000e41bca795b09a,functions/Logic.java,service,cpu:=500000000  rt:=1284080616,cloudfunctions,00d087f5e04921ffa2ae878763f0217abb165fe4fe9a2e8a027ba11aed30e41dbddf4fc8615626ade2ce81a05b33cc0543a90b189fc41ef2749e7ddb07fe1c9b9eae6c,projects/modellearning/logs/run.googleapis.com%2Fstdout,,2024-02-29T20:22:28.119665940Z,sscartquery,northamerica-northeast1,modellearning,sscartquery-00011-jzl,sscartquery,cloud_run_revision,INFO,functions/Logic.java,2024-02-29T20:22:27.934332Z
65e0e783000acf9c2f5686cb,functions/Logic.java,service,cpu:=50000000  rt:=44698783,cloudfunctions,00d087f5e0508b90f669d2e778e5edb119d2cf95bbdf1d474990a4029916e734b09cb9a2fbea2793facea51d590b84a7b32d827e55698dd1314956e833b1573e692dea,projects/modellearning/logs/run.googleapis.com%2Fstdout,,2024-02-29T20:22:27.787321593Z,sscartquery,northamerica-northeast1,modellearning,sscartquery-00011-jzl,sscartquery,cloud_run_revision,INFO,functions/Logic.java,2024-02-29T20:22:27.708508Z
65e0e7830009d5cc0d5aa519,functions/Logic.java,service,cpu:=60000000  rt:=222598621,cloudfunctions,00d087f5e025f1412d457ac9df76d9971bbb653901e64de3964b6771b432461e319b79b0f00c478208807a6c7a3fbf8874fe0596d4f63281afed598300217590a2678e,projects/modellearning/logs/run.googleapis.com%2Fstdout,,2024-02-29T20:22:27.787321593Z,sscartquery,northamerica-northeast1,modellearning,sscartquery-00011-jzl,sscartquery,cloud_run_revision,INFO,functions/Logic.java,2024-02-29T20:22:27.644556Z
65e0e7830008c2a0e1d7a58c,functions/Logic.java,service,cpu:=-5270000000  rt:=912631410,cloudfunctions,00d087f5e04921ffa2ae878763f0217abb165fe4fe9a2e8a027ba11aed30e41dbddf4fc8615626ade2ce81a05b33cc0543a90b189fc41ef2749e7ddb07fe1c9b9eae6c,projects/modellearning/logs/run.googleapis.com%2Fstdout,,2024-02-29T20:22:27.787321593Z,sscartquery,northamerica-northeast1,modellearning,sscartquery-00011-jzl,sscartquery,cloud_run_revision,INFO,functions/Logic.java,2024-02-29T20:22:27.574112Z
65e0e783000854d33979df93,functions/Logic.java,service,cpu:=270000000  rt:=271489062,cloudfunctions,00d087f5e0508b90f669d2e778e5edb119d2cf95bbdf1d474990a4029916e734b09cb9a2fbea2793facea51d590b84a7b32d827e55698dd1314956e833b1573e692dea,projects/modellearning/logs/run.googleapis.com%2Fstdout,,2024-02-29T20:22:27.787321593Z,sscartquery,northamerica-northeast1,modellearning,sscartquery-00011-jzl,sscartquery,cloud_run_revision,INFO,functions/Logic.java,2024-02-29T20:22:27.546003Z
65e0e783000394024419b6f0,functions/Logic.java,service,cpu:=420000000  rt:=663439574,cloudfunctions,00d087f5e025f1412d457ac9df76d9971bbb653901e64de3964b6771b432461e319b79b0f00c478208807a6c7a3fbf8874fe0596d4f63281afed598300217590a2678e,projects/modellearning/logs/run.googleapis.com%2Fstdout,,2024-02-29T20:22:27.454717564Z,sscartquery,northamerica-northeast1,modellearning,sscartquery-00011-jzl,sscartquery,cloud_run_revision,INFO,functions/Logic.java,2024-02-29T20:22:27.234498Z
65e0e782000e4365954add5f,functions/Logic.java,service,cpu:=-4630000000  rt:=773637575,cloudfunctions,00d087f5e0508b90f669d2e778e5edb119d2cf95bbdf1d474990a4029916e734b09cb9a2fbea2793facea51d590b84a7b32d827e55698dd1314956e833b1573e692dea,projects/modellearning/logs/run.googleapis.com%2Fstdout,,2024-02-29T20:22:27.120552491Z,sscartquery,northamerica-northeast1,modellearning,sscartquery-00011-jzl,sscartquery,cloud_run_revision,INFO,functions/Logic.java,2024-02-29T20:22:26.934757Z
65e0e782000e41d3fb8c886e,functions/Logic.java,service,cpu:=530000000  rt:=773590388,cloudfunctions,00d087f5e0508b90f669d2e778e5edb119d2cf95bbdf1d474990a4029916e734b09cb9a2fbea2793facea51d590b84a7b32d827e55698dd1314956e833b1573e692dea,projects/modellearning/logs/run.googleapis.com%2Fstdout,,2024-02-29T20:22:27.120552491Z,sscartquery,northamerica-northeast1,modellearning,sscartquery-00011-jzl,sscartquery,cloud_run_revision,INFO,functions/Logic.java,2024-02-29T20:22:26.934355Z
65e0e781000e816ad90e5334,functions/Logic.java,service,cpu:=3430000000  rt:=3585866205,cloudfunctions,00d087f5e07bdae58c1f4da3364551cac54ac5362bf1a9581e7d4bf9a32f14aae9b89d873ef09e84a16dbd253a49be122c24eb757e668e06c6c2cc19262d914e45e911,projects/modellearning/logs/run.googleapis.com%2Fstdout,,2024-02-29T20:22:26.121315029Z,sscartquery,northamerica-northeast1,modellearning,sscartquery-00011-jzl,sscartquery,cloud_run_revision,INFO,functions/Logic.java,2024-02-29T20:22:25.950634Z
65e0e781000abb7b554385ed,functions/Logic.java,service,cpu:=5130000000  rt:=317547427,cloudfunctions,00d087f5e04921ffa2ae878763f0217abb165fe4fe9a2e8a027ba11aed30e41dbddf4fc8615626ade2ce81a05b33cc0543a90b189fc41ef2749e7ddb07fe1c9b9eae6c,projects/modellearning/logs/run.googleapis.com%2Fstdout,,2024-02-29T20:22:25.789256068Z,sscartquery,northamerica-northeast1,modellearning,sscartquery-00011-jzl,sscartquery,cloud_run_revision,INFO,functions/Logic.java,2024-02-29T20:22:25.703355Z
65e0e7810009ae5b441a70b5,functions/Logic.java,service,cpu:=130000000  rt:=248586470,cloudfunctions,00d087f5e04921ffa2ae878763f0217abb165fe4fe9a2e8a027ba11aed30e41dbddf4fc8615626ade2ce81a05b33cc0543a90b189fc41ef2749e7ddb07fe1c9b9eae6c,projects/modellearning/logs/run.googleapis.com%2Fstdout,,2024-02-29T20:22:25.789256068Z,sscartquery,northamerica-northeast1,modellearning,sscartquery-00011-jzl,sscartquery,cloud_run_revision,INFO,functions/Logic.java,2024-02-29T20:22:25.634459Z
65e0e7810006a1211f91e158,functions/Logic.java,service,cpu:=260000000  rt:=268875555,cloudfunctions,00d087f5e025f1412d457ac9df76d9971bbb653901e64de3964b6771b432461e319b79b0f00c478208807a6c7a3fbf8874fe0596d4f63281afed598300217590a2678e,projects/modellearning/logs/run.googleapis.com%2Fstdout,,2024-02-29T20:22:25.456751532Z,sscartquery,northamerica-northeast1,modellearning,sscartquery-00011-jzl,sscartquery,cloud_run_revision,INFO,functions/Logic.java,2024-02-29T20:22:25.434465Z
65e0e780000a786f2c4c8b96,functions/Logic.java,service,cpu:=230000000  rt:=233845783,cloudfunctions,00d087f5e0fb53247b367efd3d5bd3eb6ec2079ea1f90edc419a49866437bf458cfeca444aeaa3b7daf5636b05c06cb47d5f161f950d27b45213cc036890ef6262ebf3,projects/modellearning/logs/run.googleapis.com%2Fstdout,,2024-02-29T20:22:24.790181005Z,sscartquery,northamerica-northeast1,modellearning,sscartquery-00011-jzl,sscartquery,cloud_run_revision,INFO,functions/Logic.java,2024-02-29T20:22:24.686191Z
65e0e78000071fbcaa74f21d,functions/Logic.java,service,cpu:=4070000000  rt:=4246098630,cloudfunctions,00d087f5e0508b90f669d2e778e5edb119d2cf95bbdf1d474990a4029916e734b09cb9a2fbea2793facea51d590b84a7b32d827e55698dd1314956e833b1573e692dea,projects/modellearning/logs/run.googleapis.com%2Fstdout,,2024-02-29T20:22:24.790181005Z,sscartquery,northamerica-northeast1,modellearning,sscartquery-00011-jzl,sscartquery,cloud_run_revision,INFO,functions/Logic.java,2024-02-29T20:22:24.466876Z
65e0e7800000b103a6125948,functions/Logic.java,service,cpu:=2100000000  rt:=2258704844,cloudfunctions,00d087f5e096f10c047c63271bf3ad0a02126a02b2e38fa8048979e18ea67d746ffa403f88d9a80d0fd5b28bb55609f2a74100003294e282c98f0e4563ee611fd74e6e,projects/modellearning/logs/run.googleapis.com%2Fstdout,,2024-02-29T20:22:24.123397429Z,sscartquery,northamerica-northeast1,modellearning,sscartquery-00011-jzl,sscartquery,cloud_run_revision,INFO,functions/Logic.java,2024-02-29T20:22:24.045315Z
65e0e77f000cd11a956d199a,functions/Logic.java,service,cpu:=20000000  rt:=19818215,cloudfunctions,00d087f5e0fb53247b367efd3d5bd3eb6ec2079ea1f90edc419a49866437bf458cfeca444aeaa3b7daf5636b05c06cb47d5f161f950d27b45213cc036890ef6262ebf3,projects/modellearning/logs/run.googleapis.com%2Fstdout,,2024-02-29T20:22:24.123397429Z,sscartquery,northamerica-northeast1,modellearning,sscartquery-00011-jzl,sscartquery,cloud_run_revision,INFO,functions/Logic.java,2024-02-29T20:22:23.839962Z
65e0e77f000a1853a92941ba,functions/Logic.java,service,cpu:=2910000000  rt:=3048876058,cloudfunctions,00d087f5e025f1412d457ac9df76d9971bbb653901e64de3964b6771b432461e319b79b0f00c478208807a6c7a3fbf8874fe0596d4f63281afed598300217590a2678e,projects/modellearning/logs/run.googleapis.com%2Fstdout,,2024-02-29T20:22:23.791453918Z,sscartquery,northamerica-northeast1,modellearning,sscartquery-00011-jzl,sscartquery,cloud_run_revision,INFO,functions/Logic.java,2024-02-29T20:22:23.661587Z
65e0e77f0009ade64b46475c,functions/Logic.java,service,cpu:=360000000  rt:=366671116,cloudfunctions,00d087f5e0b82d4393d4a7bbb7f14727933f8b96724a91b37d40394984760349848f0c657a1b55ad143d87d15617c08a8ba76acddb65a7eb3b550a40e4aceccdfb8d33,projects/modellearning/logs/run.googleapis.com%2Fstdout,,2024-02-29T20:22:23.791453918Z,sscartquery,northamerica-northeast1,modellearning,sscartquery-00011-jzl,sscartquery,cloud_run_revision,INFO,functions/Logic.java,2024-02-29T20:22:23.634342Z
65e0e77f0008f4b40e680322,functions/Logic.java,service,cpu:=600000000  rt:=607742510,cloudfunctions,00d087f5e0fb53247b367efd3d5bd3eb6ec2079ea1f90edc419a49866437bf458cfeca444aeaa3b7daf5636b05c06cb47d5f161f950d27b45213cc036890ef6262ebf3,projects/modellearning/logs/run.googleapis.com%2Fstdout,,2024-02-29T20:22:23.791453918Z,sscartquery,northamerica-northeast1,modellearning,sscartquery-00011-jzl,sscartquery,cloud_run_revision,INFO,functions/Logic.java,2024-02-29T20:22:23.586932Z
65e0e77f00085efc0b616ed9,functions/Logic.java,service,cpu:=1070000000  rt:=1087720377,cloudfunctions,00d087f5e04921ffa2ae878763f0217abb165fe4fe9a2e8a027ba11aed30e41dbddf4fc8615626ade2ce81a05b33cc0543a90b189fc41ef2749e7ddb07fe1c9b9eae6c,projects/modellearning/logs/run.googleapis.com%2Fstdout,,2024-02-29T20:22:23.791453918Z,sscartquery,northamerica-northeast1,modellearning,sscartquery-00011-jzl,sscartquery,cloud_run_revision,INFO,functions/Logic.java,2024-02-29T20:22:23.548604Z
65e0e77f000571ee81b71d0c,functions/Logic.java,service,cpu:=180000000  rt:=181401021,cloudfunctions,00d087f5e0c28364f40a88ea65440fad99d864800ea3cc4f8b70fe4c04ce8ea9bd6aa21cc40c9f2508c1dde8fc79b324f27e029f2d84aed35c039754a5d33a775a009f,projects/modellearning/logs/run.googleapis.com%2Fstdout,,2024-02-29T20:22:23.457561698Z,sscartquery,northamerica-northeast1,modellearning,sscartquery-00011-jzl,sscartquery,cloud_run_revision,INFO,functions/Logic.java,2024-02-29T20:22:23.356846Z
65e0e77f0002d4b2d19a5743,functions/Logic.java,service,cpu:=2370000000  rt:=2450665950,cloudfunctions,00d087f5e0b82d4393d4a7bbb7f14727933f8b96724a91b37d40394984760349848f0c657a1b55ad143d87d15617c08a8ba76acddb65a7eb3b550a40e4aceccdfb8d33,projects/modellearning/logs/run.googleapis.com%2Fstdout,,2024-02-29T20:22:23.457561698Z,sscartquery,northamerica-northeast1,modellearning,sscartquery-00011-jzl,sscartquery,cloud_run_revision,INFO,functions/Logic.java,2024-02-29T20:22:23.185522Z
65e0e77f0000bfd638afde60,functions/Logic.java,service,cpu:=970000000  rt:=2314299443,cloudfunctions,00d087f5e0b82d4393d4a7bbb7f14727933f8b96724a91b37d40394984760349848f0c657a1b55ad143d87d15617c08a8ba76acddb65a7eb3b550a40e4aceccdfb8d33,projects/modellearning/logs/run.googleapis.com%2Fstdout,,2024-02-29T20:22:23.125647212Z,sscartquery,northamerica-northeast1,modellearning,sscartquery-00011-jzl,sscartquery,cloud_run_revision,INFO,functions/Logic.java,2024-02-29T20:22:23.049110Z
65e0e77f0000285188a90c60,functions/Logic.java,service,cpu:=690000000  rt:=1223288356,cloudfunctions,00d087f5e096f10c047c63271bf3ad0a02126a02b2e38fa8048979e18ea67d746ffa403f88d9a80d0fd5b28bb55609f2a74100003294e282c98f0e4563ee611fd74e6e,projects/modellearning/logs/run.googleapis.com%2Fstdout,,2024-02-29T20:22:23.125647212Z,sscartquery,northamerica-northeast1,modellearning,sscartquery-00011-jzl,sscartquery,cloud_run_revision,INFO,functions/Logic.java,2024-02-29T20:22:23.010321Z
65e0e77e000eae2ebdfeee41,functions/Logic.java,service,cpu:=810000000  rt:=1161093966,cloudfunctions,00d087f5e096f10c047c63271bf3ad0a02126a02b2e38fa8048979e18ea67d746ffa403f88d9a80d0fd5b28bb55609f2a74100003294e282c98f0e4563ee611fd74e6e,projects/modellearning/logs/run.googleapis.com%2Fstdout,,2024-02-29T20:22:23.125647212Z,sscartquery,northamerica-northeast1,modellearning,sscartquery-00011-jzl,sscartquery,cloud_run_revision,INFO,functions/Logic.java,2024-02-29T20:22:22.962094Z
65e0e77e000e922851585880,functions/Logic.java,service,cpu:=2070000000  rt:=2179178676,cloudfunctions,00d087f5e0fb53247b367efd3d5bd3eb6ec2079ea1f90edc419a49866437bf458cfeca444aeaa3b7daf5636b05c06cb47d5f161f950d27b45213cc036890ef6262ebf3,projects/modellearning/logs/run.googleapis.com%2Fstdout,,2024-02-29T20:22:23.125647212Z,sscartquery,northamerica-northeast1,modellearning,sscartquery-00011-jzl,sscartquery,cloud_run_revision,INFO,functions/Logic.java,2024-02-29T20:22:22.954920Z
65e0e77e0009ae6677b1f091,functions/Logic.java,service,cpu:=1860000000  rt:=1899826236,cloudfunctions,00d087f5e0b82d4393d4a7bbb7f14727933f8b96724a91b37d40394984760349848f0c657a1b55ad143d87d15617c08a8ba76acddb65a7eb3b550a40e4aceccdfb8d33,projects/modellearning/logs/run.googleapis.com%2Fstdout,,2024-02-29T20:22:22.791575848Z,sscartquery,northamerica-northeast1,modellearning,sscartquery-00011-jzl,sscartquery,cloud_run_revision,INFO,functions/Logic.java,2024-02-29T20:22:22.634470Z
65e0e77e00096e6187eb93ee,functions/Logic.java,service,cpu:=110000000  rt:=123681267,cloudfunctions,00d087f5e0c28364f40a88ea65440fad99d864800ea3cc4f8b70fe4c04ce8ea9bd6aa21cc40c9f2508c1dde8fc79b324f27e029f2d84aed35c039754a5d33a775a009f,projects/modellearning/logs/run.googleapis.com%2Fstdout,,2024-02-29T20:22:22.791575848Z,sscartquery,northamerica-northeast1,modellearning,sscartquery-00011-jzl,sscartquery,cloud_run_revision,INFO,functions/Logic.java,2024-02-29T20:22:22.618081Z
65e0e77e0006ecce8652c744,functions/Logic.java,service,cpu:=790000000  rt:=3163507117,cloudfunctions,00d087f5e04921ffa2ae878763f0217abb165fe4fe9a2e8a027ba11aed30e41dbddf4fc8615626ade2ce81a05b33cc0543a90b189fc41ef2749e7ddb07fe1c9b9eae6c,projects/modellearning/logs/run.googleapis.com%2Fstdout,,2024-02-29T20:22:22.458348364Z,sscartquery,northamerica-northeast1,modellearning,sscartquery-00011-jzl,sscartquery,cloud_run_revision,INFO,functions/Logic.java,2024-02-29T20:22:22.453838Z
65e0e77e000581c4977523cb,functions/Logic.java,service,cpu:=550000000  rt:=904983590,cloudfunctions,00d087f5e07bdae58c1f4da3364551cac54ac5362bf1a9581e7d4bf9a32f14aae9b89d873ef09e84a16dbd253a49be122c24eb757e668e06c6c2cc19262d914e45e911,projects/modellearning/logs/run.googleapis.com%2Fstdout,,2024-02-29T20:22:22.458348364Z,sscartquery,northamerica-northeast1,modellearning,sscartquery-00011-jzl,sscartquery,cloud_run_revision,INFO,functions/Logic.java,2024-02-29T20:22:22.360900Z
65e0e77e00022ef3fe38bc8e,functions/Logic.java,service,cpu:=320000000  rt:=687333463,cloudfunctions,00d087f5e07bdae58c1f4da3364551cac54ac5362bf1a9581e7d4bf9a32f14aae9b89d873ef09e84a16dbd253a49be122c24eb757e668e06c6c2cc19262d914e45e911,projects/modellearning/logs/run.googleapis.com%2Fstdout,,2024-02-29T20:22:22.458348364Z,sscartquery,northamerica-northeast1,modellearning,sscartquery-00011-jzl,sscartquery,cloud_run_revision,INFO,functions/Logic.java,2024-02-29T20:22:22.143091Z
65e0e77d000cbba07ac635f8,functions/Logic.java,service,cpu:=1110000000  rt:=2544187273,cloudfunctions,00d087f5e04921ffa2ae878763f0217abb165fe4fe9a2e8a027ba11aed30e41dbddf4fc8615626ade2ce81a05b33cc0543a90b189fc41ef2749e7ddb07fe1c9b9eae6c,projects/modellearning/logs/run.googleapis.com%2Fstdout,,2024-02-29T20:22:22.126109306Z,sscartquery,northamerica-northeast1,modellearning,sscartquery-00011-jzl,sscartquery,cloud_run_revision,INFO,functions/Logic.java,2024-02-29T20:22:21.834464Z
65e0e77d0006dbb3548674c6,functions/Logic.java,service,cpu:=2110000000  rt:=462788682,cloudfunctions,00d087f5e07bdae58c1f4da3364551cac54ac5362bf1a9581e7d4bf9a32f14aae9b89d873ef09e84a16dbd253a49be122c24eb757e668e06c6c2cc19262d914e45e911,projects/modellearning/logs/run.googleapis.com%2Fstdout,,2024-02-29T20:22:21.459648774Z,sscartquery,northamerica-northeast1,modellearning,sscartquery-00011-jzl,sscartquery,cloud_run_revision,INFO,functions/Logic.java,2024-02-29T20:22:21.449459Z
65e0e77d00059b9c35fd110a,functions/Logic.java,service,cpu:=30000000  rt:=63219222,cloudfunctions,00d087f5e096f10c047c63271bf3ad0a02126a02b2e38fa8048979e18ea67d746ffa403f88d9a80d0fd5b28bb55609f2a74100003294e282c98f0e4563ee611fd74e6e,projects/modellearning/logs/run.googleapis.com%2Fstdout,,2024-02-29T20:22:21.459648774Z,sscartquery,northamerica-northeast1,modellearning,sscartquery-00011-jzl,sscartquery,cloud_run_revision,INFO,functions/Logic.java,2024-02-29T20:22:21.367516Z
65e0e77c000ef4168edbe026,functions/Logic.java,service,cpu:=1050000000  rt:=1689972203,cloudfunctions,00d087f5e04921ffa2ae878763f0217abb165fe4fe9a2e8a027ba11aed30e41dbddf4fc8615626ade2ce81a05b33cc0543a90b189fc41ef2749e7ddb07fe1c9b9eae6c,projects/modellearning/logs/run.googleapis.com%2Fstdout,,2024-02-29T20:22:21.126260623Z,sscartquery,northamerica-northeast1,modellearning,sscartquery-00011-jzl,sscartquery,cloud_run_revision,INFO,functions/Logic.java,2024-02-29T20:22:20.979990Z
65e0e77c000a6fdb3cda27e0,functions/Logic.java,service,cpu:=900000000  rt:=928782415,cloudfunctions,00d087f5e0fb53247b367efd3d5bd3eb6ec2079ea1f90edc419a49866437bf458cfeca444aeaa3b7daf5636b05c06cb47d5f161f950d27b45213cc036890ef6262ebf3,projects/modellearning/logs/run.googleapis.com%2Fstdout,,2024-02-29T20:22:20.793960993Z,sscartquery,northamerica-northeast1,modellearning,sscartquery-00011-jzl,sscartquery,cloud_run_revision,INFO,functions/Logic.java,2024-02-29T20:22:20.683995Z
65e0e77c000827c97d2da080,functions/Logic.java,service,cpu:=-1140000000  rt:=173702098,cloudfunctions,00d087f5e0b82d4393d4a7bbb7f14727933f8b96724a91b37d40394984760349848f0c657a1b55ad143d87d15617c08a8ba76acddb65a7eb3b550a40e4aceccdfb8d33,projects/modellearning/logs/run.googleapis.com%2Fstdout,,2024-02-29T20:22:20.793960993Z,sscartquery,northamerica-northeast1,modellearning,sscartquery-00011-jzl,sscartquery,cloud_run_revision,INFO,functions/Logic.java,2024-02-29T20:22:20.534473Z
65e0e77c000827007c74f87e,functions/Logic.java,service,cpu:=-17590000000  rt:=2459453624,cloudfunctions,00d087f5e025f1412d457ac9df76d9971bbb653901e64de3964b6771b432461e319b79b0f00c478208807a6c7a3fbf8874fe0596d4f63281afed598300217590a2678e,projects/modellearning/logs/run.googleapis.com%2Fstdout,,2024-02-29T20:22:20.793960993Z,sscartquery,northamerica-northeast1,modellearning,sscartquery-00011-jzl,sscartquery,cloud_run_revision,INFO,functions/Logic.java,2024-02-29T20:22:20.534272Z
65e0e77c0002bb2c4fa135e4,functions/Logic.java,service,cpu:=160000000  rt:=161718517,cloudfunctions,00d087f5e0508b90f669d2e778e5edb119d2cf95bbdf1d474990a4029916e734b09cb9a2fbea2793facea51d590b84a7b32d827e55698dd1314956e833b1573e692dea,projects/modellearning/logs/run.googleapis.com%2Fstdout,,2024-02-29T20:22:20.461098044Z,sscartquery,northamerica-northeast1,modellearning,sscartquery-00011-jzl,sscartquery,cloud_run_revision,INFO,functions/Logic.java,2024-02-29T20:22:20.178988Z
65e0e77b000d0676ab3a5343,functions/Logic.java,service,cpu:=690000000  rt:=693438509,cloudfunctions,00d087f5e0508b90f669d2e778e5edb119d2cf95bbdf1d474990a4029916e734b09cb9a2fbea2793facea51d590b84a7b32d827e55698dd1314956e833b1573e692dea,projects/modellearning/logs/run.googleapis.com%2Fstdout,,2024-02-29T20:22:20.127883353Z,sscartquery,northamerica-northeast1,modellearning,sscartquery-00011-jzl,sscartquery,cloud_run_revision,INFO,functions/Logic.java,2024-02-29T20:22:19.853622Z
65e0e77b0009dfe293ede1dc,functions/Logic.java,service,cpu:=30000000  rt:=22598892,cloudfunctions,00d087f5e0fb53247b367efd3d5bd3eb6ec2079ea1f90edc419a49866437bf458cfeca444aeaa3b7daf5636b05c06cb47d5f161f950d27b45213cc036890ef6262ebf3,projects/modellearning/logs/run.googleapis.com%2Fstdout,,2024-02-29T20:22:19.795891160Z,sscartquery,northamerica-northeast1,modellearning,sscartquery-00011-jzl,sscartquery,cloud_run_revision,INFO,functions/Logic.java,2024-02-29T20:22:19.647138Z
65e0e77b0009bd1ad2566feb,functions/Logic.java,service,cpu:=180000000  rt:=174387932,cloudfunctions,00d087f5e0b82d4393d4a7bbb7f14727933f8b96724a91b37d40394984760349848f0c657a1b55ad143d87d15617c08a8ba76acddb65a7eb3b550a40e4aceccdfb8d33,projects/modellearning/logs/run.googleapis.com%2Fstdout,,2024-02-29T20:22:19.795891160Z,sscartquery,northamerica-northeast1,modellearning,sscartquery-00011-jzl,sscartquery,cloud_run_revision,INFO,functions/Logic.java,2024-02-29T20:22:19.638234Z
65e0e77b0008ed46b1a94259,functions/Logic.java,service,cpu:=2630000000  rt:=3346586733,cloudfunctions,00d087f5e0fb53247b367efd3d5bd3eb6ec2079ea1f90edc419a49866437bf458cfeca444aeaa3b7daf5636b05c06cb47d5f161f950d27b45213cc036890ef6262ebf3,projects/modellearning/logs/run.googleapis.com%2Fstdout,,2024-02-29T20:22:19.795891160Z,sscartquery,northamerica-northeast1,modellearning,sscartquery-00011-jzl,sscartquery,cloud_run_revision,INFO,functions/Logic.java,2024-02-29T20:22:19.585030Z
65e0e77a000e424a1db769c7,functions/Logic.java,service,cpu:=710000000  rt:=1578815382,cloudfunctions,00d087f5e0508b90f669d2e778e5edb119d2cf95bbdf1d474990a4029916e734b09cb9a2fbea2793facea51d590b84a7b32d827e55698dd1314956e833b1573e692dea,projects/modellearning/logs/run.googleapis.com%2Fstdout,,2024-02-29T20:22:19.129276586Z,sscartquery,northamerica-northeast1,modellearning,sscartquery-00011-jzl,sscartquery,cloud_run_revision,INFO,functions/Logic.java,2024-02-29T20:22:18.934474Z
65e0e77a000e420ca58d5ea5,functions/Logic.java,service,cpu:=50000000  rt:=183296363,cloudfunctions,00d087f5e04921ffa2ae878763f0217abb165fe4fe9a2e8a027ba11aed30e41dbddf4fc8615626ade2ce81a05b33cc0543a90b189fc41ef2749e7ddb07fe1c9b9eae6c,projects/modellearning/logs/run.googleapis.com%2Fstdout,,2024-02-29T20:22:19.129276586Z,sscartquery,northamerica-northeast1,modellearning,sscartquery-00011-jzl,sscartquery,cloud_run_revision,INFO,functions/Logic.java,2024-02-29T20:22:18.934412Z
65e0e77a000b34ceaee06c4b,functions/Logic.java,service,cpu:=360000000  rt:=659678757,cloudfunctions,00d087f5e025f1412d457ac9df76d9971bbb653901e64de3964b6771b432461e319b79b0f00c478208807a6c7a3fbf8874fe0596d4f63281afed598300217590a2678e,projects/modellearning/logs/run.googleapis.com%2Fstdout,,2024-02-29T20:22:18.796039850Z,sscartquery,northamerica-northeast1,modellearning,sscartquery-00011-jzl,sscartquery,cloud_run_revision,INFO,functions/Logic.java,2024-02-29T20:22:18.734414Z
65e0e77a00071371a1028337,functions/Logic.java,service,cpu:=230000000  rt:=380757045,cloudfunctions,00d087f5e04921ffa2ae878763f0217abb165fe4fe9a2e8a027ba11aed30e41dbddf4fc8615626ade2ce81a05b33cc0543a90b189fc41ef2749e7ddb07fe1c9b9eae6c,projects/modellearning/logs/run.googleapis.com%2Fstdout,,2024-02-29T20:22:18.796039850Z,sscartquery,northamerica-northeast1,modellearning,sscartquery-00011-jzl,sscartquery,cloud_run_revision,INFO,functions/Logic.java,2024-02-29T20:22:18.463729Z
65e0e779000cbc605b6dc0f7,functions/Logic.java,service,cpu:=3580000000  rt:=1596069117,cloudfunctions,00d087f5e0fb53247b367efd3d5bd3eb6ec2079ea1f90edc419a49866437bf458cfeca444aeaa3b7daf5636b05c06cb47d5f161f950d27b45213cc036890ef6262ebf3,projects/modellearning/logs/run.googleapis.com%2Fstdout,,2024-02-29T20:22:18.129951977Z,sscartquery,northamerica-northeast1,modellearning,sscartquery-00011-jzl,sscartquery,cloud_run_revision,INFO,functions/Logic.java,2024-02-29T20:22:17.834656Z
65e0e779000827b29dd39e2e,functions/Logic.java,service,cpu:=140000000  rt:=178903992,cloudfunctions,00d087f5e0508b90f669d2e778e5edb119d2cf95bbdf1d474990a4029916e734b09cb9a2fbea2793facea51d590b84a7b32d827e55698dd1314956e833b1573e692dea,projects/modellearning/logs/run.googleapis.com%2Fstdout,,2024-02-29T20:22:17.797221396Z,sscartquery,northamerica-northeast1,modellearning,sscartquery-00011-jzl,sscartquery,cloud_run_revision,INFO,functions/Logic.java,2024-02-29T20:22:17.534450Z
65e0e7790007ab9ac97b5439,functions/Logic.java,service,cpu:=360000000  rt:=359576973,cloudfunctions,00d087f5e04921ffa2ae878763f0217abb165fe4fe9a2e8a027ba11aed30e41dbddf4fc8615626ade2ce81a05b33cc0543a90b189fc41ef2749e7ddb07fe1c9b9eae6c,projects/modellearning/logs/run.googleapis.com%2Fstdout,,2024-02-29T20:22:17.797221396Z,sscartquery,northamerica-northeast1,modellearning,sscartquery-00011-jzl,sscartquery,cloud_run_revision,INFO,functions/Logic.java,2024-02-29T20:22:17.502682Z
65e0e7790005a2d8c24b23cb,functions/Logic.java,service,cpu:=450000000  rt:=455529199,cloudfunctions,00d087f5e025f1412d457ac9df76d9971bbb653901e64de3964b6771b432461e319b79b0f00c478208807a6c7a3fbf8874fe0596d4f63281afed598300217590a2678e,projects/modellearning/logs/run.googleapis.com%2Fstdout,,2024-02-29T20:22:17.464100636Z,sscartquery,northamerica-northeast1,modellearning,sscartquery-00011-jzl,sscartquery,cloud_run_revision,INFO,functions/Logic.java,2024-02-29T20:22:17.369368Z
65e0e778000827d7465c228b,functions/Logic.java,service,cpu:=580000000  rt:=591642788,cloudfunctions,00d087f5e04921ffa2ae878763f0217abb165fe4fe9a2e8a027ba11aed30e41dbddf4fc8615626ade2ce81a05b33cc0543a90b189fc41ef2749e7ddb07fe1c9b9eae6c,projects/modellearning/logs/run.googleapis.com%2Fstdout,,2024-02-29T20:22:16.797038990Z,sscartquery,northamerica-northeast1,modellearning,sscartquery-00011-jzl,sscartquery,cloud_run_revision,INFO,functions/Logic.java,2024-02-29T20:22:16.534487Z
65e0e77800019c8d15f7585b,functions/Logic.java,service,cpu:=1830000000  rt:=1923661743,cloudfunctions,00d087f5e025f1412d457ac9df76d9971bbb653901e64de3964b6771b432461e319b79b0f00c478208807a6c7a3fbf8874fe0596d4f63281afed598300217590a2678e,projects/modellearning/logs/run.googleapis.com%2Fstdout,,2024-02-29T20:22:16.132251005Z,sscartquery,northamerica-northeast1,modellearning,sscartquery-00011-jzl,sscartquery,cloud_run_revision,INFO,functions/Logic.java,2024-02-29T20:22:16.105613Z
65e0e7770008667af2155e53,functions/Logic.java,service,cpu:=5570000000  rt:=1414617572,cloudfunctions,00d087f5e0508b90f669d2e778e5edb119d2cf95bbdf1d474990a4029916e734b09cb9a2fbea2793facea51d590b84a7b32d827e55698dd1314956e833b1573e692dea,projects/modellearning/logs/run.googleapis.com%2Fstdout,,2024-02-29T20:22:15.797881807Z,sscartquery,northamerica-northeast1,modellearning,sscartquery-00011-jzl,sscartquery,cloud_run_revision,INFO,functions/Logic.java,2024-02-29T20:22:15.550522Z
65e0e7770008278be60c0722,functions/Logic.java,service,cpu:=1230000000  rt:=2024523050,cloudfunctions,00d087f5e04921ffa2ae878763f0217abb165fe4fe9a2e8a027ba11aed30e41dbddf4fc8615626ade2ce81a05b33cc0543a90b189fc41ef2749e7ddb07fe1c9b9eae6c,projects/modellearning/logs/run.googleapis.com%2Fstdout,,2024-02-29T20:22:15.797881807Z,sscartquery,northamerica-northeast1,modellearning,sscartquery-00011-jzl,sscartquery,cloud_run_revision,INFO,functions/Logic.java,2024-02-29T20:22:15.534411Z
65e0e7770005608be905cf8d,functions/Logic.java,service,cpu:=100000000  rt:=96798125,cloudfunctions,00d087f5e0fb53247b367efd3d5bd3eb6ec2079ea1f90edc419a49866437bf458cfeca444aeaa3b7daf5636b05c06cb47d5f161f950d27b45213cc036890ef6262ebf3,projects/modellearning/logs/run.googleapis.com%2Fstdout,,2024-02-29T20:22:15.466006949Z,sscartquery,northamerica-northeast1,modellearning,sscartquery-00011-jzl,sscartquery,cloud_run_revision,INFO,functions/Logic.java,2024-02-29T20:22:15.352395Z
65e0e77700043b680bdb666e,functions/Logic.java,service,cpu:=2940000000  rt:=2626065886,cloudfunctions,00d087f5e07bdae58c1f4da3364551cac54ac5362bf1a9581e7d4bf9a32f14aae9b89d873ef09e84a16dbd253a49be122c24eb757e668e06c6c2cc19262d914e45e911,projects/modellearning/logs/run.googleapis.com%2Fstdout,,2024-02-29T20:22:15.466006949Z,sscartquery,northamerica-northeast1,modellearning,sscartquery-00011-jzl,sscartquery,cloud_run_revision,INFO,functions/Logic.java,2024-02-29T20:22:15.277352Z
65e0e7770003938db17a6a3a,functions/Logic.java,service,cpu:=-540000000  rt:=1724703413,cloudfunctions,00d087f5e04921ffa2ae878763f0217abb165fe4fe9a2e8a027ba11aed30e41dbddf4fc8615626ade2ce81a05b33cc0543a90b189fc41ef2749e7ddb07fe1c9b9eae6c,projects/modellearning/logs/run.googleapis.com%2Fstdout,,2024-02-29T20:22:15.466006949Z,sscartquery,northamerica-northeast1,modellearning,sscartquery-00011-jzl,sscartquery,cloud_run_revision,INFO,functions/Logic.java,2024-02-29T20:22:15.234381Z
65e0e77700012737434a6fec,functions/Logic.java,service,cpu:=310000000  rt:=326915187,cloudfunctions,00d087f5e096f10c047c63271bf3ad0a02126a02b2e38fa8048979e18ea67d746ffa403f88d9a80d0fd5b28bb55609f2a74100003294e282c98f0e4563ee611fd74e6e,projects/modellearning/logs/run.googleapis.com%2Fstdout,,2024-02-29T20:22:15.132019172Z,sscartquery,northamerica-northeast1,modellearning,sscartquery-00011-jzl,sscartquery,cloud_run_revision,INFO,functions/Logic.java,2024-02-29T20:22:15.075575Z
65e0e776000dac267948c336,functions/Logic.java,service,cpu:=610000000  rt:=656866469,cloudfunctions,00d087f5e0fb53247b367efd3d5bd3eb6ec2079ea1f90edc419a49866437bf458cfeca444aeaa3b7daf5636b05c06cb47d5f161f950d27b45213cc036890ef6262ebf3,projects/modellearning/logs/run.googleapis.com%2Fstdout,,2024-02-29T20:22:15.132019172Z,sscartquery,northamerica-northeast1,modellearning,sscartquery-00011-jzl,sscartquery,cloud_run_revision,INFO,functions/Logic.java,2024-02-29T20:22:14.896038Z
65e0e776000b5f61ad842ccc,functions/Logic.java,service,cpu:=950000000  rt:=982377056,cloudfunctions,00d087f5e0b82d4393d4a7bbb7f14727933f8b96724a91b37d40394984760349848f0c657a1b55ad143d87d15617c08a8ba76acddb65a7eb3b550a40e4aceccdfb8d33,projects/modellearning/logs/run.googleapis.com%2Fstdout,,2024-02-29T20:22:14.799736315Z,sscartquery,northamerica-northeast1,modellearning,sscartquery-00011-jzl,sscartquery,cloud_run_revision,INFO,functions/Logic.java,2024-02-29T20:22:14.745313Z
65e0e776000b34d756cf552e,functions/Logic.java,service,cpu:=430000000  rt:=598709813,cloudfunctions,00d087f5e0508b90f669d2e778e5edb119d2cf95bbdf1d474990a4029916e734b09cb9a2fbea2793facea51d590b84a7b32d827e55698dd1314956e833b1573e692dea,projects/modellearning/logs/run.googleapis.com%2Fstdout,,2024-02-29T20:22:14.799736315Z,sscartquery,northamerica-northeast1,modellearning,sscartquery-00011-jzl,sscartquery,cloud_run_revision,INFO,functions/Logic.java,2024-02-29T20:22:14.734423Z
65e0e776000393b5f75017ae,functions/Logic.java,service,cpu:=570000000  rt:=596047156,cloudfunctions,00d087f5e0fb53247b367efd3d5bd3eb6ec2079ea1f90edc419a49866437bf458cfeca444aeaa3b7daf5636b05c06cb47d5f161f950d27b45213cc036890ef6262ebf3,projects/modellearning/logs/run.googleapis.com%2Fstdout,,2024-02-29T20:22:14.467128463Z,sscartquery,northamerica-northeast1,modellearning,sscartquery-00011-jzl,sscartquery,cloud_run_revision,INFO,functions/Logic.java,2024-02-29T20:22:14.234421Z
65e0e7760002ad64e05cfe02,functions/Logic.java,service,cpu:=310000000  rt:=335932784,cloudfunctions,00d087f5e025f1412d457ac9df76d9971bbb653901e64de3964b6771b432461e319b79b0f00c478208807a6c7a3fbf8874fe0596d4f63281afed598300217590a2678e,projects/modellearning/logs/run.googleapis.com%2Fstdout,,2024-02-29T20:22:14.467128463Z,sscartquery,northamerica-northeast1,modellearning,sscartquery-00011-jzl,sscartquery,cloud_run_revision,INFO,functions/Logic.java,2024-02-29T20:22:14.175460Z
65e0e775000c79b7e53b1e92,functions/Logic.java,service,cpu:=690000000  rt:=708517328,cloudfunctions,00d087f5e025f1412d457ac9df76d9971bbb653901e64de3964b6771b432461e319b79b0f00c478208807a6c7a3fbf8874fe0596d4f63281afed598300217590a2678e,projects/modellearning/logs/run.googleapis.com%2Fstdout,,2024-02-29T20:22:14.134149972Z,sscartquery,northamerica-northeast1,modellearning,sscartquery-00011-jzl,sscartquery,cloud_run_revision,INFO,functions/Logic.java,2024-02-29T20:22:13.817591Z
65e0e775000b90c2b5a7b101,functions/Logic.java,service,cpu:=2030000000  rt:=2121855286,cloudfunctions,00d087f5e0b82d4393d4a7bbb7f14727933f8b96724a91b37d40394984760349848f0c657a1b55ad143d87d15617c08a8ba76acddb65a7eb3b550a40e4aceccdfb8d33,projects/modellearning/logs/run.googleapis.com%2Fstdout,,2024-02-29T20:22:13.800723585Z,sscartquery,northamerica-northeast1,modellearning,sscartquery-00011-jzl,sscartquery,cloud_run_revision,INFO,functions/Logic.java,2024-02-29T20:22:13.757954Z
65e0e7750009ae4cd3396eb4,functions/Logic.java,service,cpu:=270000000  rt:=293231285,cloudfunctions,00d087f5e0fb53247b367efd3d5bd3eb6ec2079ea1f90edc419a49866437bf458cfeca444aeaa3b7daf5636b05c06cb47d5f161f950d27b45213cc036890ef6262ebf3,projects/modellearning/logs/run.googleapis.com%2Fstdout,,2024-02-29T20:22:13.800723585Z,sscartquery,northamerica-northeast1,modellearning,sscartquery-00011-jzl,sscartquery,cloud_run_revision,INFO,functions/Logic.java,2024-02-29T20:22:13.634444Z
65e0e7750006e8dbd02e366d,functions/Logic.java,service,cpu:=440000000  rt:=801199042,cloudfunctions,00d087f5e07bdae58c1f4da3364551cac54ac5362bf1a9581e7d4bf9a32f14aae9b89d873ef09e84a16dbd253a49be122c24eb757e668e06c6c2cc19262d914e45e911,projects/modellearning/logs/run.googleapis.com%2Fstdout,,2024-02-29T20:22:13.468279443Z,sscartquery,northamerica-northeast1,modellearning,sscartquery-00011-jzl,sscartquery,cloud_run_revision,INFO,functions/Logic.java,2024-02-29T20:22:13.452827Z
65e0e77500051a895268bbd5,functions/Logic.java,service,cpu:=1100000000  rt:=1156783711,cloudfunctions,00d087f5e0fb53247b367efd3d5bd3eb6ec2079ea1f90edc419a49866437bf458cfeca444aeaa3b7daf5636b05c06cb47d5f161f950d27b45213cc036890ef6262ebf3,projects/modellearning/logs/run.googleapis.com%2Fstdout,,2024-02-29T20:22:13.468279443Z,sscartquery,northamerica-northeast1,modellearning,sscartquery-00011-jzl,sscartquery,cloud_run_revision,INFO,functions/Logic.java,2024-02-29T20:22:13.334473Z
65e0e77500020d0286a2891b,functions/Logic.java,service,cpu:=920000000  rt:=934208647,cloudfunctions,00d087f5e0508b90f669d2e778e5edb119d2cf95bbdf1d474990a4029916e734b09cb9a2fbea2793facea51d590b84a7b32d827e55698dd1314956e833b1573e692dea,projects/modellearning/logs/run.googleapis.com%2Fstdout,,2024-02-29T20:22:13.468279443Z,sscartquery,northamerica-northeast1,modellearning,sscartquery-00011-jzl,sscartquery,cloud_run_revision,INFO,functions/Logic.java,2024-02-29T20:22:13.134402Z
65e0e774000eece914a272fb,functions/Logic.java,service,cpu:=2220000000  rt:=2317475110,cloudfunctions,00d087f5e025f1412d457ac9df76d9971bbb653901e64de3964b6771b432461e319b79b0f00c478208807a6c7a3fbf8874fe0596d4f63281afed598300217590a2678e,projects/modellearning/logs/run.googleapis.com%2Fstdout,,2024-02-29T20:22:13.134547957Z,sscartquery,northamerica-northeast1,modellearning,sscartquery-00011-jzl,sscartquery,cloud_run_revision,INFO,functions/Logic.java,2024-02-29T20:22:12.978153Z
65e0e7740004b8efda6f8b64,functions/Logic.java,service,cpu:=1860000000  rt:=2034475347,cloudfunctions,00d087f5e04921ffa2ae878763f0217abb165fe4fe9a2e8a027ba11aed30e41dbddf4fc8615626ade2ce81a05b33cc0543a90b189fc41ef2749e7ddb07fe1c9b9eae6c,projects/modellearning/logs/run.googleapis.com%2Fstdout,,2024-02-29T20:22:12.468447591Z,sscartquery,northamerica-northeast1,modellearning,sscartquery-00011-jzl,sscartquery,cloud_run_revision,INFO,functions/Logic.java,2024-02-29T20:22:12.309487Z
65e0e77400023af8b648836f,functions/Logic.java,service,cpu:=330000000  rt:=334618905,cloudfunctions,00d087f5e0fb53247b367efd3d5bd3eb6ec2079ea1f90edc419a49866437bf458cfeca444aeaa3b7daf5636b05c06cb47d5f161f950d27b45213cc036890ef6262ebf3,projects/modellearning/logs/run.googleapis.com%2Fstdout,,2024-02-29T20:22:12.468447591Z,sscartquery,northamerica-northeast1,modellearning,sscartquery-00011-jzl,sscartquery,cloud_run_revision,INFO,functions/Logic.java,2024-02-29T20:22:12.146168Z
65e0e774000086a7b1b3340d,functions/Logic.java,service,cpu:=610000000  rt:=748621129,cloudfunctions,00d087f5e0508b90f669d2e778e5edb119d2cf95bbdf1d474990a4029916e734b09cb9a2fbea2793facea51d590b84a7b32d827e55698dd1314956e833b1573e692dea,projects/modellearning/logs/run.googleapis.com%2Fstdout,,2024-02-29T20:22:12.135839014Z,sscartquery,northamerica-northeast1,modellearning,sscartquery-00011-jzl,sscartquery,cloud_run_revision,INFO,functions/Logic.java,2024-02-29T20:22:12.034471Z
65e0e773000e427052690646,functions/Logic.java,service,cpu:=860000000  rt:=1659061255,cloudfunctions,00d087f5e04921ffa2ae878763f0217abb165fe4fe9a2e8a027ba11aed30e41dbddf4fc8615626ade2ce81a05b33cc0543a90b189fc41ef2749e7ddb07fe1c9b9eae6c,projects/modellearning/logs/run.googleapis.com%2Fstdout,,2024-02-29T20:22:12.135839014Z,sscartquery,northamerica-northeast1,modellearning,sscartquery-00011-jzl,sscartquery,cloud_run_revision,INFO,functions/Logic.java,2024-02-29T20:22:11.934512Z
65e0e773000ce28b5944f029,functions/Logic.java,service,cpu:=-11490000000  rt:=558662553,cloudfunctions,00d087f5e0508b90f669d2e778e5edb119d2cf95bbdf1d474990a4029916e734b09cb9a2fbea2793facea51d590b84a7b32d827e55698dd1314956e833b1573e692dea,projects/modellearning/logs/run.googleapis.com%2Fstdout,,2024-02-29T20:22:12.135839014Z,sscartquery,northamerica-northeast1,modellearning,sscartquery-00011-jzl,sscartquery,cloud_run_revision,INFO,functions/Logic.java,2024-02-29T20:22:11.844427Z
65e0e773000bdfe059613ad2,functions/Logic.java,service,cpu:=1060000000  rt:=1577561786,cloudfunctions,00d087f5e0fb53247b367efd3d5bd3eb6ec2079ea1f90edc419a49866437bf458cfeca444aeaa3b7daf5636b05c06cb47d5f161f950d27b45213cc036890ef6262ebf3,projects/modellearning/logs/run.googleapis.com%2Fstdout,,2024-02-29T20:22:11.802046838Z,sscartquery,northamerica-northeast1,modellearning,sscartquery-00011-jzl,sscartquery,cloud_run_revision,INFO,functions/Logic.java,2024-02-29T20:22:11.778208Z
65e0e773000b354353799e01,functions/Logic.java,service,cpu:=-6750000000  rt:=1533699453,cloudfunctions,00d087f5e0fb53247b367efd3d5bd3eb6ec2079ea1f90edc419a49866437bf458cfeca444aeaa3b7daf5636b05c06cb47d5f161f950d27b45213cc036890ef6262ebf3,projects/modellearning/logs/run.googleapis.com%2Fstdout,,2024-02-29T20:22:11.802046838Z,sscartquery,northamerica-northeast1,modellearning,sscartquery-00011-jzl,sscartquery,cloud_run_revision,INFO,functions/Logic.java,2024-02-29T20:22:11.734531Z
65e0e773000b3542b615546a,functions/Logic.java,service,cpu:=-5410000000  rt:=97763084,cloudfunctions,00d087f5e0b82d4393d4a7bbb7f14727933f8b96724a91b37d40394984760349848f0c657a1b55ad143d87d15617c08a8ba76acddb65a7eb3b550a40e4aceccdfb8d33,projects/modellearning/logs/run.googleapis.com%2Fstdout,,2024-02-29T20:22:11.802046838Z,sscartquery,northamerica-northeast1,modellearning,sscartquery-00011-jzl,sscartquery,cloud_run_revision,INFO,functions/Logic.java,2024-02-29T20:22:11.734530Z
65e0e77300047ef90661d0ee,functions/Logic.java,service,cpu:=440000000  rt:=441001190,cloudfunctions,00d087f5e0b82d4393d4a7bbb7f14727933f8b96724a91b37d40394984760349848f0c657a1b55ad143d87d15617c08a8ba76acddb65a7eb3b550a40e4aceccdfb8d33,projects/modellearning/logs/run.googleapis.com%2Fstdout,,2024-02-29T20:22:11.469606273Z,sscartquery,northamerica-northeast1,modellearning,sscartquery-00011-jzl,sscartquery,cloud_run_revision,INFO,functions/Logic.java,2024-02-29T20:22:11.294649Z
65e0e772000827c4c97af4f7,functions/Logic.java,service,cpu:=610000000  rt:=633825609,cloudfunctions,00d087f5e025f1412d457ac9df76d9971bbb653901e64de3964b6771b432461e319b79b0f00c478208807a6c7a3fbf8874fe0596d4f63281afed598300217590a2678e,projects/modellearning/logs/run.googleapis.com%2Fstdout,,2024-02-29T20:22:10.803883348Z,sscartquery,northamerica-northeast1,modellearning,sscartquery-00011-jzl,sscartquery,cloud_run_revision,INFO,functions/Logic.java,2024-02-29T20:22:10.534468Z
65e0e771000d3061c0e973d8,functions/Logic.java,service,cpu:=320000000  rt:=317978133,cloudfunctions,00d087f5e025f1412d457ac9df76d9971bbb653901e64de3964b6771b432461e319b79b0f00c478208807a6c7a3fbf8874fe0596d4f63281afed598300217590a2678e,projects/modellearning/logs/run.googleapis.com%2Fstdout,,2024-02-29T20:22:10.138056076Z,sscartquery,northamerica-northeast1,modellearning,sscartquery-00011-jzl,sscartquery,cloud_run_revision,INFO,functions/Logic.java,2024-02-29T20:22:09.864353Z
65e0e7710007963fb6d65c81,functions/Logic.java,service,cpu:=470000000  rt:=513641778,cloudfunctions,00d087f5e025f1412d457ac9df76d9971bbb653901e64de3964b6771b432461e319b79b0f00c478208807a6c7a3fbf8874fe0596d4f63281afed598300217590a2678e,projects/modellearning/logs/run.googleapis.com%2Fstdout,,2024-02-29T20:22:09.803698351Z,sscartquery,northamerica-northeast1,modellearning,sscartquery-00011-jzl,sscartquery,cloud_run_revision,INFO,functions/Logic.java,2024-02-29T20:22:09.497215Z
65e0e770000efa617baf2bed,functions/Logic.java,service,cpu:=590000000  rt:=617052398,cloudfunctions,00d087f5e0fb53247b367efd3d5bd3eb6ec2079ea1f90edc419a49866437bf458cfeca444aeaa3b7daf5636b05c06cb47d5f161f950d27b45213cc036890ef6262ebf3,projects/modellearning/logs/run.googleapis.com%2Fstdout,,2024-02-29T20:22:09.137765459Z,sscartquery,northamerica-northeast1,modellearning,sscartquery-00011-jzl,sscartquery,cloud_run_revision,INFO,functions/Logic.java,2024-02-29T20:22:08.981601Z
65e0e7700009e21d8d1fc531,functions/Logic.java,service,cpu:=1200000000  rt:=1270457969,cloudfunctions,00d087f5e04921ffa2ae878763f0217abb165fe4fe9a2e8a027ba11aed30e41dbddf4fc8615626ade2ce81a05b33cc0543a90b189fc41ef2749e7ddb07fe1c9b9eae6c,projects/modellearning/logs/run.googleapis.com%2Fstdout,,2024-02-29T20:22:08.805722151Z,sscartquery,northamerica-northeast1,modellearning,sscartquery-00011-jzl,sscartquery,cloud_run_revision,INFO,functions/Logic.java,2024-02-29T20:22:08.647709Z
65e0e77000097314ba4daa0f,functions/Logic.java,service,cpu:=50000000  rt:=49552198,cloudfunctions,00d087f5e025f1412d457ac9df76d9971bbb653901e64de3964b6771b432461e319b79b0f00c478208807a6c7a3fbf8874fe0596d4f63281afed598300217590a2678e,projects/modellearning/logs/run.googleapis.com%2Fstdout,,2024-02-29T20:22:08.805722151Z,sscartquery,northamerica-northeast1,modellearning,sscartquery-00011-jzl,sscartquery,cloud_run_revision,INFO,functions/Logic.java,2024-02-29T20:22:08.619284Z
65e0e77000041bef9c2e8a6d,functions/Logic.java,service,cpu:=1460000000  rt:=1906312705,cloudfunctions,00d087f5e0fb53247b367efd3d5bd3eb6ec2079ea1f90edc419a49866437bf458cfeca444aeaa3b7daf5636b05c06cb47d5f161f950d27b45213cc036890ef6262ebf3,projects/modellearning/logs/run.googleapis.com%2Fstdout,,2024-02-29T20:22:08.471756333Z,sscartquery,northamerica-northeast1,modellearning,sscartquery-00011-jzl,sscartquery,cloud_run_revision,INFO,functions/Logic.java,2024-02-29T20:22:08.269295Z
65e0e770000323211e319081,functions/Logic.java,service,cpu:=280000000  rt:=301799147,cloudfunctions,00d087f5e025f1412d457ac9df76d9971bbb653901e64de3964b6771b432461e319b79b0f00c478208807a6c7a3fbf8874fe0596d4f63281afed598300217590a2678e,projects/modellearning/logs/run.googleapis.com%2Fstdout,,2024-02-29T20:22:08.471756333Z,sscartquery,northamerica-northeast1,modellearning,sscartquery-00011-jzl,sscartquery,cloud_run_revision,INFO,functions/Logic.java,2024-02-29T20:22:08.205601Z
65e0e76f000d4d27134fb753,functions/Logic.java,service,cpu:=110000000  rt:=107064521,cloudfunctions,00d087f5e025f1412d457ac9df76d9971bbb653901e64de3964b6771b432461e319b79b0f00c478208807a6c7a3fbf8874fe0596d4f63281afed598300217590a2678e,projects/modellearning/logs/run.googleapis.com%2Fstdout,,2024-02-29T20:22:08.139671652Z,sscartquery,northamerica-northeast1,modellearning,sscartquery-00011-jzl,sscartquery,cloud_run_revision,INFO,functions/Logic.java,2024-02-29T20:22:07.871719Z
65e0e76f0007b3e3dc978b5a,functions/Logic.java,service,cpu:=420000000  rt:=422038565,cloudfunctions,00d087f5e025f1412d457ac9df76d9971bbb653901e64de3964b6771b432461e319b79b0f00c478208807a6c7a3fbf8874fe0596d4f63281afed598300217590a2678e,projects/modellearning/logs/run.googleapis.com%2Fstdout,,2024-02-29T20:22:07.807295083Z,sscartquery,northamerica-northeast1,modellearning,sscartquery-00011-jzl,sscartquery,cloud_run_revision,INFO,functions/Logic.java,2024-02-29T20:22:07.504803Z
65e0e76f0006bb1094de9f34,functions/Logic.java,service,cpu:=-1590000000  rt:=1078192381,cloudfunctions,00d087f5e0fb53247b367efd3d5bd3eb6ec2079ea1f90edc419a49866437bf458cfeca444aeaa3b7daf5636b05c06cb47d5f161f950d27b45213cc036890ef6262ebf3,projects/modellearning/logs/run.googleapis.com%2Fstdout,,2024-02-29T20:22:07.473341317Z,sscartquery,northamerica-northeast1,modellearning,sscartquery-00011-jzl,sscartquery,cloud_run_revision,INFO,functions/Logic.java,2024-02-29T20:22:07.441104Z
65e0e76f00052b4ebf87e9ee,functions/Logic.java,service,cpu:=160000000  rt:=155279148,cloudfunctions,00d087f5e0508b90f669d2e778e5edb119d2cf95bbdf1d474990a4029916e734b09cb9a2fbea2793facea51d590b84a7b32d827e55698dd1314956e833b1573e692dea,projects/modellearning/logs/run.googleapis.com%2Fstdout,,2024-02-29T20:22:07.473341317Z,sscartquery,northamerica-northeast1,modellearning,sscartquery-00011-jzl,sscartquery,cloud_run_revision,INFO,functions/Logic.java,2024-02-29T20:22:07.338766Z
65e0e76f0002c1445675f34a,functions/Logic.java,service,cpu:=1250000000  rt:=1266793859,cloudfunctions,00d087f5e04921ffa2ae878763f0217abb165fe4fe9a2e8a027ba11aed30e41dbddf4fc8615626ade2ce81a05b33cc0543a90b189fc41ef2749e7ddb07fe1c9b9eae6c,projects/modellearning/logs/run.googleapis.com%2Fstdout,,2024-02-29T20:22:07.473341317Z,sscartquery,northamerica-northeast1,modellearning,sscartquery-00011-jzl,sscartquery,cloud_run_revision,INFO,functions/Logic.java,2024-02-29T20:22:07.180548Z
65e0e76f000086b8ca6f6673,functions/Logic.java,service,cpu:=4140000000  rt:=4242591699,cloudfunctions,00d087f5e025f1412d457ac9df76d9971bbb653901e64de3964b6771b432461e319b79b0f00c478208807a6c7a3fbf8874fe0596d4f63281afed598300217590a2678e,projects/modellearning/logs/run.googleapis.com%2Fstdout,,2024-02-29T20:22:07.140516013Z,sscartquery,northamerica-northeast1,modellearning,sscartquery-00011-jzl,sscartquery,cloud_run_revision,INFO,functions/Logic.java,2024-02-29T20:22:07.034488Z
65e0e76e000f0106a13da29b,functions/Logic.java,service,cpu:=560000000  rt:=579357947,cloudfunctions,00d087f5e0508b90f669d2e778e5edb119d2cf95bbdf1d474990a4029916e734b09cb9a2fbea2793facea51d590b84a7b32d827e55698dd1314956e833b1573e692dea,projects/modellearning/logs/run.googleapis.com%2Fstdout,,2024-02-29T20:22:07.140516013Z,sscartquery,northamerica-northeast1,modellearning,sscartquery-00011-jzl,sscartquery,cloud_run_revision,INFO,functions/Logic.java,2024-02-29T20:22:06.983302Z
65e0e76e00055112ea59efbc,functions/Logic.java,service,cpu:=610000000  rt:=636469534,cloudfunctions,00d087f5e0b82d4393d4a7bbb7f14727933f8b96724a91b37d40394984760349848f0c657a1b55ad143d87d15617c08a8ba76acddb65a7eb3b550a40e4aceccdfb8d33,projects/modellearning/logs/run.googleapis.com%2Fstdout,,2024-02-29T20:22:06.474984729Z,sscartquery,northamerica-northeast1,modellearning,sscartquery-00011-jzl,sscartquery,cloud_run_revision,INFO,functions/Logic.java,2024-02-29T20:22:06.348434Z
65e0e76e000470e5f47415df,functions/Logic.java,service,cpu:=620000000  rt:=634996907,cloudfunctions,00d087f5e0508b90f669d2e778e5edb119d2cf95bbdf1d474990a4029916e734b09cb9a2fbea2793facea51d590b84a7b32d827e55698dd1314956e833b1573e692dea,projects/modellearning/logs/run.googleapis.com%2Fstdout,,2024-02-29T20:22:06.474984729Z,sscartquery,northamerica-northeast1,modellearning,sscartquery-00011-jzl,sscartquery,cloud_run_revision,INFO,functions/Logic.java,2024-02-29T20:22:06.291045Z
65e0e76e00020cec3aea6b01,functions/Logic.java,service,cpu:=390000000  rt:=876082503,cloudfunctions,00d087f5e0fb53247b367efd3d5bd3eb6ec2079ea1f90edc419a49866437bf458cfeca444aeaa3b7daf5636b05c06cb47d5f161f950d27b45213cc036890ef6262ebf3,projects/modellearning/logs/run.googleapis.com%2Fstdout,,2024-02-29T20:22:06.141458200Z,sscartquery,northamerica-northeast1,modellearning,sscartquery-00011-jzl,sscartquery,cloud_run_revision,INFO,functions/Logic.java,2024-02-29T20:22:06.134380Z
65e0e76d000e7b7a9c14e7c9,functions/Logic.java,service,cpu:=460000000  rt:=691035888,cloudfunctions,00d087f5e0fb53247b367efd3d5bd3eb6ec2079ea1f90edc419a49866437bf458cfeca444aeaa3b7daf5636b05c06cb47d5f161f950d27b45213cc036890ef6262ebf3,projects/modellearning/logs/run.googleapis.com%2Fstdout,,2024-02-29T20:22:06.141458200Z,sscartquery,northamerica-northeast1,modellearning,sscartquery-00011-jzl,sscartquery,cloud_run_revision,INFO,functions/Logic.java,2024-02-29T20:22:05.949114Z
65e0e76d000d578aecaf27eb,functions/Logic.java,service,cpu:=1540000000  rt:=1613882799,cloudfunctions,00d087f5e04921ffa2ae878763f0217abb165fe4fe9a2e8a027ba11aed30e41dbddf4fc8615626ade2ce81a05b33cc0543a90b189fc41ef2749e7ddb07fe1c9b9eae6c,projects/modellearning/logs/run.googleapis.com%2Fstdout,,2024-02-29T20:22:06.141458200Z,sscartquery,northamerica-northeast1,modellearning,sscartquery-00011-jzl,sscartquery,cloud_run_revision,INFO,functions/Logic.java,2024-02-29T20:22:05.874378Z
65e0e76c000d61cbfa78187e,functions/Logic.java,service,cpu:=7130000000  rt:=704087034,cloudfunctions,00d087f5e0fb53247b367efd3d5bd3eb6ec2079ea1f90edc419a49866437bf458cfeca444aeaa3b7daf5636b05c06cb47d5f161f950d27b45213cc036890ef6262ebf3,projects/modellearning/logs/run.googleapis.com%2Fstdout,,2024-02-29T20:22:05.142468453Z,sscartquery,northamerica-northeast1,modellearning,sscartquery-00011-jzl,sscartquery,cloud_run_revision,INFO,functions/Logic.java,2024-02-29T20:22:04.877003Z
65e0e76c000b34a66c799ace,functions/Logic.java,service,cpu:=330000000  rt:=561482450,cloudfunctions,00d087f5e0fb53247b367efd3d5bd3eb6ec2079ea1f90edc419a49866437bf458cfeca444aeaa3b7daf5636b05c06cb47d5f161f950d27b45213cc036890ef6262ebf3,projects/modellearning/logs/run.googleapis.com%2Fstdout,,2024-02-29T20:22:04.806891884Z,sscartquery,northamerica-northeast1,modellearning,sscartquery-00011-jzl,sscartquery,cloud_run_revision,INFO,functions/Logic.java,2024-02-29T20:22:04.734374Z
65e0e76c000abc5208c41773,functions/Logic.java,service,cpu:=1590000000  rt:=1634982537,cloudfunctions,00d087f5e0508b90f669d2e778e5edb119d2cf95bbdf1d474990a4029916e734b09cb9a2fbea2793facea51d590b84a7b32d827e55698dd1314956e833b1573e692dea,projects/modellearning/logs/run.googleapis.com%2Fstdout,,2024-02-29T20:22:04.806891884Z,sscartquery,northamerica-northeast1,modellearning,sscartquery-00011-jzl,sscartquery,cloud_run_revision,INFO,functions/Logic.java,2024-02-29T20:22:04.703570Z
65e0e76c00070802a961f911,functions/Logic.java,service,cpu:=1240000000  rt:=1262284097,cloudfunctions,00d087f5e0b82d4393d4a7bbb7f14727933f8b96724a91b37d40394984760349848f0c657a1b55ad143d87d15617c08a8ba76acddb65a7eb3b550a40e4aceccdfb8d33,projects/modellearning/logs/run.googleapis.com%2Fstdout,,2024-02-29T20:22:04.473790163Z,sscartquery,northamerica-northeast1,modellearning,sscartquery-00011-jzl,sscartquery,cloud_run_revision,INFO,functions/Logic.java,2024-02-29T20:22:04.460802Z
65e0e76c0006a11b8d16c163,functions/Logic.java,service,cpu:=-670000000  rt:=173527340,cloudfunctions,00d087f5e04921ffa2ae878763f0217abb165fe4fe9a2e8a027ba11aed30e41dbddf4fc8615626ade2ce81a05b33cc0543a90b189fc41ef2749e7ddb07fe1c9b9eae6c,projects/modellearning/logs/run.googleapis.com%2Fstdout,,2024-02-29T20:22:04.473790163Z,sscartquery,northamerica-northeast1,modellearning,sscartquery-00011-jzl,sscartquery,cloud_run_revision,INFO,functions/Logic.java,2024-02-29T20:22:04.434459Z
65e0e76b0006a1163cd3bcb5,functions/Logic.java,service,cpu:=2610000000  rt:=3191668953,cloudfunctions,00d087f5e0fb53247b367efd3d5bd3eb6ec2079ea1f90edc419a49866437bf458cfeca444aeaa3b7daf5636b05c06cb47d5f161f950d27b45213cc036890ef6262ebf3,projects/modellearning/logs/run.googleapis.com%2Fstdout,,2024-02-29T20:22:03.475301933Z,sscartquery,northamerica-northeast1,modellearning,sscartquery-00011-jzl,sscartquery,cloud_run_revision,INFO,functions/Logic.java,2024-02-29T20:22:03.434454Z
65e0e76a0006b19d3b11eaaa,functions/Logic.java,service,cpu:=1340000000  rt:=342737093,cloudfunctions,00d087f5e04921ffa2ae878763f0217abb165fe4fe9a2e8a027ba11aed30e41dbddf4fc8615626ade2ce81a05b33cc0543a90b189fc41ef2749e7ddb07fe1c9b9eae6c,projects/modellearning/logs/run.googleapis.com%2Fstdout,,2024-02-29T20:22:02.476055028Z,sscartquery,northamerica-northeast1,modellearning,sscartquery-00011-jzl,sscartquery,cloud_run_revision,INFO,functions/Logic.java,2024-02-29T20:22:02.438685Z
65e0e76a000613e8a18944de,functions/Logic.java,service,cpu:=1330000000  rt:=1370822283,cloudfunctions,00d087f5e025f1412d457ac9df76d9971bbb653901e64de3964b6771b432461e319b79b0f00c478208807a6c7a3fbf8874fe0596d4f63281afed598300217590a2678e,projects/modellearning/logs/run.googleapis.com%2Fstdout,,2024-02-29T20:22:02.476055028Z,sscartquery,northamerica-northeast1,modellearning,sscartquery-00011-jzl,sscartquery,cloud_run_revision,INFO,functions/Logic.java,2024-02-29T20:22:02.398312Z
65e0e76a000394eb5a58aff9,functions/Logic.java,service,cpu:=100000000  rt:=138467972,cloudfunctions,00d087f5e04921ffa2ae878763f0217abb165fe4fe9a2e8a027ba11aed30e41dbddf4fc8615626ade2ce81a05b33cc0543a90b189fc41ef2749e7ddb07fe1c9b9eae6c,projects/modellearning/logs/run.googleapis.com%2Fstdout,,2024-02-29T20:22:02.476055028Z,sscartquery,northamerica-northeast1,modellearning,sscartquery-00011-jzl,sscartquery,cloud_run_revision,INFO,functions/Logic.java,2024-02-29T20:22:02.234731Z
65e0e769000d3119087c7834,functions/Logic.java,service,cpu:=30000000  rt:=103522618,cloudfunctions,00d087f5e04921ffa2ae878763f0217abb165fe4fe9a2e8a027ba11aed30e41dbddf4fc8615626ade2ce81a05b33cc0543a90b189fc41ef2749e7ddb07fe1c9b9eae6c,projects/modellearning/logs/run.googleapis.com%2Fstdout,,2024-02-29T20:22:02.144334497Z,sscartquery,northamerica-northeast1,modellearning,sscartquery-00011-jzl,sscartquery,cloud_run_revision,INFO,functions/Logic.java,2024-02-29T20:22:01.864537Z
65e0e769000cf663a9dd5f0f,functions/Logic.java,service,cpu:=6080000000  rt:=6320304137,cloudfunctions,00d087f5e0508b90f669d2e778e5edb119d2cf95bbdf1d474990a4029916e734b09cb9a2fbea2793facea51d590b84a7b32d827e55698dd1314956e833b1573e692dea,projects/modellearning/logs/run.googleapis.com%2Fstdout,,2024-02-29T20:22:02.144334497Z,sscartquery,northamerica-northeast1,modellearning,sscartquery-00011-jzl,sscartquery,cloud_run_revision,INFO,functions/Logic.java,2024-02-29T20:22:01.849507Z
65e0e7690009af748a96fec5,functions/Logic.java,service,cpu:=320000000  rt:=598402595,cloudfunctions,00d087f5e04921ffa2ae878763f0217abb165fe4fe9a2e8a027ba11aed30e41dbddf4fc8615626ade2ce81a05b33cc0543a90b189fc41ef2749e7ddb07fe1c9b9eae6c,projects/modellearning/logs/run.googleapis.com%2Fstdout,,2024-02-29T20:22:01.808407010Z,sscartquery,northamerica-northeast1,modellearning,sscartquery-00011-jzl,sscartquery,cloud_run_revision,INFO,functions/Logic.java,2024-02-29T20:22:01.634740Z
65e0e7690009ae68c897157c,functions/Logic.java,service,cpu:=4260000000  rt:=1391122526,cloudfunctions,00d087f5e0fb53247b367efd3d5bd3eb6ec2079ea1f90edc419a49866437bf458cfeca444aeaa3b7daf5636b05c06cb47d5f161f950d27b45213cc036890ef6262ebf3,projects/modellearning/logs/run.googleapis.com%2Fstdout,,2024-02-29T20:22:01.808407010Z,sscartquery,northamerica-northeast1,modellearning,sscartquery-00011-jzl,sscartquery,cloud_run_revision,INFO,functions/Logic.java,2024-02-29T20:22:01.634472Z
65e0e7690002e8d637289cdf,functions/Logic.java,service,cpu:=50000000  rt:=43748792,cloudfunctions,00d087f5e0b82d4393d4a7bbb7f14727933f8b96724a91b37d40394984760349848f0c657a1b55ad143d87d15617c08a8ba76acddb65a7eb3b550a40e4aceccdfb8d33,projects/modellearning/logs/run.googleapis.com%2Fstdout,,2024-02-29T20:22:01.476458898Z,sscartquery,northamerica-northeast1,modellearning,sscartquery-00011-jzl,sscartquery,cloud_run_revision,INFO,functions/Logic.java,2024-02-29T20:22:01.190678Z
65e0e769000020e6fe38f2ef,functions/Logic.java,service,cpu:=1240000000  rt:=1261456366,cloudfunctions,00d087f5e025f1412d457ac9df76d9971bbb653901e64de3964b6771b432461e319b79b0f00c478208807a6c7a3fbf8874fe0596d4f63281afed598300217590a2678e,projects/modellearning/logs/run.googleapis.com%2Fstdout,,2024-02-29T20:22:01.143905613Z,sscartquery,northamerica-northeast1,modellearning,sscartquery-00011-jzl,sscartquery,cloud_run_revision,INFO,functions/Logic.java,2024-02-29T20:22:01.008422Z
65e0e76800051121f641bbd0,functions/Logic.java,service,cpu:=40000000  rt:=39024711,cloudfunctions,00d087f5e04921ffa2ae878763f0217abb165fe4fe9a2e8a027ba11aed30e41dbddf4fc8615626ade2ce81a05b33cc0543a90b189fc41ef2749e7ddb07fe1c9b9eae6c,projects/modellearning/logs/run.googleapis.com%2Fstdout,,2024-02-29T20:22:00.477519109Z,sscartquery,northamerica-northeast1,modellearning,sscartquery-00011-jzl,sscartquery,cloud_run_revision,INFO,functions/Logic.java,2024-02-29T20:22:00.332065Z
65e0e7680000bc441456b46b,functions/Logic.java,service,cpu:=730000000  rt:=1092890396,cloudfunctions,00d087f5e0b82d4393d4a7bbb7f14727933f8b96724a91b37d40394984760349848f0c657a1b55ad143d87d15617c08a8ba76acddb65a7eb3b550a40e4aceccdfb8d33,projects/modellearning/logs/run.googleapis.com%2Fstdout,,2024-02-29T20:22:00.144503880Z,sscartquery,northamerica-northeast1,modellearning,sscartquery-00011-jzl,sscartquery,cloud_run_revision,INFO,functions/Logic.java,2024-02-29T20:22:00.048196Z
65e0e767000ba50d9b457d22,functions/Logic.java,service,cpu:=4210000000  rt:=808010559,cloudfunctions,00d087f5e0b82d4393d4a7bbb7f14727933f8b96724a91b37d40394984760349848f0c657a1b55ad143d87d15617c08a8ba76acddb65a7eb3b550a40e4aceccdfb8d33,projects/modellearning/logs/run.googleapis.com%2Fstdout,,2024-02-29T20:21:59.811400705Z,sscartquery,northamerica-northeast1,modellearning,sscartquery-00011-jzl,sscartquery,cloud_run_revision,INFO,functions/Logic.java,2024-02-29T20:21:59.763149Z
65e0e7670008bec942fcec76,functions/Logic.java,service,cpu:=800000000  rt:=841632109,cloudfunctions,00d087f5e07bdae58c1f4da3364551cac54ac5362bf1a9581e7d4bf9a32f14aae9b89d873ef09e84a16dbd253a49be122c24eb757e668e06c6c2cc19262d914e45e911,projects/modellearning/logs/run.googleapis.com%2Fstdout,,2024-02-29T20:21:59.811400705Z,sscartquery,northamerica-northeast1,modellearning,sscartquery-00011-jzl,sscartquery,cloud_run_revision,INFO,functions/Logic.java,2024-02-29T20:21:59.573129Z
65e0e76700070b6dc6b9e5b8,functions/Logic.java,service,cpu:=1780000000  rt:=1816352687,cloudfunctions,00d087f5e04921ffa2ae878763f0217abb165fe4fe9a2e8a027ba11aed30e41dbddf4fc8615626ade2ce81a05b33cc0543a90b189fc41ef2749e7ddb07fe1c9b9eae6c,projects/modellearning/logs/run.googleapis.com%2Fstdout,,2024-02-29T20:21:59.478055447Z,sscartquery,northamerica-northeast1,modellearning,sscartquery-00011-jzl,sscartquery,cloud_run_revision,INFO,functions/Logic.java,2024-02-29T20:21:59.461677Z
65e0e767000153ca1f35d516,functions/Logic.java,service,cpu:=1290000000  rt:=1651294240,cloudfunctions,00d087f5e0fb53247b367efd3d5bd3eb6ec2079ea1f90edc419a49866437bf458cfeca444aeaa3b7daf5636b05c06cb47d5f161f950d27b45213cc036890ef6262ebf3,projects/modellearning/logs/run.googleapis.com%2Fstdout,,2024-02-29T20:21:59.144641717Z,sscartquery,northamerica-northeast1,modellearning,sscartquery-00011-jzl,sscartquery,cloud_run_revision,INFO,functions/Logic.java,2024-02-29T20:21:59.086986Z
65e0e7670000864594f80813,functions/Logic.java,service,cpu:=600000000  rt:=611926967,cloudfunctions,00d087f5e025f1412d457ac9df76d9971bbb653901e64de3964b6771b432461e319b79b0f00c478208807a6c7a3fbf8874fe0596d4f63281afed598300217590a2678e,projects/modellearning/logs/run.googleapis.com%2Fstdout,,2024-02-29T20:21:59.144641717Z,sscartquery,northamerica-northeast1,modellearning,sscartquery-00011-jzl,sscartquery,cloud_run_revision,INFO,functions/Logic.java,2024-02-29T20:21:59.034373Z
65e0e766000e4276a1c14487,functions/Logic.java,service,cpu:=-3630000000  rt:=212404943,cloudfunctions,00d087f5e0b82d4393d4a7bbb7f14727933f8b96724a91b37d40394984760349848f0c657a1b55ad143d87d15617c08a8ba76acddb65a7eb3b550a40e4aceccdfb8d33,projects/modellearning/logs/run.googleapis.com%2Fstdout,,2024-02-29T20:21:59.144641717Z,sscartquery,northamerica-northeast1,modellearning,sscartquery-00011-jzl,sscartquery,cloud_run_revision,INFO,functions/Logic.java,2024-02-29T20:21:58.934518Z
65e0e7660005f225e434ec76,functions/Logic.java,service,cpu:=160000000  rt:=164144978,cloudfunctions,00d087f5e025f1412d457ac9df76d9971bbb653901e64de3964b6771b432461e319b79b0f00c478208807a6c7a3fbf8874fe0596d4f63281afed598300217590a2678e,projects/modellearning/logs/run.googleapis.com%2Fstdout,,2024-02-29T20:21:58.479186929Z,sscartquery,northamerica-northeast1,modellearning,sscartquery-00011-jzl,sscartquery,cloud_run_revision,INFO,functions/Logic.java,2024-02-29T20:21:58.389669Z
65e0e765000e424592ecf980,functions/Logic.java,service,cpu:=-13140000000  rt:=498218403,cloudfunctions,00d087f5e0fb53247b367efd3d5bd3eb6ec2079ea1f90edc419a49866437bf458cfeca444aeaa3b7daf5636b05c06cb47d5f161f950d27b45213cc036890ef6262ebf3,projects/modellearning/logs/run.googleapis.com%2Fstdout,,2024-02-29T20:21:58.145235239Z,sscartquery,northamerica-northeast1,modellearning,sscartquery-00011-jzl,sscartquery,cloud_run_revision,INFO,functions/Logic.java,2024-02-29T20:21:57.934469Z
65e0e765000c0e48e5358149,functions/Logic.java,service,cpu:=140000000  rt:=140671258,cloudfunctions,00d087f5e025f1412d457ac9df76d9971bbb653901e64de3964b6771b432461e319b79b0f00c478208807a6c7a3fbf8874fe0596d4f63281afed598300217590a2678e,projects/modellearning/logs/run.googleapis.com%2Fstdout,,2024-02-29T20:21:57.813777828Z,sscartquery,northamerica-northeast1,modellearning,sscartquery-00011-jzl,sscartquery,cloud_run_revision,INFO,functions/Logic.java,2024-02-29T20:21:57.790088Z
65e0e7650009aeadf5040548,functions/Logic.java,service,cpu:=-2840000000  rt:=198425085,cloudfunctions,00d087f5e0fb53247b367efd3d5bd3eb6ec2079ea1f90edc419a49866437bf458cfeca444aeaa3b7daf5636b05c06cb47d5f161f950d27b45213cc036890ef6262ebf3,projects/modellearning/logs/run.googleapis.com%2Fstdout,,2024-02-29T20:21:57.813777828Z,sscartquery,northamerica-northeast1,modellearning,sscartquery-00011-jzl,sscartquery,cloud_run_revision,INFO,functions/Logic.java,2024-02-29T20:21:57.634541Z
65e0e7650005ce58d504a9a0,functions/Logic.java,service,cpu:=620000000  rt:=661924911,cloudfunctions,00d087f5e07bdae58c1f4da3364551cac54ac5362bf1a9581e7d4bf9a32f14aae9b89d873ef09e84a16dbd253a49be122c24eb757e668e06c6c2cc19262d914e45e911,projects/modellearning/logs/run.googleapis.com%2Fstdout,,2024-02-29T20:21:57.479053607Z,sscartquery,northamerica-northeast1,modellearning,sscartquery-00011-jzl,sscartquery,cloud_run_revision,INFO,functions/Logic.java,2024-02-29T20:21:57.380504Z
65e0e764000ee10908392ff2,functions/Logic.java,service,cpu:=700000000  rt:=720463091,cloudfunctions,00d087f5e025f1412d457ac9df76d9971bbb653901e64de3964b6771b432461e319b79b0f00c478208807a6c7a3fbf8874fe0596d4f63281afed598300217590a2678e,projects/modellearning/logs/run.googleapis.com%2Fstdout,,2024-02-29T20:21:57.147595612Z,sscartquery,northamerica-northeast1,modellearning,sscartquery-00011-jzl,sscartquery,cloud_run_revision,INFO,functions/Logic.java,2024-02-29T20:21:56.975113Z
65e0e764000cbb6d4aceb3ec,functions/Logic.java,service,cpu:=1160000000  rt:=1799639394,cloudfunctions,00d087f5e04921ffa2ae878763f0217abb165fe4fe9a2e8a027ba11aed30e41dbddf4fc8615626ade2ce81a05b33cc0543a90b189fc41ef2749e7ddb07fe1c9b9eae6c,projects/modellearning/logs/run.googleapis.com%2Fstdout,,2024-02-29T20:21:57.147595612Z,sscartquery,northamerica-northeast1,modellearning,sscartquery-00011-jzl,sscartquery,cloud_run_revision,INFO,functions/Logic.java,2024-02-29T20:21:56.834413Z
65e0e764000be9bb56b270bc,functions/Logic.java,service,cpu:=190000000  rt:=316116637,cloudfunctions,00d087f5e0b82d4393d4a7bbb7f14727933f8b96724a91b37d40394984760349848f0c657a1b55ad143d87d15617c08a8ba76acddb65a7eb3b550a40e4aceccdfb8d33,projects/modellearning/logs/run.googleapis.com%2Fstdout,,2024-02-29T20:21:56.813138553Z,sscartquery,northamerica-northeast1,modellearning,sscartquery-00011-jzl,sscartquery,cloud_run_revision,INFO,functions/Logic.java,2024-02-29T20:21:56.780731Z
65e0e764000b9992eed7eb45,functions/Logic.java,service,cpu:=1210000000  rt:=295562159,cloudfunctions,00d087f5e0b82d4393d4a7bbb7f14727933f8b96724a91b37d40394984760349848f0c657a1b55ad143d87d15617c08a8ba76acddb65a7eb3b550a40e4aceccdfb8d33,projects/modellearning/logs/run.googleapis.com%2Fstdout,,2024-02-29T20:21:56.813138553Z,sscartquery,northamerica-northeast1,modellearning,sscartquery-00011-jzl,sscartquery,cloud_run_revision,INFO,functions/Logic.java,2024-02-29T20:21:56.760210Z
65e0e764000b34e48898a2e0,functions/Logic.java,service,cpu:=70000000  rt:=72987231,cloudfunctions,00d087f5e0fb53247b367efd3d5bd3eb6ec2079ea1f90edc419a49866437bf458cfeca444aeaa3b7daf5636b05c06cb47d5f161f950d27b45213cc036890ef6262ebf3,projects/modellearning/logs/run.googleapis.com%2Fstdout,,2024-02-29T20:21:56.813138553Z,sscartquery,northamerica-northeast1,modellearning,sscartquery-00011-jzl,sscartquery,cloud_run_revision,INFO,functions/Logic.java,2024-02-29T20:21:56.734436Z
65e0e764000393c755d8cc27,functions/Logic.java,service,cpu:=640000000  rt:=1199658735,cloudfunctions,00d087f5e04921ffa2ae878763f0217abb165fe4fe9a2e8a027ba11aed30e41dbddf4fc8615626ade2ce81a05b33cc0543a90b189fc41ef2749e7ddb07fe1c9b9eae6c,projects/modellearning/logs/run.googleapis.com%2Fstdout,,2024-02-29T20:21:56.481047397Z,sscartquery,northamerica-northeast1,modellearning,sscartquery-00011-jzl,sscartquery,cloud_run_revision,INFO,functions/Logic.java,2024-02-29T20:21:56.234439Z
65e0e7640002ecacf1371d48,functions/Logic.java,service,cpu:=450000000  rt:=457135728,cloudfunctions,00d087f5e025f1412d457ac9df76d9971bbb653901e64de3964b6771b432461e319b79b0f00c478208807a6c7a3fbf8874fe0596d4f63281afed598300217590a2678e,projects/modellearning/logs/run.googleapis.com%2Fstdout,,2024-02-29T20:21:56.481047397Z,sscartquery,northamerica-northeast1,modellearning,sscartquery-00011-jzl,sscartquery,cloud_run_revision,INFO,functions/Logic.java,2024-02-29T20:21:56.191660Z
65e0e763000c39c9f305f1cd,functions/Logic.java,service,cpu:=540000000  rt:=548366529,cloudfunctions,00d087f5e0fb53247b367efd3d5bd3eb6ec2079ea1f90edc419a49866437bf458cfeca444aeaa3b7daf5636b05c06cb47d5f161f950d27b45213cc036890ef6262ebf3,projects/modellearning/logs/run.googleapis.com%2Fstdout,,2024-02-29T20:21:55.815128539Z,sscartquery,northamerica-northeast1,modellearning,sscartquery-00011-jzl,sscartquery,cloud_run_revision,INFO,functions/Logic.java,2024-02-29T20:21:55.801225Z
65e0e7630009aeb8aa26fdf9,functions/Logic.java,service,cpu:=1580000000  rt:=599729133,cloudfunctions,00d087f5e04921ffa2ae878763f0217abb165fe4fe9a2e8a027ba11aed30e41dbddf4fc8615626ade2ce81a05b33cc0543a90b189fc41ef2749e7ddb07fe1c9b9eae6c,projects/modellearning/logs/run.googleapis.com%2Fstdout,,2024-02-29T20:21:55.815128539Z,sscartquery,northamerica-northeast1,modellearning,sscartquery-00011-jzl,sscartquery,cloud_run_revision,INFO,functions/Logic.java,2024-02-29T20:21:55.634552Z
65e0e763000905e7c43f6222,functions/Logic.java,service,cpu:=1340000000  rt:=1359466846,cloudfunctions,00d087f5e025f1412d457ac9df76d9971bbb653901e64de3964b6771b432461e319b79b0f00c478208807a6c7a3fbf8874fe0596d4f63281afed598300217590a2678e,projects/modellearning/logs/run.googleapis.com%2Fstdout,,2024-02-29T20:21:55.815128539Z,sscartquery,northamerica-northeast1,modellearning,sscartquery-00011-jzl,sscartquery,cloud_run_revision,INFO,functions/Logic.java,2024-02-29T20:21:55.591335Z
65e0e7630006f144452dd774,functions/Logic.java,service,cpu:=2020000000  rt:=2078501932,cloudfunctions,00d087f5e0508b90f669d2e778e5edb119d2cf95bbdf1d474990a4029916e734b09cb9a2fbea2793facea51d590b84a7b32d827e55698dd1314956e833b1573e692dea,projects/modellearning/logs/run.googleapis.com%2Fstdout,,2024-02-29T20:21:55.481733350Z,sscartquery,northamerica-northeast1,modellearning,sscartquery-00011-jzl,sscartquery,cloud_run_revision,INFO,functions/Logic.java,2024-02-29T20:21:55.454980Z
65e0e7630000e4031ab787b8,functions/Logic.java,service,cpu:=840000000  rt:=3964202368,cloudfunctions,00d087f5e0fb53247b367efd3d5bd3eb6ec2079ea1f90edc419a49866437bf458cfeca444aeaa3b7daf5636b05c06cb47d5f161f950d27b45213cc036890ef6262ebf3,projects/modellearning/logs/run.googleapis.com%2Fstdout,,2024-02-29T20:21:55.149269368Z,sscartquery,northamerica-northeast1,modellearning,sscartquery-00011-jzl,sscartquery,cloud_run_revision,INFO,functions/Logic.java,2024-02-29T20:21:55.058371Z
65e0e761000e97c3568a37d5,functions/Logic.java,service,cpu:=8230000000  rt:=586440814,cloudfunctions,00d087f5e04921ffa2ae878763f0217abb165fe4fe9a2e8a027ba11aed30e41dbddf4fc8615626ade2ce81a05b33cc0543a90b189fc41ef2749e7ddb07fe1c9b9eae6c,projects/modellearning/logs/run.googleapis.com%2Fstdout,,2024-02-29T20:21:54.148914826Z,sscartquery,northamerica-northeast1,modellearning,sscartquery-00011-jzl,sscartquery,cloud_run_revision,INFO,functions/Logic.java,2024-02-29T20:21:53.956355Z
65e0e761000e71581b770296,functions/Logic.java,service,cpu:=820000000  rt:=833744656,cloudfunctions,00d087f5e025f1412d457ac9df76d9971bbb653901e64de3964b6771b432461e319b79b0f00c478208807a6c7a3fbf8874fe0596d4f63281afed598300217590a2678e,projects/modellearning/logs/run.googleapis.com%2Fstdout,,2024-02-29T20:21:54.148914826Z,sscartquery,northamerica-northeast1,modellearning,sscartquery-00011-jzl,sscartquery,cloud_run_revision,INFO,functions/Logic.java,2024-02-29T20:21:53.946520Z
65e0e7610009af4f99e851ac,functions/Logic.java,service,cpu:=210000000  rt:=264634417,cloudfunctions,00d087f5e04921ffa2ae878763f0217abb165fe4fe9a2e8a027ba11aed30e41dbddf4fc8615626ade2ce81a05b33cc0543a90b189fc41ef2749e7ddb07fe1c9b9eae6c,projects/modellearning/logs/run.googleapis.com%2Fstdout,,2024-02-29T20:21:53.817103460Z,sscartquery,northamerica-northeast1,modellearning,sscartquery-00011-jzl,sscartquery,cloud_run_revision,INFO,functions/Logic.java,2024-02-29T20:21:53.634703Z
65e0e760000cc5fecd08794c,functions/Logic.java,service,cpu:=990000000  rt:=1743053432,cloudfunctions,00d087f5e0fb53247b367efd3d5bd3eb6ec2079ea1f90edc419a49866437bf458cfeca444aeaa3b7daf5636b05c06cb47d5f161f950d27b45213cc036890ef6262ebf3,projects/modellearning/logs/run.googleapis.com%2Fstdout,,2024-02-29T20:21:53.150964646Z,sscartquery,northamerica-northeast1,modellearning,sscartquery-00011-jzl,sscartquery,cloud_run_revision,INFO,functions/Logic.java,2024-02-29T20:21:52.837118Z
65e0e760000329c5b7a1485f,functions/Logic.java,service,cpu:=510000000  rt:=535835086,cloudfunctions,00d087f5e04921ffa2ae878763f0217abb165fe4fe9a2e8a027ba11aed30e41dbddf4fc8615626ade2ce81a05b33cc0543a90b189fc41ef2749e7ddb07fe1c9b9eae6c,projects/modellearning/logs/run.googleapis.com%2Fstdout,,2024-02-29T20:21:52.483753514Z,sscartquery,northamerica-northeast1,modellearning,sscartquery-00011-jzl,sscartquery,cloud_run_revision,INFO,functions/Logic.java,2024-02-29T20:21:52.207301Z
65e0e76000013600594a38c9,functions/Logic.java,service,cpu:=380000000  rt:=392961928,cloudfunctions,00d087f5e025f1412d457ac9df76d9971bbb653901e64de3964b6771b432461e319b79b0f00c478208807a6c7a3fbf8874fe0596d4f63281afed598300217590a2678e,projects/modellearning/logs/run.googleapis.com%2Fstdout,,2024-02-29T20:21:52.151742744Z,sscartquery,northamerica-northeast1,modellearning,sscartquery-00011-jzl,sscartquery,cloud_run_revision,INFO,functions/Logic.java,2024-02-29T20:21:52.079360Z
65e0e75f0009c15354ec7515,functions/Logic.java,service,cpu:=980000000  rt:=1010371643,cloudfunctions,00d087f5e025f1412d457ac9df76d9971bbb653901e64de3964b6771b432461e319b79b0f00c478208807a6c7a3fbf8874fe0596d4f63281afed598300217590a2678e,projects/modellearning/logs/run.googleapis.com%2Fstdout,,2024-02-29T20:21:51.818141386Z,sscartquery,northamerica-northeast1,modellearning,sscartquery-00011-jzl,sscartquery,cloud_run_revision,INFO,functions/Logic.java,2024-02-29T20:21:51.639315Z
65e0e75f0005d221d29e45de,functions/Logic.java,service,cpu:=1330000000  rt:=1114367867,cloudfunctions,00d087f5e0b82d4393d4a7bbb7f14727933f8b96724a91b37d40394984760349848f0c657a1b55ad143d87d15617c08a8ba76acddb65a7eb3b550a40e4aceccdfb8d33,projects/modellearning/logs/run.googleapis.com%2Fstdout,,2024-02-29T20:21:51.491988789Z,sscartquery,northamerica-northeast1,modellearning,sscartquery-00011-jzl,sscartquery,cloud_run_revision,INFO,functions/Logic.java,2024-02-29T20:21:51.381473Z
65e0e75f00040a39e4967916,functions/Logic.java,service,cpu:=3400000000  rt:=1028574432,cloudfunctions,00d087f5e0508b90f669d2e778e5edb119d2cf95bbdf1d474990a4029916e734b09cb9a2fbea2793facea51d590b84a7b32d827e55698dd1314956e833b1573e692dea,projects/modellearning/logs/run.googleapis.com%2Fstdout,,2024-02-29T20:21:51.491988789Z,sscartquery,northamerica-northeast1,modellearning,sscartquery-00011-jzl,sscartquery,cloud_run_revision,INFO,functions/Logic.java,2024-02-29T20:21:51.264761Z
65e0e75f00039446e8f9b912,functions/Logic.java,service,cpu:=-3020000000  rt:=1298082245,cloudfunctions,00d087f5e04921ffa2ae878763f0217abb165fe4fe9a2e8a027ba11aed30e41dbddf4fc8615626ade2ce81a05b33cc0543a90b189fc41ef2749e7ddb07fe1c9b9eae6c,projects/modellearning/logs/run.googleapis.com%2Fstdout,,2024-02-29T20:21:51.491988789Z,sscartquery,northamerica-northeast1,modellearning,sscartquery-00011-jzl,sscartquery,cloud_run_revision,INFO,functions/Logic.java,2024-02-29T20:21:51.234566Z
65e0e75e000a346b810f24b9,functions/Logic.java,service,cpu:=210000000  rt:=432704421,cloudfunctions,00d087f5e0508b90f669d2e778e5edb119d2cf95bbdf1d474990a4029916e734b09cb9a2fbea2793facea51d590b84a7b32d827e55698dd1314956e833b1573e692dea,projects/modellearning/logs/run.googleapis.com%2Fstdout,,2024-02-29T20:21:50.819878533Z,sscartquery,northamerica-northeast1,modellearning,sscartquery-00011-jzl,sscartquery,cloud_run_revision,INFO,functions/Logic.java,2024-02-29T20:21:50.668779Z
65e0e75e000928469975cbb6,functions/Logic.java,service,cpu:=1260000000  rt:=1298088734,cloudfunctions,00d087f5e025f1412d457ac9df76d9971bbb653901e64de3964b6771b432461e319b79b0f00c478208807a6c7a3fbf8874fe0596d4f63281afed598300217590a2678e,projects/modellearning/logs/run.googleapis.com%2Fstdout,,2024-02-29T20:21:50.819878533Z,sscartquery,northamerica-northeast1,modellearning,sscartquery-00011-jzl,sscartquery,cloud_run_revision,INFO,functions/Logic.java,2024-02-29T20:21:50.600134Z
65e0e75e000828ee5976e0de,functions/Logic.java,service,cpu:=1440000000  rt:=267739803,cloudfunctions,00d087f5e0b82d4393d4a7bbb7f14727933f8b96724a91b37d40394984760349848f0c657a1b55ad143d87d15617c08a8ba76acddb65a7eb3b550a40e4aceccdfb8d33,projects/modellearning/logs/run.googleapis.com%2Fstdout,,2024-02-29T20:21:50.819878533Z,sscartquery,northamerica-northeast1,modellearning,sscartquery-00011-jzl,sscartquery,cloud_run_revision,INFO,functions/Logic.java,2024-02-29T20:21:50.534766Z
65e0e75e00082833f44275bb,functions/Logic.java,service,cpu:=150000000  rt:=267876861,cloudfunctions,00d087f5e0b82d4393d4a7bbb7f14727933f8b96724a91b37d40394984760349848f0c657a1b55ad143d87d15617c08a8ba76acddb65a7eb3b550a40e4aceccdfb8d33,projects/modellearning/logs/run.googleapis.com%2Fstdout,,2024-02-29T20:21:50.819878533Z,sscartquery,northamerica-northeast1,modellearning,sscartquery-00011-jzl,sscartquery,cloud_run_revision,INFO,functions/Logic.java,2024-02-29T20:21:50.534579Z
65e0e75e00051b13603a1980,functions/Logic.java,service,cpu:=150000000  rt:=398182296,cloudfunctions,00d087f5e04921ffa2ae878763f0217abb165fe4fe9a2e8a027ba11aed30e41dbddf4fc8615626ade2ce81a05b33cc0543a90b189fc41ef2749e7ddb07fe1c9b9eae6c,projects/modellearning/logs/run.googleapis.com%2Fstdout,,2024-02-29T20:21:50.487344418Z,sscartquery,northamerica-northeast1,modellearning,sscartquery-00011-jzl,sscartquery,cloud_run_revision,INFO,functions/Logic.java,2024-02-29T20:21:50.334611Z
65e0e75e00046cf07b8b9acf,functions/Logic.java,service,cpu:=130000000  rt:=127328778,cloudfunctions,00d087f5e0fb53247b367efd3d5bd3eb6ec2079ea1f90edc419a49866437bf458cfeca444aeaa3b7daf5636b05c06cb47d5f161f950d27b45213cc036890ef6262ebf3,projects/modellearning/logs/run.googleapis.com%2Fstdout,,2024-02-29T20:21:50.487344418Z,sscartquery,northamerica-northeast1,modellearning,sscartquery-00011-jzl,sscartquery,cloud_run_revision,INFO,functions/Logic.java,2024-02-29T20:21:50.290032Z
65e0e75e00020de578008575,functions/Logic.java,service,cpu:=80000000  rt:=106560845,cloudfunctions,00d087f5e0b82d4393d4a7bbb7f14727933f8b96724a91b37d40394984760349848f0c657a1b55ad143d87d15617c08a8ba76acddb65a7eb3b550a40e4aceccdfb8d33,projects/modellearning/logs/run.googleapis.com%2Fstdout,,2024-02-29T20:21:50.153608800Z,sscartquery,northamerica-northeast1,modellearning,sscartquery-00011-jzl,sscartquery,cloud_run_revision,INFO,functions/Logic.java,2024-02-29T20:21:50.134629Z
65e0e75e00020d197b69ae89,functions/Logic.java,service,cpu:=-2120000000  rt:=786477236,cloudfunctions,00d087f5e0508b90f669d2e778e5edb119d2cf95bbdf1d474990a4029916e734b09cb9a2fbea2793facea51d590b84a7b32d827e55698dd1314956e833b1573e692dea,projects/modellearning/logs/run.googleapis.com%2Fstdout,,2024-02-29T20:21:50.153608800Z,sscartquery,northamerica-northeast1,modellearning,sscartquery-00011-jzl,sscartquery,cloud_run_revision,INFO,functions/Logic.java,2024-02-29T20:21:50.134425Z
65e0e75e00012822f0f36553,functions/Logic.java,service,cpu:=6520000000  rt:=3902021791,cloudfunctions,00d087f5e0fb53247b367efd3d5bd3eb6ec2079ea1f90edc419a49866437bf458cfeca444aeaa3b7daf5636b05c06cb47d5f161f950d27b45213cc036890ef6262ebf3,projects/modellearning/logs/run.googleapis.com%2Fstdout,,2024-02-29T20:21:50.153608800Z,sscartquery,northamerica-northeast1,modellearning,sscartquery-00011-jzl,sscartquery,cloud_run_revision,INFO,functions/Logic.java,2024-02-29T20:21:50.075810Z
65e0e75d00055690db956c1e,functions/Logic.java,service,cpu:=1790000000  rt:=3175953420,cloudfunctions,00d087f5e0fb53247b367efd3d5bd3eb6ec2079ea1f90edc419a49866437bf458cfeca444aeaa3b7daf5636b05c06cb47d5f161f950d27b45213cc036890ef6262ebf3,projects/modellearning/logs/run.googleapis.com%2Fstdout,,2024-02-29T20:21:49.487472827Z,sscartquery,northamerica-northeast1,modellearning,sscartquery-00011-jzl,sscartquery,cloud_run_revision,INFO,functions/Logic.java,2024-02-29T20:21:49.349840Z
65e0e75d00022b50670aa2ed,functions/Logic.java,service,cpu:=60000000  rt:=59659938,cloudfunctions,00d087f5e025f1412d457ac9df76d9971bbb653901e64de3964b6771b432461e319b79b0f00c478208807a6c7a3fbf8874fe0596d4f63281afed598300217590a2678e,projects/modellearning/logs/run.googleapis.com%2Fstdout,,2024-02-29T20:21:49.154938977Z,sscartquery,northamerica-northeast1,modellearning,sscartquery-00011-jzl,sscartquery,cloud_run_revision,INFO,functions/Logic.java,2024-02-29T20:21:49.142160Z
65e0e75c0008b2895b19c226,functions/Logic.java,service,cpu:=380000000  rt:=400537774,cloudfunctions,00d087f5e025f1412d457ac9df76d9971bbb653901e64de3964b6771b432461e319b79b0f00c478208807a6c7a3fbf8874fe0596d4f63281afed598300217590a2678e,projects/modellearning/logs/run.googleapis.com%2Fstdout,,2024-02-29T20:21:48.820922318Z,sscartquery,northamerica-northeast1,modellearning,sscartquery-00011-jzl,sscartquery,cloud_run_revision,INFO,functions/Logic.java,2024-02-29T20:21:48.569993Z
65e0e75c00045c38c8943e09,functions/Logic.java,service,cpu:=830000000  rt:=862064069,cloudfunctions,00d087f5e0508b90f669d2e778e5edb119d2cf95bbdf1d474990a4029916e734b09cb9a2fbea2793facea51d590b84a7b32d827e55698dd1314956e833b1573e692dea,projects/modellearning/logs/run.googleapis.com%2Fstdout,,2024-02-29T20:21:48.488775508Z,sscartquery,northamerica-northeast1,modellearning,sscartquery-00011-jzl,sscartquery,cloud_run_revision,INFO,functions/Logic.java,2024-02-29T20:21:48.285752Z
65e0e75c00023e1884b05d93,functions/Logic.java,service,cpu:=1810000000  rt:=1883508208,cloudfunctions,00d087f5e04921ffa2ae878763f0217abb165fe4fe9a2e8a027ba11aed30e41dbddf4fc8615626ade2ce81a05b33cc0543a90b189fc41ef2749e7ddb07fe1c9b9eae6c,projects/modellearning/logs/run.googleapis.com%2Fstdout,,2024-02-29T20:21:48.156037039Z,sscartquery,northamerica-northeast1,modellearning,sscartquery-00011-jzl,sscartquery,cloud_run_revision,INFO,functions/Logic.java,2024-02-29T20:21:48.146968Z
65e0e75c00017ab639570621,functions/Logic.java,service,cpu:=6320000000  rt:=6578763165,cloudfunctions,00d087f5e025f1412d457ac9df76d9971bbb653901e64de3964b6771b432461e319b79b0f00c478208807a6c7a3fbf8874fe0596d4f63281afed598300217590a2678e,projects/modellearning/logs/run.googleapis.com%2Fstdout,,2024-02-29T20:21:48.156037039Z,sscartquery,northamerica-northeast1,modellearning,sscartquery-00011-jzl,sscartquery,cloud_run_revision,INFO,functions/Logic.java,2024-02-29T20:21:48.096950Z
65e0e75b000e95e5b7f54e6b,functions/Logic.java,service,cpu:=180000000  rt:=182311476,cloudfunctions,00d087f5e0b82d4393d4a7bbb7f14727933f8b96724a91b37d40394984760349848f0c657a1b55ad143d87d15617c08a8ba76acddb65a7eb3b550a40e4aceccdfb8d33,projects/modellearning/logs/run.googleapis.com%2Fstdout,,2024-02-29T20:21:48.156037039Z,sscartquery,northamerica-northeast1,modellearning,sscartquery-00011-jzl,sscartquery,cloud_run_revision,INFO,functions/Logic.java,2024-02-29T20:21:47.955877Z
65e0e75b00074aab3a904b14,functions/Logic.java,service,cpu:=290000000  rt:=307500511,cloudfunctions,00d087f5e07bdae58c1f4da3364551cac54ac5362bf1a9581e7d4bf9a32f14aae9b89d873ef09e84a16dbd253a49be122c24eb757e668e06c6c2cc19262d914e45e911,projects/modellearning/logs/run.googleapis.com%2Fstdout,,2024-02-29T20:21:47.489419489Z,sscartquery,northamerica-northeast1,modellearning,sscartquery-00011-jzl,sscartquery,cloud_run_revision,INFO,functions/Logic.java,2024-02-29T20:21:47.477867Z
65e0e75b00042c46c1c18a70,functions/Logic.java,service,cpu:=110000000  rt:=110514407,cloudfunctions,00d087f5e0b82d4393d4a7bbb7f14727933f8b96724a91b37d40394984760349848f0c657a1b55ad143d87d15617c08a8ba76acddb65a7eb3b550a40e4aceccdfb8d33,projects/modellearning/logs/run.googleapis.com%2Fstdout,,2024-02-29T20:21:47.489419489Z,sscartquery,northamerica-northeast1,modellearning,sscartquery-00011-jzl,sscartquery,cloud_run_revision,INFO,functions/Logic.java,2024-02-29T20:21:47.273478Z
65e0e75b0002b7649de982d3,functions/Logic.java,service,cpu:=2070000000  rt:=2162831876,cloudfunctions,00d087f5e0508b90f669d2e778e5edb119d2cf95bbdf1d474990a4029916e734b09cb9a2fbea2793facea51d590b84a7b32d827e55698dd1314956e833b1573e692dea,projects/modellearning/logs/run.googleapis.com%2Fstdout,,2024-02-29T20:21:47.489419489Z,sscartquery,northamerica-northeast1,modellearning,sscartquery-00011-jzl,sscartquery,cloud_run_revision,INFO,functions/Logic.java,2024-02-29T20:21:47.178020Z
65e0e75b000273bc9549ff1c,functions/Logic.java,service,cpu:=130000000  rt:=139037534,cloudfunctions,00d087f5e0b82d4393d4a7bbb7f14727933f8b96724a91b37d40394984760349848f0c657a1b55ad143d87d15617c08a8ba76acddb65a7eb3b550a40e4aceccdfb8d33,projects/modellearning/logs/run.googleapis.com%2Fstdout,,2024-02-29T20:21:47.489419489Z,sscartquery,northamerica-northeast1,modellearning,sscartquery-00011-jzl,sscartquery,cloud_run_revision,INFO,functions/Logic.java,2024-02-29T20:21:47.160700Z
65e0e759000a48749948b2a9,functions/Logic.java,service,cpu:=13810000000  rt:=602387181,cloudfunctions,00d087f5e0fb53247b367efd3d5bd3eb6ec2079ea1f90edc419a49866437bf458cfeca444aeaa3b7daf5636b05c06cb47d5f161f950d27b45213cc036890ef6262ebf3,projects/modellearning/logs/run.googleapis.com%2Fstdout,,2024-02-29T20:21:45.824319928Z,sscartquery,northamerica-northeast1,modellearning,sscartquery-00011-jzl,sscartquery,cloud_run_revision,INFO,functions/Logic.java,2024-02-29T20:21:45.673908Z
65e0e7590009b05a779b738b,functions/Logic.java,service,cpu:=1030000000  rt:=563404764,cloudfunctions,00d087f5e0fb53247b367efd3d5bd3eb6ec2079ea1f90edc419a49866437bf458cfeca444aeaa3b7daf5636b05c06cb47d5f161f950d27b45213cc036890ef6262ebf3,projects/modellearning/logs/run.googleapis.com%2Fstdout,,2024-02-29T20:21:45.824319928Z,sscartquery,northamerica-northeast1,modellearning,sscartquery-00011-jzl,sscartquery,cloud_run_revision,INFO,functions/Logic.java,2024-02-29T20:21:45.634970Z
65e0e7590009aecff0b3a342,functions/Logic.java,service,cpu:=170000000  rt:=173120389,cloudfunctions,00d087f5e04921ffa2ae878763f0217abb165fe4fe9a2e8a027ba11aed30e41dbddf4fc8615626ade2ce81a05b33cc0543a90b189fc41ef2749e7ddb07fe1c9b9eae6c,projects/modellearning/logs/run.googleapis.com%2Fstdout,,2024-02-29T20:21:45.824319928Z,sscartquery,northamerica-northeast1,modellearning,sscartquery-00011-jzl,sscartquery,cloud_run_revision,INFO,functions/Logic.java,2024-02-29T20:21:45.634575Z
65e0e7590006d077a695d58b,functions/Logic.java,service,cpu:=3350000000  rt:=3522119130,cloudfunctions,00d087f5e04921ffa2ae878763f0217abb165fe4fe9a2e8a027ba11aed30e41dbddf4fc8615626ade2ce81a05b33cc0543a90b189fc41ef2749e7ddb07fe1c9b9eae6c,projects/modellearning/logs/run.googleapis.com%2Fstdout,,2024-02-29T20:21:45.491768196Z,sscartquery,northamerica-northeast1,modellearning,sscartquery-00011-jzl,sscartquery,cloud_run_revision,INFO,functions/Logic.java,2024-02-29T20:21:45.446583Z
65e0e758000b9d881ab27f81,functions/Logic.java,service,cpu:=100000000  rt:=96765991,cloudfunctions,00d087f5e0fb53247b367efd3d5bd3eb6ec2079ea1f90edc419a49866437bf458cfeca444aeaa3b7daf5636b05c06cb47d5f161f950d27b45213cc036890ef6262ebf3,projects/modellearning/logs/run.googleapis.com%2Fstdout,,2024-02-29T20:21:44.824437197Z,sscartquery,northamerica-northeast1,modellearning,sscartquery-00011-jzl,sscartquery,cloud_run_revision,INFO,functions/Logic.java,2024-02-29T20:21:44.761224Z
65e0e7580008f4c069f37f83,functions/Logic.java,service,cpu:=40000000  rt:=38885115,cloudfunctions,00d087f5e0fb53247b367efd3d5bd3eb6ec2079ea1f90edc419a49866437bf458cfeca444aeaa3b7daf5636b05c06cb47d5f161f950d27b45213cc036890ef6262ebf3,projects/modellearning/logs/run.googleapis.com%2Fstdout,,2024-02-29T20:21:44.824437197Z,sscartquery,northamerica-northeast1,modellearning,sscartquery-00011-jzl,sscartquery,cloud_run_revision,INFO,functions/Logic.java,2024-02-29T20:21:44.586944Z
65e0e75800020d0f85746b2d,functions/Logic.java,service,cpu:=260000000  rt:=382527766,cloudfunctions,00d087f5e0fb53247b367efd3d5bd3eb6ec2079ea1f90edc419a49866437bf458cfeca444aeaa3b7daf5636b05c06cb47d5f161f950d27b45213cc036890ef6262ebf3,projects/modellearning/logs/run.googleapis.com%2Fstdout,,2024-02-29T20:21:44.159766438Z,sscartquery,northamerica-northeast1,modellearning,sscartquery-00011-jzl,sscartquery,cloud_run_revision,INFO,functions/Logic.java,2024-02-29T20:21:44.134415Z
65e0e7580000895f6ffe8806,functions/Logic.java,service,cpu:=17170000000  rt:=283092963,cloudfunctions,00d087f5e0fb53247b367efd3d5bd3eb6ec2079ea1f90edc419a49866437bf458cfeca444aeaa3b7daf5636b05c06cb47d5f161f950d27b45213cc036890ef6262ebf3,projects/modellearning/logs/run.googleapis.com%2Fstdout,,2024-02-29T20:21:44.159766438Z,sscartquery,northamerica-northeast1,modellearning,sscartquery-00011-jzl,sscartquery,cloud_run_revision,INFO,functions/Logic.java,2024-02-29T20:21:44.035167Z
65e0e756000e41cff0f5389e,functions/Logic.java,service,cpu:=280000000  rt:=292363567,cloudfunctions,00d087f5e0508b90f669d2e778e5edb119d2cf95bbdf1d474990a4029916e734b09cb9a2fbea2793facea51d590b84a7b32d827e55698dd1314956e833b1573e692dea,projects/modellearning/logs/run.googleapis.com%2Fstdout,,2024-02-29T20:21:43.160125577Z,sscartquery,northamerica-northeast1,modellearning,sscartquery-00011-jzl,sscartquery,cloud_run_revision,INFO,functions/Logic.java,2024-02-29T20:21:42.934351Z
65e0e756000bea72f1efacdb,functions/Logic.java,service,cpu:=580000000  rt:=607943476,cloudfunctions,00d087f5e0fb53247b367efd3d5bd3eb6ec2079ea1f90edc419a49866437bf458cfeca444aeaa3b7daf5636b05c06cb47d5f161f950d27b45213cc036890ef6262ebf3,projects/modellearning/logs/run.googleapis.com%2Fstdout,,2024-02-29T20:21:42.826239922Z,sscartquery,northamerica-northeast1,modellearning,sscartquery-00011-jzl,sscartquery,cloud_run_revision,INFO,functions/Logic.java,2024-02-29T20:21:42.780914Z
65e0e75600077002d8775dc1,functions/Logic.java,service,cpu:=870000000  rt:=913041840,cloudfunctions,00d087f5e0508b90f669d2e778e5edb119d2cf95bbdf1d474990a4029916e734b09cb9a2fbea2793facea51d590b84a7b32d827e55698dd1314956e833b1573e692dea,projects/modellearning/logs/run.googleapis.com%2Fstdout,,2024-02-29T20:21:42.494218624Z,sscartquery,northamerica-northeast1,modellearning,sscartquery-00011-jzl,sscartquery,cloud_run_revision,INFO,functions/Logic.java,2024-02-29T20:21:42.487426Z
65e0e756000120ddd8e9fcdc,functions/Logic.java,service,cpu:=570000000  rt:=604556096,cloudfunctions,00d087f5e0fb53247b367efd3d5bd3eb6ec2079ea1f90edc419a49866437bf458cfeca444aeaa3b7daf5636b05c06cb47d5f161f950d27b45213cc036890ef6262ebf3,projects/modellearning/logs/run.googleapis.com%2Fstdout,,2024-02-29T20:21:42.160949133Z,sscartquery,northamerica-northeast1,modellearning,sscartquery-00011-jzl,sscartquery,cloud_run_revision,INFO,functions/Logic.java,2024-02-29T20:21:42.073949Z
65e0e75500076cd748a71953,functions/Logic.java,service,cpu:=310000000  rt:=312849460,cloudfunctions,00d087f5e025f1412d457ac9df76d9971bbb653901e64de3964b6771b432461e319b79b0f00c478208807a6c7a3fbf8874fe0596d4f63281afed598300217590a2678e,projects/modellearning/logs/run.googleapis.com%2Fstdout,,2024-02-29T20:21:41.495154181Z,sscartquery,northamerica-northeast1,modellearning,sscartquery-00011-jzl,sscartquery,cloud_run_revision,INFO,functions/Logic.java,2024-02-29T20:21:41.486615Z
65e0e75500051a6e519bfc73,functions/Logic.java,service,cpu:=3480000000  rt:=2097807252,cloudfunctions,00d087f5e0b82d4393d4a7bbb7f14727933f8b96724a91b37d40394984760349848f0c657a1b55ad143d87d15617c08a8ba76acddb65a7eb3b550a40e4aceccdfb8d33,projects/modellearning/logs/run.googleapis.com%2Fstdout,,2024-02-29T20:21:41.495154181Z,sscartquery,northamerica-northeast1,modellearning,sscartquery-00011-jzl,sscartquery,cloud_run_revision,INFO,functions/Logic.java,2024-02-29T20:21:41.334446Z
65e0e75500030522018dd75c,functions/Logic.java,service,cpu:=1120000000  rt:=1153034034,cloudfunctions,00d087f5e0fb53247b367efd3d5bd3eb6ec2079ea1f90edc419a49866437bf458cfeca444aeaa3b7daf5636b05c06cb47d5f161f950d27b45213cc036890ef6262ebf3,projects/modellearning/logs/run.googleapis.com%2Fstdout,,2024-02-29T20:21:41.495154181Z,sscartquery,northamerica-northeast1,modellearning,sscartquery-00011-jzl,sscartquery,cloud_run_revision,INFO,functions/Logic.java,2024-02-29T20:21:41.197922Z
65e0e7550000e767488272bf,functions/Logic.java,service,cpu:=70000000  rt:=71141826,cloudfunctions,00d087f5e025f1412d457ac9df76d9971bbb653901e64de3964b6771b432461e319b79b0f00c478208807a6c7a3fbf8874fe0596d4f63281afed598300217590a2678e,projects/modellearning/logs/run.googleapis.com%2Fstdout,,2024-02-29T20:21:41.162102268Z,sscartquery,northamerica-northeast1,modellearning,sscartquery-00011-jzl,sscartquery,cloud_run_revision,INFO,functions/Logic.java,2024-02-29T20:21:41.059239Z
65e0e754000e42291bf15ae7,functions/Logic.java,service,cpu:=1000000000  rt:=1697950680,cloudfunctions,00d087f5e0b82d4393d4a7bbb7f14727933f8b96724a91b37d40394984760349848f0c657a1b55ad143d87d15617c08a8ba76acddb65a7eb3b550a40e4aceccdfb8d33,projects/modellearning/logs/run.googleapis.com%2Fstdout,,2024-02-29T20:21:41.162102268Z,sscartquery,northamerica-northeast1,modellearning,sscartquery-00011-jzl,sscartquery,cloud_run_revision,INFO,functions/Logic.java,2024-02-29T20:21:40.934441Z
65e0e754000be3140e1835ef,functions/Logic.java,service,cpu:=430000000  rt:=434028306,cloudfunctions,00d087f5e0508b90f669d2e778e5edb119d2cf95bbdf1d474990a4029916e734b09cb9a2fbea2793facea51d590b84a7b32d827e55698dd1314956e833b1573e692dea,projects/modellearning/logs/run.googleapis.com%2Fstdout,,2024-02-29T20:21:40.829420735Z,sscartquery,northamerica-northeast1,modellearning,sscartquery-00011-jzl,sscartquery,cloud_run_revision,INFO,functions/Logic.java,2024-02-29T20:21:40.779028Z
65e0e7540006f0b7d915416a,functions/Logic.java,service,cpu:=1530000000  rt:=1580895567,cloudfunctions,00d087f5e025f1412d457ac9df76d9971bbb653901e64de3964b6771b432461e319b79b0f00c478208807a6c7a3fbf8874fe0596d4f63281afed598300217590a2678e,projects/modellearning/logs/run.googleapis.com%2Fstdout,,2024-02-29T20:21:40.496377967Z,sscartquery,northamerica-northeast1,modellearning,sscartquery-00011-jzl,sscartquery,cloud_run_revision,INFO,functions/Logic.java,2024-02-29T20:21:40.454839Z
65e0e754000419efc760bf93,functions/Logic.java,service,cpu:=1550000000  rt:=2368103422,cloudfunctions,00d087f5e0508b90f669d2e778e5edb119d2cf95bbdf1d474990a4029916e734b09cb9a2fbea2793facea51d590b84a7b32d827e55698dd1314956e833b1573e692dea,projects/modellearning/logs/run.googleapis.com%2Fstdout,,2024-02-29T20:21:40.496377967Z,sscartquery,northamerica-northeast1,modellearning,sscartquery-00011-jzl,sscartquery,cloud_run_revision,INFO,functions/Logic.java,2024-02-29T20:21:40.268783Z
65e0e7540003fa0583f45fb6,functions/Logic.java,service,cpu:=1140000000  rt:=1181291978,cloudfunctions,00d087f5e04921ffa2ae878763f0217abb165fe4fe9a2e8a027ba11aed30e41dbddf4fc8615626ade2ce81a05b33cc0543a90b189fc41ef2749e7ddb07fe1c9b9eae6c,projects/modellearning/logs/run.googleapis.com%2Fstdout,,2024-02-29T20:21:40.496377967Z,sscartquery,northamerica-northeast1,modellearning,sscartquery-00011-jzl,sscartquery,cloud_run_revision,INFO,functions/Logic.java,2024-02-29T20:21:40.260613Z
65e0e75400009e189cfc7309,functions/Logic.java,service,cpu:=50000000  rt:=49640938,cloudfunctions,00d087f5e0fb53247b367efd3d5bd3eb6ec2079ea1f90edc419a49866437bf458cfeca444aeaa3b7daf5636b05c06cb47d5f161f950d27b45213cc036890ef6262ebf3,projects/modellearning/logs/run.googleapis.com%2Fstdout,,2024-02-29T20:21:40.163392051Z,sscartquery,northamerica-northeast1,modellearning,sscartquery-00011-jzl,sscartquery,cloud_run_revision,INFO,functions/Logic.java,2024-02-29T20:21:40.040472Z
65e0e753000ee1581f5a7a2f,functions/Logic.java,service,cpu:=250000000  rt:=264704771,cloudfunctions,00d087f5e0fb53247b367efd3d5bd3eb6ec2079ea1f90edc419a49866437bf458cfeca444aeaa3b7daf5636b05c06cb47d5f161f950d27b45213cc036890ef6262ebf3,projects/modellearning/logs/run.googleapis.com%2Fstdout,,2024-02-29T20:21:40.163392051Z,sscartquery,northamerica-northeast1,modellearning,sscartquery-00011-jzl,sscartquery,cloud_run_revision,INFO,functions/Logic.java,2024-02-29T20:21:39.975192Z
65e0e753000ea3d57d70f987,functions/Logic.java,service,cpu:=6660000000  rt:=2059112483,cloudfunctions,00d087f5e0508b90f669d2e778e5edb119d2cf95bbdf1d474990a4029916e734b09cb9a2fbea2793facea51d590b84a7b32d827e55698dd1314956e833b1573e692dea,projects/modellearning/logs/run.googleapis.com%2Fstdout,,2024-02-29T20:21:40.163392051Z,sscartquery,northamerica-northeast1,modellearning,sscartquery-00011-jzl,sscartquery,cloud_run_revision,INFO,functions/Logic.java,2024-02-29T20:21:39.959445Z
65e0e753000ac560f028fde0,functions/Logic.java,service,cpu:=2450000000  rt:=2506523967,cloudfunctions,00d087f5e0fb53247b367efd3d5bd3eb6ec2079ea1f90edc419a49866437bf458cfeca444aeaa3b7daf5636b05c06cb47d5f161f950d27b45213cc036890ef6262ebf3,projects/modellearning/logs/run.googleapis.com%2Fstdout,,2024-02-29T20:21:39.828012878Z,sscartquery,northamerica-northeast1,modellearning,sscartquery-00011-jzl,sscartquery,cloud_run_revision,INFO,functions/Logic.java,2024-02-29T20:21:39.705888Z
65e0e752000be050a599fc3c,functions/Logic.java,service,cpu:=2270000000  rt:=2321491000,cloudfunctions,00d087f5e04921ffa2ae878763f0217abb165fe4fe9a2e8a027ba11aed30e41dbddf4fc8615626ade2ce81a05b33cc0543a90b189fc41ef2749e7ddb07fe1c9b9eae6c,projects/modellearning/logs/run.googleapis.com%2Fstdout,,2024-02-29T20:21:38.830084860Z,sscartquery,northamerica-northeast1,modellearning,sscartquery-00011-jzl,sscartquery,cloud_run_revision,INFO,functions/Logic.java,2024-02-29T20:21:38.778320Z
65e0e75200087fe504d4b7a8,functions/Logic.java,service,cpu:=3400000000  rt:=1022032401,cloudfunctions,00d087f5e025f1412d457ac9df76d9971bbb653901e64de3964b6771b432461e319b79b0f00c478208807a6c7a3fbf8874fe0596d4f63281afed598300217590a2678e,projects/modellearning/logs/run.googleapis.com%2Fstdout,,2024-02-29T20:21:38.830084860Z,sscartquery,northamerica-northeast1,modellearning,sscartquery-00011-jzl,sscartquery,cloud_run_revision,INFO,functions/Logic.java,2024-02-29T20:21:38.557029Z
65e0e7520005546af11c09af,functions/Logic.java,service,cpu:=-910000000  rt:=28123403,cloudfunctions,00d087f5e0b82d4393d4a7bbb7f14727933f8b96724a91b37d40394984760349848f0c657a1b55ad143d87d15617c08a8ba76acddb65a7eb3b550a40e4aceccdfb8d33,projects/modellearning/logs/run.googleapis.com%2Fstdout,,2024-02-29T20:21:38.495892386Z,sscartquery,northamerica-northeast1,modellearning,sscartquery-00011-jzl,sscartquery,cloud_run_revision,INFO,functions/Logic.java,2024-02-29T20:21:38.349290Z
65e0e75200024779ae82a4b7,functions/Logic.java,service,cpu:=280000000  rt:=614263405,cloudfunctions,00d087f5e025f1412d457ac9df76d9971bbb653901e64de3964b6771b432461e319b79b0f00c478208807a6c7a3fbf8874fe0596d4f63281afed598300217590a2678e,projects/modellearning/logs/run.googleapis.com%2Fstdout,,2024-02-29T20:21:38.164566573Z,sscartquery,northamerica-northeast1,modellearning,sscartquery-00011-jzl,sscartquery,cloud_run_revision,INFO,functions/Logic.java,2024-02-29T20:21:38.149369Z
65e0e7510002188700057eea,functions/Logic.java,service,cpu:=750000000  rt:=807964256,cloudfunctions,00d087f5e0508b90f669d2e778e5edb119d2cf95bbdf1d474990a4029916e734b09cb9a2fbea2793facea51d590b84a7b32d827e55698dd1314956e833b1573e692dea,projects/modellearning/logs/run.googleapis.com%2Fstdout,,2024-02-29T20:21:37.164092542Z,sscartquery,northamerica-northeast1,modellearning,sscartquery-00011-jzl,sscartquery,cloud_run_revision,INFO,functions/Logic.java,2024-02-29T20:21:37.137351Z
65e0e75100013863e9a36ff1,functions/Logic.java,service,cpu:=160000000  rt:=160543699,cloudfunctions,00d087f5e0fb53247b367efd3d5bd3eb6ec2079ea1f90edc419a49866437bf458cfeca444aeaa3b7daf5636b05c06cb47d5f161f950d27b45213cc036890ef6262ebf3,projects/modellearning/logs/run.googleapis.com%2Fstdout,,2024-02-29T20:21:37.164092542Z,sscartquery,northamerica-northeast1,modellearning,sscartquery-00011-jzl,sscartquery,cloud_run_revision,INFO,functions/Logic.java,2024-02-29T20:21:37.079971Z
65e0e750000a44549f9fbe57,functions/Logic.java,service,cpu:=-4660000000  rt:=1605521998,cloudfunctions,00d087f5e0fb53247b367efd3d5bd3eb6ec2079ea1f90edc419a49866437bf458cfeca444aeaa3b7daf5636b05c06cb47d5f161f950d27b45213cc036890ef6262ebf3,projects/modellearning/logs/run.googleapis.com%2Fstdout,,2024-02-29T20:21:36.830827551Z,sscartquery,northamerica-northeast1,modellearning,sscartquery-00011-jzl,sscartquery,cloud_run_revision,INFO,functions/Logic.java,2024-02-29T20:21:36.672852Z
65e0e7500000e0f76a0773b9,functions/Logic.java,service,cpu:=590000000  rt:=989990674,cloudfunctions,00d087f5e0fb53247b367efd3d5bd3eb6ec2079ea1f90edc419a49866437bf458cfeca444aeaa3b7daf5636b05c06cb47d5f161f950d27b45213cc036890ef6262ebf3,projects/modellearning/logs/run.googleapis.com%2Fstdout,,2024-02-29T20:21:36.165724803Z,sscartquery,northamerica-northeast1,modellearning,sscartquery-00011-jzl,sscartquery,cloud_run_revision,INFO,functions/Logic.java,2024-02-29T20:21:36.057591Z
65e0e74e00014c5cbed9dbdd,functions/Logic.java,service,cpu:=1090000000  rt:=1137258014,cloudfunctions,00d087f5e0508b90f669d2e778e5edb119d2cf95bbdf1d474990a4029916e734b09cb9a2fbea2793facea51d590b84a7b32d827e55698dd1314956e833b1573e692dea,projects/modellearning/logs/run.googleapis.com%2Fstdout,,2024-02-29T20:21:34.167773271Z,sscartquery,northamerica-northeast1,modellearning,sscartquery-00011-jzl,sscartquery,cloud_run_revision,INFO,functions/Logic.java,2024-02-29T20:21:34.085084Z
65e0e74d000d9d52c6a7ed1c,functions/Logic.java,service,cpu:=210000000  rt:=215704697,cloudfunctions,00d087f5e0fb53247b367efd3d5bd3eb6ec2079ea1f90edc419a49866437bf458cfeca444aeaa3b7daf5636b05c06cb47d5f161f950d27b45213cc036890ef6262ebf3,projects/modellearning/logs/run.googleapis.com%2Fstdout,,2024-02-29T20:21:34.167773271Z,sscartquery,northamerica-northeast1,modellearning,sscartquery-00011-jzl,sscartquery,cloud_run_revision,INFO,functions/Logic.java,2024-02-29T20:21:33.892242Z
65e0e74d0008c3973409dc5d,functions/Logic.java,service,cpu:=200000000  rt:=202838886,cloudfunctions,00d087f5e0fb53247b367efd3d5bd3eb6ec2079ea1f90edc419a49866437bf458cfeca444aeaa3b7daf5636b05c06cb47d5f161f950d27b45213cc036890ef6262ebf3,projects/modellearning/logs/run.googleapis.com%2Fstdout,,2024-02-29T20:21:33.835029638Z,sscartquery,northamerica-northeast1,modellearning,sscartquery-00011-jzl,sscartquery,cloud_run_revision,INFO,functions/Logic.java,2024-02-29T20:21:33.574359Z
65e0e74d00008be1cdcc03c5,functions/Logic.java,service,cpu:=1870000000  rt:=1935862523,cloudfunctions,00d087f5e025f1412d457ac9df76d9971bbb653901e64de3964b6771b432461e319b79b0f00c478208807a6c7a3fbf8874fe0596d4f63281afed598300217590a2678e,projects/modellearning/logs/run.googleapis.com%2Fstdout,,2024-02-29T20:21:33.169234254Z,sscartquery,northamerica-northeast1,modellearning,sscartquery-00011-jzl,sscartquery,cloud_run_revision,INFO,functions/Logic.java,2024-02-29T20:21:33.035809Z
65e0e74c000f09f5e287e4b0,functions/Logic.java,service,cpu:=-3920000000  rt:=3216313450,cloudfunctions,00d087f5e0fb53247b367efd3d5bd3eb6ec2079ea1f90edc419a49866437bf458cfeca444aeaa3b7daf5636b05c06cb47d5f161f950d27b45213cc036890ef6262ebf3,projects/modellearning/logs/run.googleapis.com%2Fstdout,,2024-02-29T20:21:33.169234254Z,sscartquery,northamerica-northeast1,modellearning,sscartquery-00011-jzl,sscartquery,cloud_run_revision,INFO,functions/Logic.java,2024-02-29T20:21:32.985589Z
65e0e74c00086f7be6b20d06,functions/Logic.java,service,cpu:=1020000000  rt:=2783487100,cloudfunctions,00d087f5e0fb53247b367efd3d5bd3eb6ec2079ea1f90edc419a49866437bf458cfeca444aeaa3b7daf5636b05c06cb47d5f161f950d27b45213cc036890ef6262ebf3,projects/modellearning/logs/run.googleapis.com%2Fstdout,,2024-02-29T20:21:32.835986988Z,sscartquery,northamerica-northeast1,modellearning,sscartquery-00011-jzl,sscartquery,cloud_run_revision,INFO,functions/Logic.java,2024-02-29T20:21:32.552827Z
65e0e74c000749bf35308fd5,functions/Logic.java,service,cpu:=5960000000  rt:=2708274871,cloudfunctions,00d087f5e0fb53247b367efd3d5bd3eb6ec2079ea1f90edc419a49866437bf458cfeca444aeaa3b7daf5636b05c06cb47d5f161f950d27b45213cc036890ef6262ebf3,projects/modellearning/logs/run.googleapis.com%2Fstdout,,2024-02-29T20:21:32.502460224Z,sscartquery,northamerica-northeast1,modellearning,sscartquery-00011-jzl,sscartquery,cloud_run_revision,INFO,functions/Logic.java,2024-02-29T20:21:32.477631Z
65e0e74c000210d2267627b1,functions/Logic.java,service,cpu:=120000000  rt:=121447930,cloudfunctions,00d087f5e04921ffa2ae878763f0217abb165fe4fe9a2e8a027ba11aed30e41dbddf4fc8615626ade2ce81a05b33cc0543a90b189fc41ef2749e7ddb07fe1c9b9eae6c,projects/modellearning/logs/run.googleapis.com%2Fstdout,,2024-02-29T20:21:32.169776223Z,sscartquery,northamerica-northeast1,modellearning,sscartquery-00011-jzl,sscartquery,cloud_run_revision,INFO,functions/Logic.java,2024-02-29T20:21:32.135378Z
65e0e74c0001792ab15ee0a7,functions/Logic.java,service,cpu:=920000000  rt:=996076152,cloudfunctions,00d087f5e0508b90f669d2e778e5edb119d2cf95bbdf1d474990a4029916e734b09cb9a2fbea2793facea51d590b84a7b32d827e55698dd1314956e833b1573e692dea,projects/modellearning/logs/run.googleapis.com%2Fstdout,,2024-02-29T20:21:32.169776223Z,sscartquery,northamerica-northeast1,modellearning,sscartquery-00011-jzl,sscartquery,cloud_run_revision,INFO,functions/Logic.java,2024-02-29T20:21:32.096554Z
65e0e74b000e9161191a24d6,functions/Logic.java,service,cpu:=420000000  rt:=519143837,cloudfunctions,00d087f5e0b82d4393d4a7bbb7f14727933f8b96724a91b37d40394984760349848f0c657a1b55ad143d87d15617c08a8ba76acddb65a7eb3b550a40e4aceccdfb8d33,projects/modellearning/logs/run.googleapis.com%2Fstdout,,2024-02-29T20:21:32.169776223Z,sscartquery,northamerica-northeast1,modellearning,sscartquery-00011-jzl,sscartquery,cloud_run_revision,INFO,functions/Logic.java,2024-02-29T20:21:31.954721Z
65e0e74b000b36008a776c2f,functions/Logic.java,service,cpu:=-3570000000  rt:=299244632,cloudfunctions,00d087f5e0b82d4393d4a7bbb7f14727933f8b96724a91b37d40394984760349848f0c657a1b55ad143d87d15617c08a8ba76acddb65a7eb3b550a40e4aceccdfb8d33,projects/modellearning/logs/run.googleapis.com%2Fstdout,,2024-02-29T20:21:31.836390255Z,sscartquery,northamerica-northeast1,modellearning,sscartquery-00011-jzl,sscartquery,cloud_run_revision,INFO,functions/Logic.java,2024-02-29T20:21:31.734720Z
65e0e74b0009d92cb834e311,functions/Logic.java,service,cpu:=1060000000  rt:=1685461759,cloudfunctions,00d087f5e04921ffa2ae878763f0217abb165fe4fe9a2e8a027ba11aed30e41dbddf4fc8615626ade2ce81a05b33cc0543a90b189fc41ef2749e7ddb07fe1c9b9eae6c,projects/modellearning/logs/run.googleapis.com%2Fstdout,,2024-02-29T20:21:31.836390255Z,sscartquery,northamerica-northeast1,modellearning,sscartquery-00011-jzl,sscartquery,cloud_run_revision,INFO,functions/Logic.java,2024-02-29T20:21:31.645420Z
65e0e74b0003c9e9fc602f6c,functions/Logic.java,service,cpu:=2730000000  rt:=1288612243,cloudfunctions,00d087f5e04921ffa2ae878763f0217abb165fe4fe9a2e8a027ba11aed30e41dbddf4fc8615626ade2ce81a05b33cc0543a90b189fc41ef2749e7ddb07fe1c9b9eae6c,projects/modellearning/logs/run.googleapis.com%2Fstdout,,2024-02-29T20:21:31.503781125Z,sscartquery,northamerica-northeast1,modellearning,sscartquery-00011-jzl,sscartquery,cloud_run_revision,INFO,functions/Logic.java,2024-02-29T20:21:31.248297Z
65e0e74a00094023e9e83f5d,functions/Logic.java,service,cpu:=2340000000  rt:=2444342171,cloudfunctions,00d087f5e025f1412d457ac9df76d9971bbb653901e64de3964b6771b432461e319b79b0f00c478208807a6c7a3fbf8874fe0596d4f63281afed598300217590a2678e,projects/modellearning/logs/run.googleapis.com%2Fstdout,,2024-02-29T20:21:30.837773982Z,sscartquery,northamerica-northeast1,modellearning,sscartquery-00011-jzl,sscartquery,cloud_run_revision,INFO,functions/Logic.java,2024-02-29T20:21:30.606243Z
65e0e74a0008e2234e7c8745,functions/Logic.java,service,cpu:=610000000  rt:=635635172,cloudfunctions,00d087f5e0508b90f669d2e778e5edb119d2cf95bbdf1d474990a4029916e734b09cb9a2fbea2793facea51d590b84a7b32d827e55698dd1314956e833b1573e692dea,projects/modellearning/logs/run.googleapis.com%2Fstdout,,2024-02-29T20:21:30.837773982Z,sscartquery,northamerica-northeast1,modellearning,sscartquery-00011-jzl,sscartquery,cloud_run_revision,INFO,functions/Logic.java,2024-02-29T20:21:30.582179Z
65e0e74900051f8d1e197e18,functions/Logic.java,service,cpu:=4300000000  rt:=2351039416,cloudfunctions,00d087f5e0508b90f669d2e778e5edb119d2cf95bbdf1d474990a4029916e734b09cb9a2fbea2793facea51d590b84a7b32d827e55698dd1314956e833b1573e692dea,projects/modellearning/logs/run.googleapis.com%2Fstdout,,2024-02-29T20:21:29.506081992Z,sscartquery,northamerica-northeast1,modellearning,sscartquery-00011-jzl,sscartquery,cloud_run_revision,INFO,functions/Logic.java,2024-02-29T20:21:29.335757Z
65e0e7480009ae920cbbb29b,functions/Logic.java,service,cpu:=960000000  rt:=1649833922,cloudfunctions,00d087f5e0508b90f669d2e778e5edb119d2cf95bbdf1d474990a4029916e734b09cb9a2fbea2793facea51d590b84a7b32d827e55698dd1314956e833b1573e692dea,projects/modellearning/logs/run.googleapis.com%2Fstdout,,2024-02-29T20:21:28.838562267Z,sscartquery,northamerica-northeast1,modellearning,sscartquery-00011-jzl,sscartquery,cloud_run_revision,INFO,functions/Logic.java,2024-02-29T20:21:28.634514Z
65e0e7480009ae4ca88a76d6,functions/Logic.java,service,cpu:=60000000  rt:=76025628,cloudfunctions,00d087f5e0fb53247b367efd3d5bd3eb6ec2079ea1f90edc419a49866437bf458cfeca444aeaa3b7daf5636b05c06cb47d5f161f950d27b45213cc036890ef6262ebf3,projects/modellearning/logs/run.googleapis.com%2Fstdout,,2024-02-29T20:21:28.838562267Z,sscartquery,northamerica-northeast1,modellearning,sscartquery-00011-jzl,sscartquery,cloud_run_revision,INFO,functions/Logic.java,2024-02-29T20:21:28.634444Z
65e0e748000787df07a39513,functions/Logic.java,service,cpu:=190000000  rt:=310549573,cloudfunctions,00d087f5e04921ffa2ae878763f0217abb165fe4fe9a2e8a027ba11aed30e41dbddf4fc8615626ade2ce81a05b33cc0543a90b189fc41ef2749e7ddb07fe1c9b9eae6c,projects/modellearning/logs/run.googleapis.com%2Fstdout,,2024-02-29T20:21:28.506455817Z,sscartquery,northamerica-northeast1,modellearning,sscartquery-00011-jzl,sscartquery,cloud_run_revision,INFO,functions/Logic.java,2024-02-29T20:21:28.493535Z
65e0e748000557222fba993b,functions/Logic.java,service,cpu:=-1750000000  rt:=167009094,cloudfunctions,00d087f5e04921ffa2ae878763f0217abb165fe4fe9a2e8a027ba11aed30e41dbddf4fc8615626ade2ce81a05b33cc0543a90b189fc41ef2749e7ddb07fe1c9b9eae6c,projects/modellearning/logs/run.googleapis.com%2Fstdout,,2024-02-29T20:21:28.506455817Z,sscartquery,northamerica-northeast1,modellearning,sscartquery-00011-jzl,sscartquery,cloud_run_revision,INFO,functions/Logic.java,2024-02-29T20:21:28.349986Z
65e0e747000c587995a12015,functions/Logic.java,service,cpu:=2740000000  rt:=2939162428,cloudfunctions,00d087f5e025f1412d457ac9df76d9971bbb653901e64de3964b6771b432461e319b79b0f00c478208807a6c7a3fbf8874fe0596d4f63281afed598300217590a2678e,projects/modellearning/logs/run.googleapis.com%2Fstdout,,2024-02-29T20:21:27.841025836Z,sscartquery,northamerica-northeast1,modellearning,sscartquery-00011-jzl,sscartquery,cloud_run_revision,INFO,functions/Logic.java,2024-02-29T20:21:27.809081Z
65e0e747000b993178531650,functions/Logic.java,service,cpu:=840000000  rt:=881252688,cloudfunctions,00d087f5e0fb53247b367efd3d5bd3eb6ec2079ea1f90edc419a49866437bf458cfeca444aeaa3b7daf5636b05c06cb47d5f161f950d27b45213cc036890ef6262ebf3,projects/modellearning/logs/run.googleapis.com%2Fstdout,,2024-02-29T20:21:27.841025836Z,sscartquery,northamerica-northeast1,modellearning,sscartquery-00011-jzl,sscartquery,cloud_run_revision,INFO,functions/Logic.java,2024-02-29T20:21:27.760113Z
65e0e7460009af7c32cf972e,functions/Logic.java,service,cpu:=490000000  rt:=524579637,cloudfunctions,00d087f5e0fb53247b367efd3d5bd3eb6ec2079ea1f90edc419a49866437bf458cfeca444aeaa3b7daf5636b05c06cb47d5f161f950d27b45213cc036890ef6262ebf3,projects/modellearning/logs/run.googleapis.com%2Fstdout,,2024-02-29T20:21:26.841303069Z,sscartquery,northamerica-northeast1,modellearning,sscartquery-00011-jzl,sscartquery,cloud_run_revision,INFO,functions/Logic.java,2024-02-29T20:21:26.634748Z
65e0e7460000c8f7028795a9,functions/Logic.java,service,cpu:=750000000  rt:=768390488,cloudfunctions,00d087f5e0508b90f669d2e778e5edb119d2cf95bbdf1d474990a4029916e734b09cb9a2fbea2793facea51d590b84a7b32d827e55698dd1314956e833b1573e692dea,projects/modellearning/logs/run.googleapis.com%2Fstdout,,2024-02-29T20:21:26.174362581Z,sscartquery,northamerica-northeast1,modellearning,sscartquery-00011-jzl,sscartquery,cloud_run_revision,INFO,functions/Logic.java,2024-02-29T20:21:26.051447Z
65e0e746000015e60cdfacf9,functions/Logic.java,service,cpu:=2910000000  rt:=3063460553,cloudfunctions,00d087f5e0fb53247b367efd3d5bd3eb6ec2079ea1f90edc419a49866437bf458cfeca444aeaa3b7daf5636b05c06cb47d5f161f950d27b45213cc036890ef6262ebf3,projects/modellearning/logs/run.googleapis.com%2Fstdout,,2024-02-29T20:21:26.174362581Z,sscartquery,northamerica-northeast1,modellearning,sscartquery-00011-jzl,sscartquery,cloud_run_revision,INFO,functions/Logic.java,2024-02-29T20:21:26.005606Z
65e0e744000cbc12e5196558,functions/Logic.java,service,cpu:=1590000000  rt:=1661462100,cloudfunctions,00d087f5e025f1412d457ac9df76d9971bbb653901e64de3964b6771b432461e319b79b0f00c478208807a6c7a3fbf8874fe0596d4f63281afed598300217590a2678e,projects/modellearning/logs/run.googleapis.com%2Fstdout,,2024-02-29T20:21:24.843290554Z,sscartquery,northamerica-northeast1,modellearning,sscartquery-00011-jzl,sscartquery,cloud_run_revision,INFO,functions/Logic.java,2024-02-29T20:21:24.834578Z
65e0e743000d651a7ba49fb9,functions/Logic.java,service,cpu:=220000000  rt:=215781028,cloudfunctions,00d087f5e0508b90f669d2e778e5edb119d2cf95bbdf1d474990a4029916e734b09cb9a2fbea2793facea51d590b84a7b32d827e55698dd1314956e833b1573e692dea,projects/modellearning/logs/run.googleapis.com%2Fstdout,,2024-02-29T20:21:24.177841662Z,sscartquery,northamerica-northeast1,modellearning,sscartquery-00011-jzl,sscartquery,cloud_run_revision,INFO,functions/Logic.java,2024-02-29T20:21:23.877850Z
65e0e74300077eec9f33d06d,functions/Logic.java,service,cpu:=190000000  rt:=186182548,cloudfunctions,00d087f5e0508b90f669d2e778e5edb119d2cf95bbdf1d474990a4029916e734b09cb9a2fbea2793facea51d590b84a7b32d827e55698dd1314956e833b1573e692dea,projects/modellearning/logs/run.googleapis.com%2Fstdout,,2024-02-29T20:21:23.510241658Z,sscartquery,northamerica-northeast1,modellearning,sscartquery-00011-jzl,sscartquery,cloud_run_revision,INFO,functions/Logic.java,2024-02-29T20:21:23.491244Z
65e0e74300025d7c14d8e077,functions/Logic.java,service,cpu:=150000000  rt:=166303625,cloudfunctions,00d087f5e025f1412d457ac9df76d9971bbb653901e64de3964b6771b432461e319b79b0f00c478208807a6c7a3fbf8874fe0596d4f63281afed598300217590a2678e,projects/modellearning/logs/run.googleapis.com%2Fstdout,,2024-02-29T20:21:23.178272372Z,sscartquery,northamerica-northeast1,modellearning,sscartquery-00011-jzl,sscartquery,cloud_run_revision,INFO,functions/Logic.java,2024-02-29T20:21:23.155004Z
65e0e742000eddd6dcdf3fe9,functions/Logic.java,service,cpu:=-3030000000  rt:=31595351,cloudfunctions,00d087f5e0fb53247b367efd3d5bd3eb6ec2079ea1f90edc419a49866437bf458cfeca444aeaa3b7daf5636b05c06cb47d5f161f950d27b45213cc036890ef6262ebf3,projects/modellearning/logs/run.googleapis.com%2Fstdout,,2024-02-29T20:21:23.178272372Z,sscartquery,northamerica-northeast1,modellearning,sscartquery-00011-jzl,sscartquery,cloud_run_revision,INFO,functions/Logic.java,2024-02-29T20:21:22.974294Z
65e0e7410005ac2bc52536e6,functions/Logic.java,service,cpu:=1550000000  rt:=1587226864,cloudfunctions,00d087f5e025f1412d457ac9df76d9971bbb653901e64de3964b6771b432461e319b79b0f00c478208807a6c7a3fbf8874fe0596d4f63281afed598300217590a2678e,projects/modellearning/logs/run.googleapis.com%2Fstdout,,2024-02-29T20:21:21.513694744Z,sscartquery,northamerica-northeast1,modellearning,sscartquery-00011-jzl,sscartquery,cloud_run_revision,INFO,functions/Logic.java,2024-02-29T20:21:21.371755Z
65e0e7410004344b53a3944f,functions/Logic.java,service,cpu:=270000000  rt:=344948857,cloudfunctions,00d087f5e0fb53247b367efd3d5bd3eb6ec2079ea1f90edc419a49866437bf458cfeca444aeaa3b7daf5636b05c06cb47d5f161f950d27b45213cc036890ef6262ebf3,projects/modellearning/logs/run.googleapis.com%2Fstdout,,2024-02-29T20:21:21.513694744Z,sscartquery,northamerica-northeast1,modellearning,sscartquery-00011-jzl,sscartquery,cloud_run_revision,INFO,functions/Logic.java,2024-02-29T20:21:21.275531Z
65e0e74100020dfada4f8b5f,functions/Logic.java,service,cpu:=-7480000000  rt:=204059056,cloudfunctions,00d087f5e0fb53247b367efd3d5bd3eb6ec2079ea1f90edc419a49866437bf458cfeca444aeaa3b7daf5636b05c06cb47d5f161f950d27b45213cc036890ef6262ebf3,projects/modellearning/logs/run.googleapis.com%2Fstdout,,2024-02-29T20:21:21.179969493Z,sscartquery,northamerica-northeast1,modellearning,sscartquery-00011-jzl,sscartquery,cloud_run_revision,INFO,functions/Logic.java,2024-02-29T20:21:21.134650Z
65e0e740000d10def02f463d,functions/Logic.java,service,cpu:=1340000000  rt:=1367997059,cloudfunctions,00d087f5e0fb53247b367efd3d5bd3eb6ec2079ea1f90edc419a49866437bf458cfeca444aeaa3b7daf5636b05c06cb47d5f161f950d27b45213cc036890ef6262ebf3,projects/modellearning/logs/run.googleapis.com%2Fstdout,,2024-02-29T20:21:21.179969493Z,sscartquery,northamerica-northeast1,modellearning,sscartquery-00011-jzl,sscartquery,cloud_run_revision,INFO,functions/Logic.java,2024-02-29T20:21:20.856286Z
65e0e73f000b798673c4ce90,functions/Logic.java,service,cpu:=190000000  rt:=196889495,cloudfunctions,00d087f5e025f1412d457ac9df76d9971bbb653901e64de3964b6771b432461e319b79b0f00c478208807a6c7a3fbf8874fe0596d4f63281afed598300217590a2678e,projects/modellearning/logs/run.googleapis.com%2Fstdout,,2024-02-29T20:21:19.847853960Z,sscartquery,northamerica-northeast1,modellearning,sscartquery-00011-jzl,sscartquery,cloud_run_revision,INFO,functions/Logic.java,2024-02-29T20:21:19.752006Z
65e0e73f000178f97e02b2d8,functions/Logic.java,service,cpu:=220000000  rt:=222277071,cloudfunctions,00d087f5e0fb53247b367efd3d5bd3eb6ec2079ea1f90edc419a49866437bf458cfeca444aeaa3b7daf5636b05c06cb47d5f161f950d27b45213cc036890ef6262ebf3,projects/modellearning/logs/run.googleapis.com%2Fstdout,,2024-02-29T20:21:19.181901149Z,sscartquery,northamerica-northeast1,modellearning,sscartquery-00011-jzl,sscartquery,cloud_run_revision,INFO,functions/Logic.java,2024-02-29T20:21:19.096505Z
65e0e73e000c51f576574128,functions/Logic.java,service,cpu:=320000000  rt:=338031739,cloudfunctions,00d087f5e0fb53247b367efd3d5bd3eb6ec2079ea1f90edc419a49866437bf458cfeca444aeaa3b7daf5636b05c06cb47d5f161f950d27b45213cc036890ef6262ebf3,projects/modellearning/logs/run.googleapis.com%2Fstdout,,2024-02-29T20:21:18.848676249Z,sscartquery,northamerica-northeast1,modellearning,sscartquery-00011-jzl,sscartquery,cloud_run_revision,INFO,functions/Logic.java,2024-02-29T20:21:18.807413Z
65e0e73e00041f8c07e46835,functions/Logic.java,service,cpu:=1250000000  rt:=1303392896,cloudfunctions,00d087f5e0fb53247b367efd3d5bd3eb6ec2079ea1f90edc419a49866437bf458cfeca444aeaa3b7daf5636b05c06cb47d5f161f950d27b45213cc036890ef6262ebf3,projects/modellearning/logs/run.googleapis.com%2Fstdout,,2024-02-29T20:21:18.515845192Z,sscartquery,northamerica-northeast1,modellearning,sscartquery-00011-jzl,sscartquery,cloud_run_revision,INFO,functions/Logic.java,2024-02-29T20:21:18.270220Z
65e0e73e000014cacbfb474c,functions/Logic.java,service,cpu:=2200000000  rt:=2294336686,cloudfunctions,00d087f5e0508b90f669d2e778e5edb119d2cf95bbdf1d474990a4029916e734b09cb9a2fbea2793facea51d590b84a7b32d827e55698dd1314956e833b1573e692dea,projects/modellearning/logs/run.googleapis.com%2Fstdout,,2024-02-29T20:21:18.182937507Z,sscartquery,northamerica-northeast1,modellearning,sscartquery-00011-jzl,sscartquery,cloud_run_revision,INFO,functions/Logic.java,2024-02-29T20:21:18.005322Z
65e0e73d0007876fdad06c4f,functions/Logic.java,service,cpu:=200000000  rt:=202678972,cloudfunctions,00d087f5e025f1412d457ac9df76d9971bbb653901e64de3964b6771b432461e319b79b0f00c478208807a6c7a3fbf8874fe0596d4f63281afed598300217590a2678e,projects/modellearning/logs/run.googleapis.com%2Fstdout,,2024-02-29T20:21:17.517555590Z,sscartquery,northamerica-northeast1,modellearning,sscartquery-00011-jzl,sscartquery,cloud_run_revision,INFO,functions/Logic.java,2024-02-29T20:21:17.493423Z
65e0e73d00074f27ddee6720,functions/Logic.java,service,cpu:=-2360000000  rt:=1395611161,cloudfunctions,00d087f5e0b82d4393d4a7bbb7f14727933f8b96724a91b37d40394984760349848f0c657a1b55ad143d87d15617c08a8ba76acddb65a7eb3b550a40e4aceccdfb8d33,projects/modellearning/logs/run.googleapis.com%2Fstdout,,2024-02-29T20:21:17.517555590Z,sscartquery,northamerica-northeast1,modellearning,sscartquery-00011-jzl,sscartquery,cloud_run_revision,INFO,functions/Logic.java,2024-02-29T20:21:17.479015Z
65e0e73c000b3e9eb488d4e7,functions/Logic.java,service,cpu:=1450000000  rt:=1473897894,cloudfunctions,00d087f5e025f1412d457ac9df76d9971bbb653901e64de3964b6771b432461e319b79b0f00c478208807a6c7a3fbf8874fe0596d4f63281afed598300217590a2678e,projects/modellearning/logs/run.googleapis.com%2Fstdout,,2024-02-29T20:21:16.852111958Z,sscartquery,northamerica-northeast1,modellearning,sscartquery-00011-jzl,sscartquery,cloud_run_revision,INFO,functions/Logic.java,2024-02-29T20:21:16.736926Z
65e0e73c000b356c99ffa23b,functions/Logic.java,service,cpu:=330000000  rt:=650814560,cloudfunctions,00d087f5e0b82d4393d4a7bbb7f14727933f8b96724a91b37d40394984760349848f0c657a1b55ad143d87d15617c08a8ba76acddb65a7eb3b550a40e4aceccdfb8d33,projects/modellearning/logs/run.googleapis.com%2Fstdout,,2024-02-29T20:21:16.852111958Z,sscartquery,northamerica-northeast1,modellearning,sscartquery-00011-jzl,sscartquery,cloud_run_revision,INFO,functions/Logic.java,2024-02-29T20:21:16.734572Z
65e0e73c00082745021f905e,functions/Logic.java,service,cpu:=4240000000  rt:=5395199297,cloudfunctions,00d087f5e0fb53247b367efd3d5bd3eb6ec2079ea1f90edc419a49866437bf458cfeca444aeaa3b7daf5636b05c06cb47d5f161f950d27b45213cc036890ef6262ebf3,projects/modellearning/logs/run.googleapis.com%2Fstdout,,2024-02-29T20:21:16.852111958Z,sscartquery,northamerica-northeast1,modellearning,sscartquery-00011-jzl,sscartquery,cloud_run_revision,INFO,functions/Logic.java,2024-02-29T20:21:16.534341Z
65e0e73c00020e33faded2a3,functions/Logic.java,service,cpu:=1360000000  rt:=1396936382,cloudfunctions,00d087f5e04921ffa2ae878763f0217abb165fe4fe9a2e8a027ba11aed30e41dbddf4fc8615626ade2ce81a05b33cc0543a90b189fc41ef2749e7ddb07fe1c9b9eae6c,projects/modellearning/logs/run.googleapis.com%2Fstdout,,2024-02-29T20:21:16.184780204Z,sscartquery,northamerica-northeast1,modellearning,sscartquery-00011-jzl,sscartquery,cloud_run_revision,INFO,functions/Logic.java,2024-02-29T20:21:16.134707Z
65e0e73b000528a1e3fe9cde,functions/Logic.java,service,cpu:=2140000000  rt:=2262532304,cloudfunctions,00d087f5e0508b90f669d2e778e5edb119d2cf95bbdf1d474990a4029916e734b09cb9a2fbea2793facea51d590b84a7b32d827e55698dd1314956e833b1573e692dea,projects/modellearning/logs/run.googleapis.com%2Fstdout,,2024-02-29T20:21:15.519074778Z,sscartquery,northamerica-northeast1,modellearning,sscartquery-00011-jzl,sscartquery,cloud_run_revision,INFO,functions/Logic.java,2024-02-29T20:21:15.338081Z
65e0e73b000192166ed80dd6,functions/Logic.java,service,cpu:=510000000  rt:=533439830,cloudfunctions,00d087f5e025f1412d457ac9df76d9971bbb653901e64de3964b6771b432461e319b79b0f00c478208807a6c7a3fbf8874fe0596d4f63281afed598300217590a2678e,projects/modellearning/logs/run.googleapis.com%2Fstdout,,2024-02-29T20:21:15.185554563Z,sscartquery,northamerica-northeast1,modellearning,sscartquery-00011-jzl,sscartquery,cloud_run_revision,INFO,functions/Logic.java,2024-02-29T20:21:15.102934Z
65e0e73a000787badfd7a95c,functions/Logic.java,service,cpu:=1410000000  rt:=1467049841,cloudfunctions,00d087f5e04921ffa2ae878763f0217abb165fe4fe9a2e8a027ba11aed30e41dbddf4fc8615626ade2ce81a05b33cc0543a90b189fc41ef2749e7ddb07fe1c9b9eae6c,projects/modellearning/logs/run.googleapis.com%2Fstdout,,2024-02-29T20:21:14.519599037Z,sscartquery,northamerica-northeast1,modellearning,sscartquery-00011-jzl,sscartquery,cloud_run_revision,INFO,functions/Logic.java,2024-02-29T20:21:14.493498Z
65e0e7390008644821696cf5,functions/Logic.java,service,cpu:=650000000  rt:=676281144,cloudfunctions,00d087f5e025f1412d457ac9df76d9971bbb653901e64de3964b6771b432461e319b79b0f00c478208807a6c7a3fbf8874fe0596d4f63281afed598300217590a2678e,projects/modellearning/logs/run.googleapis.com%2Fstdout,,2024-02-29T20:21:13.853683971Z,sscartquery,northamerica-northeast1,modellearning,sscartquery-00011-jzl,sscartquery,cloud_run_revision,INFO,functions/Logic.java,2024-02-29T20:21:13.549960Z
65e0e73900020c8d835605c3,functions/Logic.java,service,cpu:=1230000000  rt:=1995289504,cloudfunctions,00d087f5e0fb53247b367efd3d5bd3eb6ec2079ea1f90edc419a49866437bf458cfeca444aeaa3b7daf5636b05c06cb47d5f161f950d27b45213cc036890ef6262ebf3,projects/modellearning/logs/run.googleapis.com%2Fstdout,,2024-02-29T20:21:13.187919730Z,sscartquery,northamerica-northeast1,modellearning,sscartquery-00011-jzl,sscartquery,cloud_run_revision,INFO,functions/Logic.java,2024-02-29T20:21:13.134285Z
65e0e7390000ddf1c05bae1e,functions/Logic.java,service,cpu:=170000000  rt:=176902577,cloudfunctions,00d087f5e0508b90f669d2e778e5edb119d2cf95bbdf1d474990a4029916e734b09cb9a2fbea2793facea51d590b84a7b32d827e55698dd1314956e833b1573e692dea,projects/modellearning/logs/run.googleapis.com%2Fstdout,,2024-02-29T20:21:13.187919730Z,sscartquery,northamerica-northeast1,modellearning,sscartquery-00011-jzl,sscartquery,cloud_run_revision,INFO,functions/Logic.java,2024-02-29T20:21:13.056817Z
65e0e738000bb0a28b0f4371,functions/Logic.java,service,cpu:=500000000  rt:=831758612,cloudfunctions,00d087f5e025f1412d457ac9df76d9971bbb653901e64de3964b6771b432461e319b79b0f00c478208807a6c7a3fbf8874fe0596d4f63281afed598300217590a2678e,projects/modellearning/logs/run.googleapis.com%2Fstdout,,2024-02-29T20:21:12.854388321Z,sscartquery,northamerica-northeast1,modellearning,sscartquery-00011-jzl,sscartquery,cloud_run_revision,INFO,functions/Logic.java,2024-02-29T20:21:12.766114Z
65e0e738000b355f06302955,functions/Logic.java,service,cpu:=3030000000  rt:=800013095,cloudfunctions,00d087f5e025f1412d457ac9df76d9971bbb653901e64de3964b6771b432461e319b79b0f00c478208807a6c7a3fbf8874fe0596d4f63281afed598300217590a2678e,projects/modellearning/logs/run.googleapis.com%2Fstdout,,2024-02-29T20:21:12.854388321Z,sscartquery,northamerica-northeast1,modellearning,sscartquery-00011-jzl,sscartquery,cloud_run_revision,INFO,functions/Logic.java,2024-02-29T20:21:12.734559Z
65e0e737000cbc66fb9d632a,functions/Logic.java,service,cpu:=-410000000  rt:=299538947,cloudfunctions,00d087f5e025f1412d457ac9df76d9971bbb653901e64de3964b6771b432461e319b79b0f00c478208807a6c7a3fbf8874fe0596d4f63281afed598300217590a2678e,projects/modellearning/logs/run.googleapis.com%2Fstdout,,2024-02-29T20:21:11.855947024Z,sscartquery,northamerica-northeast1,modellearning,sscartquery-00011-jzl,sscartquery,cloud_run_revision,INFO,functions/Logic.java,2024-02-29T20:21:11.834662Z
65e0e7370008adad855dd851,functions/Logic.java,service,cpu:=8080000000  rt:=429427389,cloudfunctions,00d087f5e0fb53247b367efd3d5bd3eb6ec2079ea1f90edc419a49866437bf458cfeca444aeaa3b7daf5636b05c06cb47d5f161f950d27b45213cc036890ef6262ebf3,projects/modellearning/logs/run.googleapis.com%2Fstdout,,2024-02-29T20:21:11.855947024Z,sscartquery,northamerica-northeast1,modellearning,sscartquery-00011-jzl,sscartquery,cloud_run_revision,INFO,functions/Logic.java,2024-02-29T20:21:11.568749Z
65e0e73700029d31f1bea925,functions/Logic.java,service,cpu:=920000000  rt:=10111361,cloudfunctions,00d087f5e025f1412d457ac9df76d9971bbb653901e64de3964b6771b432461e319b79b0f00c478208807a6c7a3fbf8874fe0596d4f63281afed598300217590a2678e,projects/modellearning/logs/run.googleapis.com%2Fstdout,,2024-02-29T20:21:11.188774892Z,sscartquery,northamerica-northeast1,modellearning,sscartquery-00011-jzl,sscartquery,cloud_run_revision,INFO,functions/Logic.java,2024-02-29T20:21:11.171313Z
65e0e736000d5942e1269ad7,functions/Logic.java,service,cpu:=4180000000  rt:=3682869407,cloudfunctions,00d087f5e0508b90f669d2e778e5edb119d2cf95bbdf1d474990a4029916e734b09cb9a2fbea2793facea51d590b84a7b32d827e55698dd1314956e833b1573e692dea,projects/modellearning/logs/run.googleapis.com%2Fstdout,,2024-02-29T20:21:11.188774892Z,sscartquery,northamerica-northeast1,modellearning,sscartquery-00011-jzl,sscartquery,cloud_run_revision,INFO,functions/Logic.java,2024-02-29T20:21:10.874818Z
65e0e7360006a4f2dc965b57,functions/Logic.java,service,cpu:=1850000000  rt:=3243566740,cloudfunctions,00d087f5e0508b90f669d2e778e5edb119d2cf95bbdf1d474990a4029916e734b09cb9a2fbea2793facea51d590b84a7b32d827e55698dd1314956e833b1573e692dea,projects/modellearning/logs/run.googleapis.com%2Fstdout,,2024-02-29T20:21:10.523117636Z,sscartquery,northamerica-northeast1,modellearning,sscartquery-00011-jzl,sscartquery,cloud_run_revision,INFO,functions/Logic.java,2024-02-29T20:21:10.435442Z
65e0e734000c4b75053a981b,functions/Logic.java,service,cpu:=270000000  rt:=305279830,cloudfunctions,00d087f5e0fb53247b367efd3d5bd3eb6ec2079ea1f90edc419a49866437bf458cfeca444aeaa3b7daf5636b05c06cb47d5f161f950d27b45213cc036890ef6262ebf3,projects/modellearning/logs/run.googleapis.com%2Fstdout,,2024-02-29T20:21:08.858161417Z,sscartquery,northamerica-northeast1,modellearning,sscartquery-00011-jzl,sscartquery,cloud_run_revision,INFO,functions/Logic.java,2024-02-29T20:21:08.805749Z
65e0e733000e8063f739f00d,functions/Logic.java,service,cpu:=800000000  rt:=810043221,cloudfunctions,00d087f5e0fb53247b367efd3d5bd3eb6ec2079ea1f90edc419a49866437bf458cfeca444aeaa3b7daf5636b05c06cb47d5f161f950d27b45213cc036890ef6262ebf3,projects/modellearning/logs/run.googleapis.com%2Fstdout,,2024-02-29T20:21:08.192350676Z,sscartquery,northamerica-northeast1,modellearning,sscartquery-00011-jzl,sscartquery,cloud_run_revision,INFO,functions/Logic.java,2024-02-29T20:21:07.950371Z
65e0e733000c4bd17367e075,functions/Logic.java,service,cpu:=1660000000  rt:=1706518745,cloudfunctions,00d087f5e025f1412d457ac9df76d9971bbb653901e64de3964b6771b432461e319b79b0f00c478208807a6c7a3fbf8874fe0596d4f63281afed598300217590a2678e,projects/modellearning/logs/run.googleapis.com%2Fstdout,,2024-02-29T20:21:07.859120063Z,sscartquery,northamerica-northeast1,modellearning,sscartquery-00011-jzl,sscartquery,cloud_run_revision,INFO,functions/Logic.java,2024-02-29T20:21:07.805841Z
65e0e732000dc0e3f5883e6d,functions/Logic.java,service,cpu:=1220000000  rt:=1259707588,cloudfunctions,00d087f5e0fb53247b367efd3d5bd3eb6ec2079ea1f90edc419a49866437bf458cfeca444aeaa3b7daf5636b05c06cb47d5f161f950d27b45213cc036890ef6262ebf3,projects/modellearning/logs/run.googleapis.com%2Fstdout,,2024-02-29T20:21:07.193883357Z,sscartquery,northamerica-northeast1,modellearning,sscartquery-00011-jzl,sscartquery,cloud_run_revision,INFO,functions/Logic.java,2024-02-29T20:21:06.901347Z
65e0e732000472e1050cdc49,functions/Logic.java,service,cpu:=120000000  rt:=121431975,cloudfunctions,00d087f5e0508b90f669d2e778e5edb119d2cf95bbdf1d474990a4029916e734b09cb9a2fbea2793facea51d590b84a7b32d827e55698dd1314956e833b1573e692dea,projects/modellearning/logs/run.googleapis.com%2Fstdout,,2024-02-29T20:21:06.527273592Z,sscartquery,northamerica-northeast1,modellearning,sscartquery-00011-jzl,sscartquery,cloud_run_revision,INFO,functions/Logic.java,2024-02-29T20:21:06.291553Z
65e0e7320000a14208eb4cf5,functions/Logic.java,service,cpu:=140000000  rt:=140631740,cloudfunctions,00d087f5e025f1412d457ac9df76d9971bbb653901e64de3964b6771b432461e319b79b0f00c478208807a6c7a3fbf8874fe0596d4f63281afed598300217590a2678e,projects/modellearning/logs/run.googleapis.com%2Fstdout,,2024-02-29T20:21:06.193848352Z,sscartquery,northamerica-northeast1,modellearning,sscartquery-00011-jzl,sscartquery,cloud_run_revision,INFO,functions/Logic.java,2024-02-29T20:21:06.041282Z
65e0e73100082723060ec412,functions/Logic.java,service,cpu:=-8120000000  rt:=4359254630,cloudfunctions,00d087f5e0fb53247b367efd3d5bd3eb6ec2079ea1f90edc419a49866437bf458cfeca444aeaa3b7daf5636b05c06cb47d5f161f950d27b45213cc036890ef6262ebf3,projects/modellearning/logs/run.googleapis.com%2Fstdout,,2024-02-29T20:21:05.861279071Z,sscartquery,northamerica-northeast1,modellearning,sscartquery-00011-jzl,sscartquery,cloud_run_revision,INFO,functions/Logic.java,2024-02-29T20:21:05.534307Z
65e0e7310004a4158171a9ef,functions/Logic.java,service,cpu:=820000000  rt:=832686547,cloudfunctions,00d087f5e025f1412d457ac9df76d9971bbb653901e64de3964b6771b432461e319b79b0f00c478208807a6c7a3fbf8874fe0596d4f63281afed598300217590a2678e,projects/modellearning/logs/run.googleapis.com%2Fstdout,,2024-02-29T20:21:05.527730330Z,sscartquery,northamerica-northeast1,modellearning,sscartquery-00011-jzl,sscartquery,cloud_run_revision,INFO,functions/Logic.java,2024-02-29T20:21:05.304149Z
65e0e7300008493329e484af,functions/Logic.java,service,cpu:=1620000000  rt:=1687400639,cloudfunctions,00d087f5e0508b90f669d2e778e5edb119d2cf95bbdf1d474990a4029916e734b09cb9a2fbea2793facea51d590b84a7b32d827e55698dd1314956e833b1573e692dea,projects/modellearning/logs/run.googleapis.com%2Fstdout,,2024-02-29T20:21:04.862312468Z,sscartquery,northamerica-northeast1,modellearning,sscartquery-00011-jzl,sscartquery,cloud_run_revision,INFO,functions/Logic.java,2024-02-29T20:21:04.543027Z
65e0e72f0009e13ffe14a77c,functions/Logic.java,service,cpu:=750000000  rt:=912231574,cloudfunctions,00d087f5e025f1412d457ac9df76d9971bbb653901e64de3964b6771b432461e319b79b0f00c478208807a6c7a3fbf8874fe0596d4f63281afed598300217590a2678e,projects/modellearning/logs/run.googleapis.com%2Fstdout,,2024-02-29T20:21:03.862942885Z,sscartquery,northamerica-northeast1,modellearning,sscartquery-00011-jzl,sscartquery,cloud_run_revision,INFO,functions/Logic.java,2024-02-29T20:21:03.647487Z
65e0e72f0003938f3a1b8740,functions/Logic.java,service,cpu:=-1950000000  rt:=499209758,cloudfunctions,00d087f5e025f1412d457ac9df76d9971bbb653901e64de3964b6771b432461e319b79b0f00c478208807a6c7a3fbf8874fe0596d4f63281afed598300217590a2678e,projects/modellearning/logs/run.googleapis.com%2Fstdout,,2024-02-29T20:21:03.530190465Z,sscartquery,northamerica-northeast1,modellearning,sscartquery-00011-jzl,sscartquery,cloud_run_revision,INFO,functions/Logic.java,2024-02-29T20:21:03.234383Z
65e0e72d0008276dc2e1eb68,functions/Logic.java,service,cpu:=230000000  rt:=358289546,cloudfunctions,00d087f5e0fb53247b367efd3d5bd3eb6ec2079ea1f90edc419a49866437bf458cfeca444aeaa3b7daf5636b05c06cb47d5f161f950d27b45213cc036890ef6262ebf3,projects/modellearning/logs/run.googleapis.com%2Fstdout,,2024-02-29T20:21:01.864867398Z,sscartquery,northamerica-northeast1,modellearning,sscartquery-00011-jzl,sscartquery,cloud_run_revision,INFO,functions/Logic.java,2024-02-29T20:21:01.534381Z
65e0e72c000cce688d19f932,functions/Logic.java,service,cpu:=-6200000000  rt:=176281216,cloudfunctions,00d087f5e0fb53247b367efd3d5bd3eb6ec2079ea1f90edc419a49866437bf458cfeca444aeaa3b7daf5636b05c06cb47d5f161f950d27b45213cc036890ef6262ebf3,projects/modellearning/logs/run.googleapis.com%2Fstdout,,2024-02-29T20:21:00.865866075Z,sscartquery,northamerica-northeast1,modellearning,sscartquery-00011-jzl,sscartquery,cloud_run_revision,INFO,functions/Logic.java,2024-02-29T20:21:00.839272Z
65e0e72c000cbbfe5033a2a4,functions/Logic.java,service,cpu:=130000000  rt:=171516840,cloudfunctions,00d087f5e0fb53247b367efd3d5bd3eb6ec2079ea1f90edc419a49866437bf458cfeca444aeaa3b7daf5636b05c06cb47d5f161f950d27b45213cc036890ef6262ebf3,projects/modellearning/logs/run.googleapis.com%2Fstdout,,2024-02-29T20:21:00.865866075Z,sscartquery,northamerica-northeast1,modellearning,sscartquery-00011-jzl,sscartquery,cloud_run_revision,INFO,functions/Logic.java,2024-02-29T20:21:00.834558Z
65e0e72c00024133bf6801fe,functions/Logic.java,service,cpu:=530000000  rt:=536559151,cloudfunctions,00d087f5e0fb53247b367efd3d5bd3eb6ec2079ea1f90edc419a49866437bf458cfeca444aeaa3b7daf5636b05c06cb47d5f161f950d27b45213cc036890ef6262ebf3,projects/modellearning/logs/run.googleapis.com%2Fstdout,,2024-02-29T20:21:00.199818634Z,sscartquery,northamerica-northeast1,modellearning,sscartquery-00011-jzl,sscartquery,cloud_run_revision,INFO,functions/Logic.java,2024-02-29T20:21:00.147763Z
65e0e72b00020ce782e393c0,functions/Logic.java,service,cpu:=550000000  rt:=565809760,cloudfunctions,00d087f5e0fb53247b367efd3d5bd3eb6ec2079ea1f90edc419a49866437bf458cfeca444aeaa3b7daf5636b05c06cb47d5f161f950d27b45213cc036890ef6262ebf3,projects/modellearning/logs/run.googleapis.com%2Fstdout,,2024-02-29T20:20:59.201383219Z,sscartquery,northamerica-northeast1,modellearning,sscartquery-00011-jzl,sscartquery,cloud_run_revision,INFO,functions/Logic.java,2024-02-29T20:20:59.134375Z
65e0e72a000e4d3691ccfd01,functions/Logic.java,service,cpu:=820000000  rt:=1154084791,cloudfunctions,00d087f5e0508b90f669d2e778e5edb119d2cf95bbdf1d474990a4029916e734b09cb9a2fbea2793facea51d590b84a7b32d827e55698dd1314956e833b1573e692dea,projects/modellearning/logs/run.googleapis.com%2Fstdout,,2024-02-29T20:20:59.201383219Z,sscartquery,northamerica-northeast1,modellearning,sscartquery-00011-jzl,sscartquery,cloud_run_revision,INFO,functions/Logic.java,2024-02-29T20:20:58.937270Z
65e0e72a000546599d3f8f02,functions/Logic.java,service,cpu:=-210000000  rt:=562549118,cloudfunctions,00d087f5e0508b90f669d2e778e5edb119d2cf95bbdf1d474990a4029916e734b09cb9a2fbea2793facea51d590b84a7b32d827e55698dd1314956e833b1573e692dea,projects/modellearning/logs/run.googleapis.com%2Fstdout,,2024-02-29T20:20:58.534821272Z,sscartquery,northamerica-northeast1,modellearning,sscartquery-00011-jzl,sscartquery,cloud_run_revision,INFO,functions/Logic.java,2024-02-29T20:20:58.345689Z
65e0e72a0003a08df1a16726,functions/Logic.java,service,cpu:=2870000000  rt:=2984424414,cloudfunctions,00d087f5e0fb53247b367efd3d5bd3eb6ec2079ea1f90edc419a49866437bf458cfeca444aeaa3b7daf5636b05c06cb47d5f161f950d27b45213cc036890ef6262ebf3,projects/modellearning/logs/run.googleapis.com%2Fstdout,,2024-02-29T20:20:58.534821272Z,sscartquery,northamerica-northeast1,modellearning,sscartquery-00011-jzl,sscartquery,cloud_run_revision,INFO,functions/Logic.java,2024-02-29T20:20:58.237709Z
65e0e729000e68309fe6ae1e,functions/Logic.java,service,cpu:=800000000  rt:=806662648,cloudfunctions,00d087f5e025f1412d457ac9df76d9971bbb653901e64de3964b6771b432461e319b79b0f00c478208807a6c7a3fbf8874fe0596d4f63281afed598300217590a2678e,projects/modellearning/logs/run.googleapis.com%2Fstdout,,2024-02-29T20:20:58.202690881Z,sscartquery,northamerica-northeast1,modellearning,sscartquery-00011-jzl,sscartquery,cloud_run_revision,INFO,functions/Logic.java,2024-02-29T20:20:57.944176Z
65e0e72900094b7d96ed15b7,functions/Logic.java,service,cpu:=4520000000  rt:=4613626224,cloudfunctions,00d087f5e0b82d4393d4a7bbb7f14727933f8b96724a91b37d40394984760349848f0c657a1b55ad143d87d15617c08a8ba76acddb65a7eb3b550a40e4aceccdfb8d33,projects/modellearning/logs/run.googleapis.com%2Fstdout,,2024-02-29T20:20:57.869287202Z,sscartquery,northamerica-northeast1,modellearning,sscartquery-00011-jzl,sscartquery,cloud_run_revision,INFO,functions/Logic.java,2024-02-29T20:20:57.609149Z
65e0e7290008c629dd37bc71,functions/Logic.java,service,cpu:=420000000  rt:=436190124,cloudfunctions,00d087f5e0508b90f669d2e778e5edb119d2cf95bbdf1d474990a4029916e734b09cb9a2fbea2793facea51d590b84a7b32d827e55698dd1314956e833b1573e692dea,projects/modellearning/logs/run.googleapis.com%2Fstdout,,2024-02-29T20:20:57.869287202Z,sscartquery,northamerica-northeast1,modellearning,sscartquery-00011-jzl,sscartquery,cloud_run_revision,INFO,functions/Logic.java,2024-02-29T20:20:57.575017Z
65e0e728000eedc541089946,functions/Logic.java,service,cpu:=1520000000  rt:=1616882355,cloudfunctions,00d087f5e025f1412d457ac9df76d9971bbb653901e64de3964b6771b432461e319b79b0f00c478208807a6c7a3fbf8874fe0596d4f63281afed598300217590a2678e,projects/modellearning/logs/run.googleapis.com%2Fstdout,,2024-02-29T20:20:57.203232434Z,sscartquery,northamerica-northeast1,modellearning,sscartquery-00011-jzl,sscartquery,cloud_run_revision,INFO,functions/Logic.java,2024-02-29T20:20:56.978373Z
65e0e72800051a6b40273512,functions/Logic.java,service,cpu:=90000000  rt:=93376594,cloudfunctions,00d087f5e0508b90f669d2e778e5edb119d2cf95bbdf1d474990a4029916e734b09cb9a2fbea2793facea51d590b84a7b32d827e55698dd1314956e833b1573e692dea,projects/modellearning/logs/run.googleapis.com%2Fstdout,,2024-02-29T20:20:56.537047260Z,sscartquery,northamerica-northeast1,modellearning,sscartquery-00011-jzl,sscartquery,cloud_run_revision,INFO,functions/Logic.java,2024-02-29T20:20:56.334443Z
65e0e727000087041a6f30d0,functions/Logic.java,service,cpu:=1410000000  rt:=1475304990,cloudfunctions,00d087f5e0fb53247b367efd3d5bd3eb6ec2079ea1f90edc419a49866437bf458cfeca444aeaa3b7daf5636b05c06cb47d5f161f950d27b45213cc036890ef6262ebf3,projects/modellearning/logs/run.googleapis.com%2Fstdout,,2024-02-29T20:20:55.205039095Z,sscartquery,northamerica-northeast1,modellearning,sscartquery-00011-jzl,sscartquery,cloud_run_revision,INFO,functions/Logic.java,2024-02-29T20:20:55.034564Z
65e0e7260008a1beb5768dcb,functions/Logic.java,service,cpu:=1910000000  rt:=2394784845,cloudfunctions,00d087f5e025f1412d457ac9df76d9971bbb653901e64de3964b6771b432461e319b79b0f00c478208807a6c7a3fbf8874fe0596d4f63281afed598300217590a2678e,projects/modellearning/logs/run.googleapis.com%2Fstdout,,2024-02-29T20:20:54.870891745Z,sscartquery,northamerica-northeast1,modellearning,sscartquery-00011-jzl,sscartquery,cloud_run_revision,INFO,functions/Logic.java,2024-02-29T20:20:54.565694Z
65e0e7260004827054fa833d,functions/Logic.java,service,cpu:=4720000000  rt:=1140602638,cloudfunctions,00d087f5e0508b90f669d2e778e5edb119d2cf95bbdf1d474990a4029916e734b09cb9a2fbea2793facea51d590b84a7b32d827e55698dd1314956e833b1573e692dea,projects/modellearning/logs/run.googleapis.com%2Fstdout,,2024-02-29T20:20:54.538779618Z,sscartquery,northamerica-northeast1,modellearning,sscartquery-00011-jzl,sscartquery,cloud_run_revision,INFO,functions/Logic.java,2024-02-29T20:20:54.295536Z
65e0e7250006339b5bcd4b47,functions/Logic.java,service,cpu:=-5180000000  rt:=2628193233,cloudfunctions,00d087f5e0fb53247b367efd3d5bd3eb6ec2079ea1f90edc419a49866437bf458cfeca444aeaa3b7daf5636b05c06cb47d5f161f950d27b45213cc036890ef6262ebf3,projects/modellearning/logs/run.googleapis.com%2Fstdout,,2024-02-29T20:20:53.542769510Z,sscartquery,northamerica-northeast1,modellearning,sscartquery-00011-jzl,sscartquery,cloud_run_revision,INFO,functions/Logic.java,2024-02-29T20:20:53.406427Z
65e0e725000393b5531eba15,functions/Logic.java,service,cpu:=2940000000  rt:=1063637167,cloudfunctions,00d087f5e025f1412d457ac9df76d9971bbb653901e64de3964b6771b432461e319b79b0f00c478208807a6c7a3fbf8874fe0596d4f63281afed598300217590a2678e,projects/modellearning/logs/run.googleapis.com%2Fstdout,,2024-02-29T20:20:53.542769510Z,sscartquery,northamerica-northeast1,modellearning,sscartquery-00011-jzl,sscartquery,cloud_run_revision,INFO,functions/Logic.java,2024-02-29T20:20:53.234421Z
65e0e725000303058e1ddd68,functions/Logic.java,service,cpu:=30000000  rt:=42916939,cloudfunctions,00d087f5e0508b90f669d2e778e5edb119d2cf95bbdf1d474990a4029916e734b09cb9a2fbea2793facea51d590b84a7b32d827e55698dd1314956e833b1573e692dea,projects/modellearning/logs/run.googleapis.com%2Fstdout,,2024-02-29T20:20:53.206439978Z,sscartquery,northamerica-northeast1,modellearning,sscartquery-00011-jzl,sscartquery,cloud_run_revision,INFO,functions/Logic.java,2024-02-29T20:20:53.197381Z
65e0e7250001c897387ce5a6,functions/Logic.java,service,cpu:=270000000  rt:=264831174,cloudfunctions,00d087f5e04921ffa2ae878763f0217abb165fe4fe9a2e8a027ba11aed30e41dbddf4fc8615626ade2ce81a05b33cc0543a90b189fc41ef2749e7ddb07fe1c9b9eae6c,projects/modellearning/logs/run.googleapis.com%2Fstdout,,2024-02-29T20:20:53.206439978Z,sscartquery,northamerica-northeast1,modellearning,sscartquery-00011-jzl,sscartquery,cloud_run_revision,INFO,functions/Logic.java,2024-02-29T20:20:53.116887Z
65e0e72400024ccdd0e97ebd,functions/Logic.java,service,cpu:=680000000  rt:=1373168174,cloudfunctions,00d087f5e0fb53247b367efd3d5bd3eb6ec2079ea1f90edc419a49866437bf458cfeca444aeaa3b7daf5636b05c06cb47d5f161f950d27b45213cc036890ef6262ebf3,projects/modellearning/logs/run.googleapis.com%2Fstdout,,2024-02-29T20:20:52.208784997Z,sscartquery,northamerica-northeast1,modellearning,sscartquery-00011-jzl,sscartquery,cloud_run_revision,INFO,functions/Logic.java,2024-02-29T20:20:52.150733Z
65e0e723000e427ded7c02bd,functions/Logic.java,service,cpu:=160000000  rt:=233470088,cloudfunctions,00d087f5e025f1412d457ac9df76d9971bbb653901e64de3964b6771b432461e319b79b0f00c478208807a6c7a3fbf8874fe0596d4f63281afed598300217590a2678e,projects/modellearning/logs/run.googleapis.com%2Fstdout,,2024-02-29T20:20:52.208784997Z,sscartquery,northamerica-northeast1,modellearning,sscartquery-00011-jzl,sscartquery,cloud_run_revision,INFO,functions/Logic.java,2024-02-29T20:20:51.934525Z
65e0e72200019f00544fbe64,functions/Logic.java,service,cpu:=3260000000  rt:=3357545395,cloudfunctions,00d087f5e0508b90f669d2e778e5edb119d2cf95bbdf1d474990a4029916e734b09cb9a2fbea2793facea51d590b84a7b32d827e55698dd1314956e833b1573e692dea,projects/modellearning/logs/run.googleapis.com%2Fstdout,,2024-02-29T20:20:50.208870752Z,sscartquery,northamerica-northeast1,modellearning,sscartquery-00011-jzl,sscartquery,cloud_run_revision,INFO,functions/Logic.java,2024-02-29T20:20:50.106240Z
65e0e721000038be88dd51c3,functions/Logic.java,service,cpu:=2460000000  rt:=2557507345,cloudfunctions,00d087f5e0fb53247b367efd3d5bd3eb6ec2079ea1f90edc419a49866437bf458cfeca444aeaa3b7daf5636b05c06cb47d5f161f950d27b45213cc036890ef6262ebf3,projects/modellearning/logs/run.googleapis.com%2Fstdout,,2024-02-29T20:20:49.209498104Z,sscartquery,northamerica-northeast1,modellearning,sscartquery-00011-jzl,sscartquery,cloud_run_revision,INFO,functions/Logic.java,2024-02-29T20:20:49.014526Z
65e0e720000b44bc858208e7,functions/Logic.java,service,cpu:=630000000  rt:=681913260,cloudfunctions,00d087f5e025f1412d457ac9df76d9971bbb653901e64de3964b6771b432461e319b79b0f00c478208807a6c7a3fbf8874fe0596d4f63281afed598300217590a2678e,projects/modellearning/logs/run.googleapis.com%2Fstdout,,2024-02-29T20:20:48.876714468Z,sscartquery,northamerica-northeast1,modellearning,sscartquery-00011-jzl,sscartquery,cloud_run_revision,INFO,functions/Logic.java,2024-02-29T20:20:48.738492Z
65e0e720000a6d5137e00c3f,functions/Logic.java,service,cpu:=60000000  rt:=66686318,cloudfunctions,00d087f5e04921ffa2ae878763f0217abb165fe4fe9a2e8a027ba11aed30e41dbddf4fc8615626ade2ce81a05b33cc0543a90b189fc41ef2749e7ddb07fe1c9b9eae6c,projects/modellearning/logs/run.googleapis.com%2Fstdout,,2024-02-29T20:20:48.876714468Z,sscartquery,northamerica-northeast1,modellearning,sscartquery-00011-jzl,sscartquery,cloud_run_revision,INFO,functions/Logic.java,2024-02-29T20:20:48.683345Z
65e0e7200005db8c06404bf9,functions/Logic.java,service,cpu:=360000000  rt:=383784060,cloudfunctions,00d087f5e04921ffa2ae878763f0217abb165fe4fe9a2e8a027ba11aed30e41dbddf4fc8615626ade2ce81a05b33cc0543a90b189fc41ef2749e7ddb07fe1c9b9eae6c,projects/modellearning/logs/run.googleapis.com%2Fstdout,,2024-02-29T20:20:48.544716651Z,sscartquery,northamerica-northeast1,modellearning,sscartquery-00011-jzl,sscartquery,cloud_run_revision,INFO,functions/Logic.java,2024-02-29T20:20:48.383884Z
65e0e7200000c005a6123542,functions/Logic.java,service,cpu:=2080000000  rt:=2152711241,cloudfunctions,00d087f5e025f1412d457ac9df76d9971bbb653901e64de3964b6771b432461e319b79b0f00c478208807a6c7a3fbf8874fe0596d4f63281afed598300217590a2678e,projects/modellearning/logs/run.googleapis.com%2Fstdout,,2024-02-29T20:20:48.212139202Z,sscartquery,northamerica-northeast1,modellearning,sscartquery-00011-jzl,sscartquery,cloud_run_revision,INFO,functions/Logic.java,2024-02-29T20:20:48.049157Z
65e0e71e000b45583bf82419,functions/Logic.java,service,cpu:=230000000  rt:=242154925,cloudfunctions,00d087f5e0508b90f669d2e778e5edb119d2cf95bbdf1d474990a4029916e734b09cb9a2fbea2793facea51d590b84a7b32d827e55698dd1314956e833b1573e692dea,projects/modellearning/logs/run.googleapis.com%2Fstdout,,2024-02-29T20:20:46.881557025Z,sscartquery,northamerica-northeast1,modellearning,sscartquery-00011-jzl,sscartquery,cloud_run_revision,INFO,functions/Logic.java,2024-02-29T20:20:46.738648Z
65e0e71e00039aabfca9852a,functions/Logic.java,service,cpu:=190000000  rt:=185884186,cloudfunctions,00d087f5e0fb53247b367efd3d5bd3eb6ec2079ea1f90edc419a49866437bf458cfeca444aeaa3b7daf5636b05c06cb47d5f161f950d27b45213cc036890ef6262ebf3,projects/modellearning/logs/run.googleapis.com%2Fstdout,,2024-02-29T20:20:46.546463024Z,sscartquery,northamerica-northeast1,modellearning,sscartquery-00011-jzl,sscartquery,cloud_run_revision,INFO,functions/Logic.java,2024-02-29T20:20:46.236203Z
65e0e71e0000867f7b951a5c,functions/Logic.java,service,cpu:=600000000  rt:=633884726,cloudfunctions,00d087f5e0fb53247b367efd3d5bd3eb6ec2079ea1f90edc419a49866437bf458cfeca444aeaa3b7daf5636b05c06cb47d5f161f950d27b45213cc036890ef6262ebf3,projects/modellearning/logs/run.googleapis.com%2Fstdout,,2024-02-29T20:20:46.213241181Z,sscartquery,northamerica-northeast1,modellearning,sscartquery-00011-jzl,sscartquery,cloud_run_revision,INFO,functions/Logic.java,2024-02-29T20:20:46.034431Z
65e0e71d00082d1a5232e339,functions/Logic.java,service,cpu:=30000000  rt:=38187971,cloudfunctions,00d087f5e025f1412d457ac9df76d9971bbb653901e64de3964b6771b432461e319b79b0f00c478208807a6c7a3fbf8874fe0596d4f63281afed598300217590a2678e,projects/modellearning/logs/run.googleapis.com%2Fstdout,,2024-02-29T20:20:45.546535933Z,sscartquery,northamerica-northeast1,modellearning,sscartquery-00011-jzl,sscartquery,cloud_run_revision,INFO,functions/Logic.java,2024-02-29T20:20:45.535834Z
65e0e71d0004096805f2980e,functions/Logic.java,service,cpu:=1480000000  rt:=2467892766,cloudfunctions,00d087f5e0fb53247b367efd3d5bd3eb6ec2079ea1f90edc419a49866437bf458cfeca444aeaa3b7daf5636b05c06cb47d5f161f950d27b45213cc036890ef6262ebf3,projects/modellearning/logs/run.googleapis.com%2Fstdout,,2024-02-29T20:20:45.546535933Z,sscartquery,northamerica-northeast1,modellearning,sscartquery-00011-jzl,sscartquery,cloud_run_revision,INFO,functions/Logic.java,2024-02-29T20:20:45.264552Z
65e0e71d000395dae6c65056,functions/Logic.java,service,cpu:=1400000000  rt:=2438266114,cloudfunctions,00d087f5e0fb53247b367efd3d5bd3eb6ec2079ea1f90edc419a49866437bf458cfeca444aeaa3b7daf5636b05c06cb47d5f161f950d27b45213cc036890ef6262ebf3,projects/modellearning/logs/run.googleapis.com%2Fstdout,,2024-02-29T20:20:45.546535933Z,sscartquery,northamerica-northeast1,modellearning,sscartquery-00011-jzl,sscartquery,cloud_run_revision,INFO,functions/Logic.java,2024-02-29T20:20:45.234970Z
65e0e71c0000b9c65a98f957,functions/Logic.java,service,cpu:=110000000  rt:=108040696,cloudfunctions,00d087f5e025f1412d457ac9df76d9971bbb653901e64de3964b6771b432461e319b79b0f00c478208807a6c7a3fbf8874fe0596d4f63281afed598300217590a2678e,projects/modellearning/logs/run.googleapis.com%2Fstdout,,2024-02-29T20:20:44.214586979Z,sscartquery,northamerica-northeast1,modellearning,sscartquery-00011-jzl,sscartquery,cloud_run_revision,INFO,functions/Logic.java,2024-02-29T20:20:44.047558Z
65e0e71b000e421c767ab922,functions/Logic.java,service,cpu:=750000000  rt:=757177996,cloudfunctions,00d087f5e025f1412d457ac9df76d9971bbb653901e64de3964b6771b432461e319b79b0f00c478208807a6c7a3fbf8874fe0596d4f63281afed598300217590a2678e,projects/modellearning/logs/run.googleapis.com%2Fstdout,,2024-02-29T20:20:44.214586979Z,sscartquery,northamerica-northeast1,modellearning,sscartquery-00011-jzl,sscartquery,cloud_run_revision,INFO,functions/Logic.java,2024-02-29T20:20:43.934428Z
65e0e71a00051b20a784a77d,functions/Logic.java,service,cpu:=130000000  rt:=199190502,cloudfunctions,00d087f5e0fb53247b367efd3d5bd3eb6ec2079ea1f90edc419a49866437bf458cfeca444aeaa3b7daf5636b05c06cb47d5f161f950d27b45213cc036890ef6262ebf3,projects/modellearning/logs/run.googleapis.com%2Fstdout,,2024-02-29T20:20:42.549535693Z,sscartquery,northamerica-northeast1,modellearning,sscartquery-00011-jzl,sscartquery,cloud_run_revision,INFO,functions/Logic.java,2024-02-29T20:20:42.334624Z
65e0e71a00039457f0de4801,functions/Logic.java,service,cpu:=2360000000  rt:=1899819683,cloudfunctions,00d087f5e025f1412d457ac9df76d9971bbb653901e64de3964b6771b432461e319b79b0f00c478208807a6c7a3fbf8874fe0596d4f63281afed598300217590a2678e,projects/modellearning/logs/run.googleapis.com%2Fstdout,,2024-02-29T20:20:42.549535693Z,sscartquery,northamerica-northeast1,modellearning,sscartquery-00011-jzl,sscartquery,cloud_run_revision,INFO,functions/Logic.java,2024-02-29T20:20:42.234583Z
65e0e7190009aea4af831d7d,functions/Logic.java,service,cpu:=800000000  rt:=1299688303,cloudfunctions,00d087f5e025f1412d457ac9df76d9971bbb653901e64de3964b6771b432461e319b79b0f00c478208807a6c7a3fbf8874fe0596d4f63281afed598300217590a2678e,projects/modellearning/logs/run.googleapis.com%2Fstdout,,2024-02-29T20:20:41.884901836Z,sscartquery,northamerica-northeast1,modellearning,sscartquery-00011-jzl,sscartquery,cloud_run_revision,INFO,functions/Logic.java,2024-02-29T20:20:41.634532Z
65e0e719000941f745cd1e99,functions/Logic.java,service,cpu:=120000000  rt:=130213065,cloudfunctions,00d087f5e0fb53247b367efd3d5bd3eb6ec2079ea1f90edc419a49866437bf458cfeca444aeaa3b7daf5636b05c06cb47d5f161f950d27b45213cc036890ef6262ebf3,projects/modellearning/logs/run.googleapis.com%2Fstdout,,2024-02-29T20:20:41.884901836Z,sscartquery,northamerica-northeast1,modellearning,sscartquery-00011-jzl,sscartquery,cloud_run_revision,INFO,functions/Logic.java,2024-02-29T20:20:41.606711Z
65e0e7180009ae5051bd8b5c,functions/Logic.java,service,cpu:=410000000  rt:=428713500,cloudfunctions,00d087f5e0fb53247b367efd3d5bd3eb6ec2079ea1f90edc419a49866437bf458cfeca444aeaa3b7daf5636b05c06cb47d5f161f950d27b45213cc036890ef6262ebf3,projects/modellearning/logs/run.googleapis.com%2Fstdout,,2024-02-29T20:20:40.884277181Z,sscartquery,northamerica-northeast1,modellearning,sscartquery-00011-jzl,sscartquery,cloud_run_revision,INFO,functions/Logic.java,2024-02-29T20:20:40.634448Z
65e0e7180000c5eee855ef0d,functions/Logic.java,service,cpu:=2750000000  rt:=2660405834,cloudfunctions,00d087f5e0fb53247b367efd3d5bd3eb6ec2079ea1f90edc419a49866437bf458cfeca444aeaa3b7daf5636b05c06cb47d5f161f950d27b45213cc036890ef6262ebf3,projects/modellearning/logs/run.googleapis.com%2Fstdout,,2024-02-29T20:20:40.218514815Z,sscartquery,northamerica-northeast1,modellearning,sscartquery-00011-jzl,sscartquery,cloud_run_revision,INFO,functions/Logic.java,2024-02-29T20:20:40.050670Z
65e0e71700060904ed42b053,functions/Logic.java,service,cpu:=120000000  rt:=123716496,cloudfunctions,00d087f5e025f1412d457ac9df76d9971bbb653901e64de3964b6771b432461e319b79b0f00c478208807a6c7a3fbf8874fe0596d4f63281afed598300217590a2678e,projects/modellearning/logs/run.googleapis.com%2Fstdout,,2024-02-29T20:20:39.553501067Z,sscartquery,northamerica-northeast1,modellearning,sscartquery-00011-jzl,sscartquery,cloud_run_revision,INFO,functions/Logic.java,2024-02-29T20:20:39.395524Z
65e0e71700051ab1053de3ed,functions/Logic.java,service,cpu:=510000000  rt:=62677967,cloudfunctions,00d087f5e025f1412d457ac9df76d9971bbb653901e64de3964b6771b432461e319b79b0f00c478208807a6c7a3fbf8874fe0596d4f63281afed598300217590a2678e,projects/modellearning/logs/run.googleapis.com%2Fstdout,,2024-02-29T20:20:39.553501067Z,sscartquery,northamerica-northeast1,modellearning,sscartquery-00011-jzl,sscartquery,cloud_run_revision,INFO,functions/Logic.java,2024-02-29T20:20:39.334513Z
65e0e715000cbc20f3e00be6,functions/Logic.java,service,cpu:=330000000  rt:=444353916,cloudfunctions,00d087f5e0fb53247b367efd3d5bd3eb6ec2079ea1f90edc419a49866437bf458cfeca444aeaa3b7daf5636b05c06cb47d5f161f950d27b45213cc036890ef6262ebf3,projects/modellearning/logs/run.googleapis.com%2Fstdout,,2024-02-29T20:20:37.887607825Z,sscartquery,northamerica-northeast1,modellearning,sscartquery-00011-jzl,sscartquery,cloud_run_revision,INFO,functions/Logic.java,2024-02-29T20:20:37.834592Z
65e0e71500051acb9ee15564,functions/Logic.java,service,cpu:=3840000000  rt:=453963030,cloudfunctions,00d087f5e0fb53247b367efd3d5bd3eb6ec2079ea1f90edc419a49866437bf458cfeca444aeaa3b7daf5636b05c06cb47d5f161f950d27b45213cc036890ef6262ebf3,projects/modellearning/logs/run.googleapis.com%2Fstdout,,2024-02-29T20:20:37.554651481Z,sscartquery,northamerica-northeast1,modellearning,sscartquery-00011-jzl,sscartquery,cloud_run_revision,INFO,functions/Logic.java,2024-02-29T20:20:37.334539Z
65e0e7120006a73d0e349142,functions/Logic.java,service,cpu:=1820000000  rt:=2694011808,cloudfunctions,00d087f5e0fb53247b367efd3d5bd3eb6ec2079ea1f90edc419a49866437bf458cfeca444aeaa3b7daf5636b05c06cb47d5f161f950d27b45213cc036890ef6262ebf3,projects/modellearning/logs/run.googleapis.com%2Fstdout,,2024-02-29T20:20:34.557375413Z,sscartquery,northamerica-northeast1,modellearning,sscartquery-00011-jzl,sscartquery,cloud_run_revision,INFO,functions/Logic.java,2024-02-29T20:20:34.436029Z
65e0e7110008283dab3a2804,functions/Logic.java,service,cpu:=-80000000  rt:=1792274515,cloudfunctions,00d087f5e0fb53247b367efd3d5bd3eb6ec2079ea1f90edc419a49866437bf458cfeca444aeaa3b7daf5636b05c06cb47d5f161f950d27b45213cc036890ef6262ebf3,projects/modellearning/logs/run.googleapis.com%2Fstdout,,2024-02-29T20:20:33.558444813Z,sscartquery,northamerica-northeast1,modellearning,sscartquery-00011-jzl,sscartquery,cloud_run_revision,INFO,functions/Logic.java,2024-02-29T20:20:33.534589Z
65e0e70c000b6ae7b517e2a2,functions/Logic.java,service,cpu:=310000000  rt:=311293397,cloudfunctions,00d087f5e0fb53247b367efd3d5bd3eb6ec2079ea1f90edc419a49866437bf458cfeca444aeaa3b7daf5636b05c06cb47d5f161f950d27b45213cc036890ef6262ebf3,projects/modellearning/logs/run.googleapis.com%2Fstdout,,2024-02-29T20:20:28.895391668Z,sscartquery,northamerica-northeast1,modellearning,sscartquery-00011-jzl,sscartquery,cloud_run_revision,INFO,functions/Logic.java,2024-02-29T20:20:28.748263Z
65e0e70b0005659b5e4d5513,functions/Logic.java,service,cpu:=110000000  rt:=109513389,cloudfunctions,00d087f5e0fb53247b367efd3d5bd3eb6ec2079ea1f90edc419a49866437bf458cfeca444aeaa3b7daf5636b05c06cb47d5f161f950d27b45213cc036890ef6262ebf3,projects/modellearning/logs/run.googleapis.com%2Fstdout,,2024-02-29T20:20:27.564029456Z,sscartquery,northamerica-northeast1,modellearning,sscartquery-00011-jzl,sscartquery,cloud_run_revision,INFO,functions/Logic.java,2024-02-29T20:20:27.353691Z
65e0e709000d7187284ed88c,functions/Logic.java,service,cpu:=740000000  rt:=756782835,cloudfunctions,00d087f5e025f1412d457ac9df76d9971bbb653901e64de3964b6771b432461e319b79b0f00c478208807a6c7a3fbf8874fe0596d4f63281afed598300217590a2678e,projects/modellearning/logs/run.googleapis.com%2Fstdout,,2024-02-29T20:20:25.898907472Z,sscartquery,northamerica-northeast1,modellearning,sscartquery-00011-jzl,sscartquery,cloud_run_revision,INFO,functions/Logic.java,2024-02-29T20:20:25.881031Z
65e0e70900028f68ad9ff841,functions/Logic.java,service,cpu:=1020000000  rt:=1074321025,cloudfunctions,00d087f5e0fb53247b367efd3d5bd3eb6ec2079ea1f90edc419a49866437bf458cfeca444aeaa3b7daf5636b05c06cb47d5f161f950d27b45213cc036890ef6262ebf3,projects/modellearning/logs/run.googleapis.com%2Fstdout,,2024-02-29T20:20:25.232618039Z,sscartquery,northamerica-northeast1,modellearning,sscartquery-00011-jzl,sscartquery,cloud_run_revision,INFO,functions/Logic.java,2024-02-29T20:20:25.167784Z
65e0e7080001511e35887ec6,functions/Logic.java,service,cpu:=1830000000  rt:=1901644436,cloudfunctions,00d087f5e0fb53247b367efd3d5bd3eb6ec2079ea1f90edc419a49866437bf458cfeca444aeaa3b7daf5636b05c06cb47d5f161f950d27b45213cc036890ef6262ebf3,projects/modellearning/logs/run.googleapis.com%2Fstdout,,2024-02-29T20:20:24.233973345Z,sscartquery,northamerica-northeast1,modellearning,sscartquery-00011-jzl,sscartquery,cloud_run_revision,INFO,functions/Logic.java,2024-02-29T20:20:24.086302Z
65e0e701000a4769016daf3b,functions/Logic.java,service,cpu:=2120000000  rt:=2187088877,cloudfunctions,00d087f5e0fb53247b367efd3d5bd3eb6ec2079ea1f90edc419a49866437bf458cfeca444aeaa3b7daf5636b05c06cb47d5f161f950d27b45213cc036890ef6262ebf3,projects/modellearning/logs/run.googleapis.com%2Fstdout,,2024-02-29T20:20:17.898972226Z,sscartquery,northamerica-northeast1,modellearning,sscartquery-00011-jzl,sscartquery,cloud_run_revision,INFO,functions/Logic.java,2024-02-29T20:20:17.673641Z
65e0e6fe0005689cad4742d6,functions/Logic.java,service,cpu:=630000000  rt:=662940565,cloudfunctions,00d087f5e0fb53247b367efd3d5bd3eb6ec2079ea1f90edc419a49866437bf458cfeca444aeaa3b7daf5636b05c06cb47d5f161f950d27b45213cc036890ef6262ebf3,projects/modellearning/logs/run.googleapis.com%2Fstdout,,2024-02-29T20:20:14.568115444Z,sscartquery,northamerica-northeast1,modellearning,sscartquery-00011-jzl,sscartquery,cloud_run_revision,INFO,functions/Logic.java,2024-02-29T20:20:14.354460Z
65e0e6fd000882e14c142c08,functions/Logic.java,service,cpu:=130000000  rt:=150804485,cloudfunctions,00d087f5e0fb53247b367efd3d5bd3eb6ec2079ea1f90edc419a49866437bf458cfeca444aeaa3b7daf5636b05c06cb47d5f161f950d27b45213cc036890ef6262ebf3,projects/modellearning/logs/run.googleapis.com%2Fstdout,,2024-02-29T20:20:13.560799817Z,sscartquery,northamerica-northeast1,modellearning,sscartquery-00011-jzl,sscartquery,cloud_run_revision,INFO,functions/Logic.java,2024-02-29T20:20:13.557793Z